90   
5    

1    
  0.0137685259334866   0.0000000000000000   0.0145061260720741
  -0.0011158104    0.0000086899   -0.0011199694
   0.0000542596    0.0000351999   -0.0001168294
   0.0000342596    0.0000051699   -0.0000981794
  -0.0000351104   -0.0000192701   -0.0001195594
   0.0000098896    0.0000162299   -0.0000955194
   0.0000119496    0.0000000199   -0.0000969694
  -0.0000251404   -0.0000666301   -0.0001288594
   0.0000119096    0.0000000299   -0.0000969894
   0.0000000396    0.0000291499   -0.0000861694
   0.0000082996   -0.0000000501   -0.0000572594
  -0.0000082104   -0.0000107401   -0.0000829894
  -0.0000004704   -0.0000003801   -0.0000902494
   0.0000083496   -0.0000023501   -0.0000838494
  -0.0000050904    0.0000011999   -0.0000893794
   0.0000009896   -0.0000000001   -0.0000848894
   0.0000044496    0.0000147899   -0.0000801794
   0.0000010496    0.0000000199   -0.0000848594
  -0.0000012504   -0.0000025101   -0.0000929794
  -0.0000572304    0.0000220499   -0.0000353494
   0.0000012796    0.0000064399    0.0000736706
   0.0002275896    0.0001418399    0.0002347406
  -0.0000185604   -0.0001651201    0.0001005906
  -0.0000043804    0.0000011699    0.0000781106
   0.0000010096   -0.0000041901    0.0000832306
  -0.0000026504   -0.0000022701    0.0000683106
   0.0000085696   -0.0000042101    0.0000790106
  -0.0000063204    0.0000031199    0.0000806506
   0.0000131296   -0.0000046501    0.0001100006
   0.0000056796    0.0000012099    0.0000906806
  -0.0000151204   -0.0000117101    0.0000832306
   0.0000051196    0.0000163399    0.0000966106
  -0.0000027104    0.0000080699    0.0000892206
  -0.0000042504   -0.0000071201    0.0000877206
   0.0000063196    0.0000003699    0.0000896806
   0.0000084496   -0.0000016001    0.0000916706
  -0.0000166304   -0.0000008801    0.0000884406
   0.0000005096    0.0000477399    0.0000302306
  -0.0000001304    0.0000021299   -0.0000038894
   0.0000023996   -0.0000006001    0.0000028406
   0.0000251496   -0.0000142001    0.0000231806
  -0.0000573804   -0.0000334001    0.0000372506
   0.0000084896   -0.0000030101    0.0000041906
  -0.0000001904   -0.0000050901   -0.0000023994
   0.0000035096   -0.0000015201   -0.0000004994
  -0.0000054604    0.0000079799    0.0000107906
  -0.0000643304   -0.0000448801    0.0000429406
   0.0000386896   -0.0000078501    0.0000595306
   0.0000460796    0.0000122599   -0.0000057994
  -0.0000282604   -0.0000207301   -0.0000031594
   0.0000496196    0.0000658899    0.0000892806
   0.0000045896    0.0000001699    0.0000115606
  -0.0000068204   -0.0000066501    0.0000064606
   0.0000249696   -0.0000042201    0.0000269906
  -0.0000065604    0.0000063799    0.0000167006
   0.0000780596    0.0000001799    0.0004295506
  -0.0000023104   -0.0000123001   -0.0000059094
  -0.0000199904    0.0000025699   -0.0000330194
   0.0000025096    0.0000109899   -0.0000168894
   0.0000025996    0.0000089699   -0.0000219794
  -0.0000025004   -0.0000003401   -0.0000273994
   0.0000119196    0.0000100199   -0.0000033794
  -0.0000039504    0.0000000499   -0.0000276394
  -0.0000059304   -0.0000201601   -0.0000355494
   0.0000060896    0.0000003199   -0.0000444394
   0.0000007996    0.0000010599   -0.0000464294
  -0.0000046604    0.0000103699   -0.0000191094
  -0.0000025604    0.0000024699   -0.0000431294
   0.0000095696   -0.0000036601   -0.0000221494
  -0.0000019204   -0.0000002601   -0.0000321094
   0.0000042096    0.0000003899   -0.0000568794
  -0.0000054704   -0.0000000401   -0.0000318294
   0.0000107696   -0.0000105501   -0.0000084494
   0.0006682296   -0.0003881801    0.0003279306
  -0.0000296504   -0.0000059701    0.0000342806
   0.0001493796    0.0000880999   -0.0000579894
  -0.0000036704    0.0002929099    0.0001319006
  -0.0000103504   -0.0000143701    0.0000333806
   0.0000017896    0.0000071099    0.0000283206
  -0.0000005004    0.0000166199    0.0000385806
  -0.0000115604   -0.0000107101    0.0000297206
   0.0000143296    0.0000068099    0.0000308106
   0.0000077496   -0.0000097101   -0.0000054694
  -0.0000044204   -0.0000004201    0.0000319906
   0.0000034196    0.0000078399    0.0000203406
  -0.0000096304    0.0000022999    0.0000075706
   0.0000058996   -0.0000048501    0.0000338306
   0.0000016796    0.0000069099    0.0000333706
  -0.0000056504   -0.0000009601    0.0000302106
  -0.0000068004    0.0000012599    0.0000336706
   0.0000139996   -0.0000025901    0.0000335506

1    
 -0.0137685259334866   0.0000000000000000  -0.0145061260720741
   0.0010961300    0.0000086299    0.0009561200
  -0.0000539500   -0.0000352901   -0.0000570800
  -0.0000344900   -0.0000052901   -0.0000757400
   0.0000350800    0.0000193899   -0.0000544900
  -0.0000098900   -0.0000161001   -0.0000784200
  -0.0000120200   -0.0000000101   -0.0000771100
   0.0000252200    0.0000664099   -0.0000451600
  -0.0000118700   -0.0000000101   -0.0000771100
  -0.0000001300   -0.0000292301   -0.0000877300
  -0.0000082400   -0.0000000001   -0.0001176200
   0.0000081700    0.0000108799   -0.0000921300
   0.0000005200    0.0000004699   -0.0000849200
  -0.0000084400    0.0000022999   -0.0000913500
   0.0000051900   -0.0000013101   -0.0000856900
  -0.0000009700   -0.0000000001   -0.0000902200
  -0.0000045700   -0.0000148301   -0.0000949500
  -0.0000010800   -0.0000000201   -0.0000902400
   0.0000014100    0.0000025299   -0.0000820900
   0.0000562400   -0.0000214501    0.0002108500
  -0.0000012000   -0.0000064801    0.0001015300
  -0.0002325200   -0.0001456601   -0.0000633800
   0.0000194300    0.0001659599    0.0000746100
   0.0000042800   -0.0000010201    0.0000969300
  -0.0000011200    0.0000041699    0.0000918300
   0.0000027900    0.0000022799    0.0001067900
  -0.0000085100    0.0000041999    0.0000962000
   0.0000061000   -0.0000031301    0.0000943800
  -0.0000131500    0.0000046999    0.0000640600
  -0.0000056800   -0.0000011301    0.0000833400
   0.0000151100    0.0000116899    0.0000908700
  -0.0000050700   -0.0000163101    0.0000774600
   0.0000026300   -0.0000080901    0.0000847400
   0.0000042900    0.0000071299    0.0000863100
  -0.0000063700   -0.0000004201    0.0000843700
  -0.0000084100    0.0000015599    0.0000823000
   0.0000166500    0.0000009599    0.0000855200
  -0.0000006300   -0.0000476301   -0.0000304400
   0.0000003000   -0.0000022201    0.0000037800
  -0.0000024700    0.0000006499   -0.0000029100
  -0.0000251500    0.0000141499   -0.0000233400
   0.0000574500    0.0000335299   -0.0000376000
  -0.0000082800    0.0000030099   -0.0000043200
   0.0000002600    0.0000049299    0.0000022700
  -0.0000035700    0.0000016199    0.0000004400
   0.0000054800   -0.0000079401   -0.0000109100
   0.0000641100    0.0000445499   -0.0000428100
  -0.0000392100    0.0000082799   -0.0000601500
  -0.0000461200   -0.0000121701    0.0000054500
   0.0000283200    0.0000207299    0.0000028100
  -0.0000487400   -0.0000650901   -0.0000881900
  -0.0000045100   -0.0000003201   -0.0000116100
   0.0000069800    0.0000066499   -0.0000065300
  -0.0000249600    0.0000040899   -0.0000272400
   0.0000064500   -0.0000063101   -0.0000166700
  -0.0000773400   -0.0000003101   -0.0005051700
   0.0000027500    0.0000115099   -0.0000550400
   0.0000199900   -0.0000024701   -0.0000285700
  -0.0000027900   -0.0000109601   -0.0000439400
  -0.0000032600   -0.0000087201   -0.0000393300
   0.0000032700    0.0000000399   -0.0000341500
  -0.0000112400   -0.0000101001   -0.0000572600
   0.0000035900    0.0000001699   -0.0000336900
   0.0000054900    0.0000206699   -0.0000261300
  -0.0000062800   -0.0000001101   -0.0000174800
  -0.0000007100   -0.0000015101   -0.0000148400
   0.0000046700   -0.0000107101   -0.0000424300
   0.0000028000   -0.0000025601   -0.0000181000
  -0.0000101100    0.0000038499   -0.0000389300
   0.0000021100    0.0000000299   -0.0000288800
  -0.0000038000   -0.0000001901   -0.0000045100
   0.0000052300    0.0000001099   -0.0000296200
  -0.0000113300    0.0000109399   -0.0000528700
  -0.0006451600    0.0003726199   -0.0002578600
   0.0000299900    0.0000058499    0.0000270800
  -0.0001483600   -0.0000873901    0.0001202900
   0.0000016000   -0.0002930601   -0.0000718600
   0.0000106900    0.0000140599    0.0000279200
  -0.0000010000   -0.0000075401    0.0000324800
   0.0000006800   -0.0000171101    0.0000223800
   0.0000110300    0.0000113099    0.0000317500
  -0.0000137900   -0.0000065601    0.0000302500
  -0.0000069800    0.0000092299    0.0000666900
   0.0000051700    0.0000001699    0.0000294200
  -0.0000045100   -0.0000078301    0.0000411300
   0.0000090700   -0.0000016601    0.0000537600
  -0.0000053200    0.0000049999    0.0000273900
  -0.0000018100   -0.0000071001    0.0000284300
   0.0000059900    0.0000007899    0.0000311500
   0.0000064800   -0.0000005801    0.0000277200
  -0.0000140800    0.0000021399    0.0000280100

37   
  0.0137685259334866   0.0000000000000000   0.0145061260720741
   0.0000006201   -0.0000085299   -0.0000566799
   0.0000045501    0.0000006401   -0.0000862199
  -0.0000023599    0.0000034501   -0.0000886999
  -0.0000097499   -0.0000104499   -0.0000801899
   0.0000040701    0.0000024501   -0.0000851999
   0.0000035201   -0.0000040099   -0.0000874399
  -0.0000234899    0.0000138901   -0.0000174099
   0.0000083401    0.0000079101   -0.0000827599
  -0.0000086599   -0.0000053899   -0.0000959099
  -0.0000639799   -0.0000555699   -0.0000445899
   0.0000079701   -0.0000096899   -0.0000569399
   0.0000770601   -0.0000301099   -0.0000638299
  -0.0000121499   -0.0000096699   -0.0000760899
  -0.0000012199    0.0000033101   -0.0000757199
   0.0000248401    0.0000398501   -0.0000604599
  -0.0000379699   -0.0000151899   -0.0000812099
   0.0000045501    0.0000062101   -0.0000759199
   0.0000583801    0.0000704701   -0.0000083999
   0.0000591401    0.0000714701    0.0001678301
   0.0000044701    0.0000061801    0.0000992101
  -0.0000377199   -0.0000152799    0.0000936201
   0.0000251001    0.0000396601    0.0001147901
  -0.0000014599    0.0000033801    0.0000993801
  -0.0000120499   -0.0000095799    0.0000989801
   0.0000768801   -0.0000298599    0.0001113701
   0.0000081301   -0.0000097799    0.0001181201
  -0.0000644299   -0.0000558899    0.0001305401
  -0.0000086599   -0.0000052699    0.0000782901
   0.0000083901    0.0000080801    0.0000913901
  -0.0000237099    0.0000141101    0.0001565401
   0.0000034801   -0.0000040999    0.0000865801
   0.0000040601    0.0000024501    0.0000888601
  -0.0000097399   -0.0000105099    0.0000938301
  -0.0000024599    0.0000033501    0.0000853301
   0.0000046001    0.0000005601    0.0000878501
   0.0000006001   -0.0000087499    0.0001174301
  -0.0005440799    0.0000000701   -0.0004747399
   0.0000452901    0.0000365601   -0.0000635199
   0.0000449301    0.0000364601   -0.0000632999
  -0.0000395999   -0.0000487799   -0.0000933499
   0.0000237701    0.0000123101   -0.0000333899
   0.0000107501   -0.0000000699   -0.0000245199
  -0.0000395099   -0.0000489699   -0.0000935399
   0.0000107601    0.0000000901   -0.0000244599
   0.0000237001    0.0000123801   -0.0000333699
  -0.0000056999   -0.0000000299    0.0000088201
   0.0000029401    0.0000053501    0.0000109201
   0.0000028401    0.0000053701    0.0000109001
  -0.0000111899   -0.0000081099    0.0000064801
  -0.0000017799    0.0000027401    0.0000153301
   0.0000225901   -0.0000000399    0.0000165101
  -0.0000111099   -0.0000080799    0.0000064901
   0.0000225601    0.0000000601    0.0000164401
  -0.0000018599    0.0000027001    0.0000153101
  -0.0000023899    0.0000812901    0.0000194301
  -0.0000128599   -0.0000103899   -0.0000291499
  -0.0000005999    0.0000020901   -0.0000182999
   0.0000039101    0.0000176701   -0.0000305599
  -0.0000107099   -0.0000087799   -0.0000302299
   0.0000042301    0.0000075801   -0.0000238299
   0.0002080901   -0.0001215099    0.0001065401
  -0.0000260799   -0.0000079699   -0.0000305199
   0.0000623001    0.0000373001   -0.0000643799
   0.0000255701    0.0000082301   -0.0000449799
  -0.0000186299   -0.0000087899   -0.0000235399
  -0.0000421399    0.0000208601   -0.0000801399
   0.0000115501    0.0000109101   -0.0000394599
  -0.0000041799   -0.0000011899   -0.0000319799
  -0.0000046399   -0.0000132499   -0.0000516799
   0.0000112901    0.0000086001   -0.0000376299
  -0.0000067799   -0.0000087799   -0.0000358099
  -0.0000043199   -0.0000168899   -0.0000524599
  -0.0000034699   -0.0000173399    0.0000085801
  -0.0000063899   -0.0000091199    0.0000251401
   0.0000103701    0.0000082701    0.0000231201
  -0.0000047299   -0.0000129699    0.0000092401
  -0.0000034799   -0.0000014699    0.0000288701
   0.0000112901    0.0000101901    0.0000210401
  -0.0000415199    0.0000216801   -0.0000185499
  -0.0000188799   -0.0000075999    0.0000377001
   0.0000257301    0.0000086001    0.0000156801
   0.0000616401    0.0000362801   -0.0000022799
  -0.0000261199   -0.0000088199    0.0000319901
   0.0001959801   -0.0001146499    0.0001605101
   0.0000039601    0.0000079501    0.0000379201
  -0.0000104499   -0.0000092199    0.0000319001
   0.0000038801    0.0000176001    0.0000315401
  -0.0000000799    0.0000029901    0.0000433001
  -0.0000137399   -0.0000095399    0.0000328501
  -0.0000018499    0.0000803801    0.0000808401

55   
  0.0137685259334866   0.0000000000000000   0.0145061260720741
   0.0000767194    0.0000002403    0.0003880500
  -0.0000252506   -0.0000179697   -0.0000835500
   0.0000024694   -0.0000045097   -0.0000677200
   0.0000199994   -0.0000055297   -0.0000675900
  -0.0000133606   -0.0000073497   -0.0000836300
  -0.0000046406    0.0000000603   -0.0000838400
   0.0000053194    0.0000332803   -0.0000754700
  -0.0000023306    0.0000000103   -0.0000829700
  -0.0000001606    0.0000019703   -0.0000756900
   0.0000061294   -0.0000000897   -0.0001008300
   0.0000126194    0.0000208503   -0.0000923300
  -0.0000165706    0.0000213803   -0.0000866000
  -0.0000184406    0.0000030403   -0.0000926800
   0.0000328894    0.0000011203   -0.0000862500
  -0.0000049606    0.0000000603   -0.0000884500
  -0.0000073806   -0.0000156097   -0.0000955400
  -0.0000023406    0.0000000403   -0.0000893400
   0.0000147694   -0.0000308397   -0.0000833800
   0.0006153494   -0.0003580197    0.0004352600
  -0.0000297806   -0.0000051397    0.0000915000
   0.0002022594    0.0001177303   -0.0000508400
  -0.0000031906    0.0002322103    0.0001891000
  -0.0000017306   -0.0000090197    0.0000829800
  -0.0000073906    0.0000123703    0.0000934700
  -0.0000013806    0.0000163903    0.0000965600
  -0.0000102406   -0.0000112897    0.0000865100
   0.0000139594   -0.0000032997    0.0000881700
  -0.0000073506   -0.0000010397    0.0000647700
  -0.0000052906    0.0000017203    0.0000876800
   0.0000191994    0.0000162303    0.0000619200
  -0.0000090106   -0.0000152697    0.0000633800
   0.0000039394   -0.0000058997    0.0000906500
   0.0000033894    0.0000063903    0.0000879000
  -0.0000079206   -0.0000014997    0.0000882700
  -0.0000048006   -0.0000002697    0.0000870600
   0.0000143094   -0.0000003197    0.0000892200
  -0.0000021006    0.0001012703    0.0000504900
  -0.0000015206    0.0000031303    0.0000132000
  -0.0000119906   -0.0000090397    0.0000012000
   0.0002139294   -0.0001243397    0.0001132400
   0.0000425994    0.0000262103   -0.0000158100
  -0.0000258506    0.0000002603    0.0000011300
  -0.0000034706    0.0000128603    0.0000076100
   0.0000037794    0.0000059803    0.0000072100
  -0.0000029406   -0.0000132797   -0.0000054700
   0.0000259794    0.0000089203   -0.0000147500
  -0.0000599606    0.0000321103   -0.0000318400
  -0.0000008906    0.0000020703   -0.0000103900
   0.0000115094    0.0000084003   -0.0000076800
  -0.0000038806   -0.0000171997   -0.0000218400
  -0.0000072106    0.0000044803   -0.0000055000
  -0.0000002306    0.0000039503    0.0000021000
  -0.0000044106   -0.0000342397   -0.0000211300
   0.0000074894   -0.0000085597   -0.0000130600
  -0.0013992806    0.0000052803   -0.0013252700
   0.0001331494    0.0000114903   -0.0000481200
   0.0001392594    0.0000148003   -0.0000530400
   0.0000067094   -0.0000807897   -0.0000625800
   0.0000253994    0.0000613803   -0.0000387400
  -0.0000044906   -0.0000005097   -0.0000279500
   0.0000032894   -0.0000711697   -0.0000600200
  -0.0000049606    0.0000001003   -0.0000279000
   0.0000287094    0.0000642403   -0.0000411000
  -0.0000042406    0.0000005003   -0.0000223100
   0.0000002694    0.0000036403   -0.0000034900
   0.0000150794   -0.0000115497   -0.0000168900
   0.0000027794   -0.0000043097   -0.0000103200
  -0.0000123606   -0.0000052697   -0.0000099300
   0.0000017294   -0.0000006097   -0.0000337800
  -0.0000045906   -0.0000061097   -0.0000036300
   0.0000015494    0.0000000503   -0.0000339500
  -0.0000048606    0.0000235103   -0.0000166600
   0.0001073594   -0.0000700497    0.0001469200
   0.0000085894    0.0000084603    0.0000253700
  -0.0000183706   -0.0000014297    0.0000268200
  -0.0000149606    0.0000724203    0.0000870300
   0.0000059494    0.0000071403    0.0000390200
  -0.0000005906   -0.0000040997    0.0000312200
  -0.0000058506   -0.0000085797    0.0000183300
   0.0000077194    0.0000002903    0.0000324300
  -0.0000070606   -0.0000039497    0.0000349100
  -0.0000455006    0.0000017003    0.0000807300
  -0.0000028406   -0.0000066897    0.0000299200
   0.0000387894    0.0000481903    0.0001602700
  -0.0000435106   -0.0000489997    0.0001206700
  -0.0000010406    0.0000034603    0.0000358800
   0.0000002794   -0.0000049497    0.0000360700
   0.0000137494    0.0000093103    0.0000354400
   0.0000011794   -0.0000025697    0.0000243400
  -0.0000076606    0.0000005503    0.0000358500

55   
 -0.0137685259334866   0.0000000000000000  -0.0145061260720741
  -0.0000789896    0.0000002498   -0.0005464302
   0.0000255404    0.0000179198   -0.0000899502
  -0.0000028496    0.0000044098   -0.0001060102
  -0.0000200296    0.0000058098   -0.0001059402
   0.0000134904    0.0000075398   -0.0000900102
   0.0000046104    0.0000000198   -0.0000896402
  -0.0000051796   -0.0000334402   -0.0000978802
   0.0000023504    0.0000000398   -0.0000906802
   0.0000000504   -0.0000022502   -0.0000980102
  -0.0000059696   -0.0000000502   -0.0000741602
  -0.0000124896   -0.0000209502   -0.0000823302
   0.0000163404   -0.0000214202   -0.0000880502
   0.0000182604   -0.0000029002   -0.0000819702
  -0.0000327996   -0.0000009502   -0.0000884102
   0.0000050104    0.0000000198   -0.0000861402
   0.0000073904    0.0000154798   -0.0000790902
   0.0000024204    0.0000000598   -0.0000853002
  -0.0000148096    0.0000306898   -0.0000912602
  -0.0005922796    0.0003426298   -0.0002516802
   0.0000299404    0.0000051798    0.0000833998
  -0.0002007496   -0.0001182802    0.0002272098
   0.0000026404   -0.0002322302   -0.0000153002
   0.0000018204    0.0000092998    0.0000919998
   0.0000070904   -0.0000122902    0.0000815098
   0.0000016404   -0.0000163202    0.0000786198
   0.0000105904    0.0000111998    0.0000882798
  -0.0000142296    0.0000030498    0.0000866998
   0.0000073604    0.0000009598    0.0001092698
   0.0000052704   -0.0000016502    0.0000861298
  -0.0000192396   -0.0000164202    0.0001118698
   0.0000090904    0.0000153898    0.0001105798
  -0.0000038296    0.0000060798    0.0000832398
  -0.0000035496   -0.0000061302    0.0000859898
   0.0000076804    0.0000014298    0.0000855398
   0.0000049504    0.0000002298    0.0000867698
  -0.0000142696    0.0000001698    0.0000845798
   0.0000026204   -0.0001025002   -0.0000504502
   0.0000016204   -0.0000029902   -0.0000132102
   0.0000120104    0.0000090698   -0.0000010602
  -0.0002259396    0.0001323998   -0.0001206402
  -0.0000442296   -0.0000266202    0.0000161298
   0.0000258804   -0.0000004302   -0.0000010002
   0.0000033904   -0.0000130202   -0.0000078402
  -0.0000036396   -0.0000060402   -0.0000071202
   0.0000026904    0.0000133598    0.0000057098
  -0.0000259696   -0.0000086702    0.0000149398
   0.0000599804   -0.0000320402    0.0000319698
   0.0000008404   -0.0000020802    0.0000105798
  -0.0000112996   -0.0000084102    0.0000077998
   0.0000037204    0.0000172098    0.0000220198
   0.0000071804   -0.0000046302    0.0000056498
   0.0000003904   -0.0000039702   -0.0000019402
   0.0000044604    0.0000340298    0.0000212398
  -0.0000077096    0.0000085498    0.0000132698
   0.0013905904    0.0000049698    0.0012468698
  -0.0001344496   -0.0000115702   -0.0000144502
  -0.0001387296   -0.0000148802   -0.0000089602
  -0.0000051696    0.0000790298    0.0000006098
  -0.0000268796   -0.0000627602   -0.0000240602
   0.0000047504   -0.0000003302   -0.0000341302
  -0.0000036496    0.0000731398   -0.0000020902
   0.0000050204   -0.0000001402   -0.0000345002
  -0.0000290896   -0.0000632702   -0.0000212302
   0.0000040504    0.0000004198   -0.0000406402
  -0.0000012396   -0.0000038502   -0.0000593302
  -0.0000141796    0.0000110898   -0.0000458502
  -0.0000011296    0.0000031898   -0.0000523202
   0.0000108904    0.0000042598   -0.0000528902
  -0.0000018796   -0.0000002502   -0.0000288102
   0.0000050304    0.0000075098   -0.0000589802
  -0.0000013796   -0.0000001802   -0.0000287002
   0.0000041104   -0.0000222802   -0.0000461102
  -0.0001075196    0.0000707398   -0.0000837702
  -0.0000082496   -0.0000085202    0.0000369598
   0.0000190304    0.0000029898    0.0000347198
   0.0000143604   -0.0000729002   -0.0000243802
  -0.0000071596   -0.0000083002    0.0000233398
   0.0000022804    0.0000027798    0.0000302698
   0.0000067804    0.0000083298    0.0000438398
  -0.0000086896   -0.0000001202    0.0000298998
   0.0000071504    0.0000051198    0.0000267098
   0.0000453304   -0.0000001102   -0.0000183902
   0.0000029904    0.0000065598    0.0000320498
  -0.0000389296   -0.0000477202   -0.0000993102
   0.0000443004    0.0000485898   -0.0000585902
  -0.0000004496   -0.0000046902    0.0000262798
   0.0000011404    0.0000035898    0.0000261898
  -0.0000127396   -0.0000093902    0.0000266498
  -0.0000020996    0.0000025798    0.0000374898
   0.0000075304    0.0000005898    0.0000261298
