!    ibrav = 0, nat = 90, ntyp = 2
CELL_PARAMETERS bohr
   26.1026012821709728    0.0000000000000000    0.0000000000000000
  -13.0513006439200741   22.6055158162101968    0.0000000000000000
    0.0000000000000000    0.0000000000000000   27.5009559365640328
ATOMIC_SPECIES
 Mg   24.30500   Mg.UPF
 Bi  208.98040   Bi.UPF
ATOMIC_POSITIONS crystal
 Mg   0.1111111100316183  0.2222222233451924  0.3142097240202834
 Mg   0.4444444433649516  0.2222222233451924  0.3142097240202834
 Mg   0.7777777766982850  0.2222222233451924  0.3142097240202834
 Mg   0.1111111100316183  0.5555555566785257  0.3142097240202834
 Mg   0.4444444433649516  0.5555555566785257  0.3142097240202834
 Mg   0.7777777766982850  0.5555555566785257  0.3142097240202834
 Mg   0.1111111100316183  0.8888888900118591  0.3142097240202834
 Mg   0.4444444433649516  0.8888888900118591  0.3142097240202834
 Mg   0.7777777766982850  0.8888888900118591  0.3142097240202834
 Mg   0.1111111100316183  0.2222222233451924  0.8142097240202834
 Mg   0.4444444433649516  0.2222222233451924  0.8142097240202834
 Mg   0.7777777766982850  0.2222222233451924  0.8142097240202834
 Mg   0.1111111100316183  0.5555555566785257  0.8142097240202834
 Mg   0.4444444433649516  0.5555555566785257  0.8142097240202834
 Mg   0.7777777766982850  0.5555555566785257  0.8142097240202834
 Mg   0.1111111100316183  0.8888888900118591  0.8142097240202834
 Mg   0.4444444433649516  0.8888888900118591  0.8142097240202834
 Mg   0.7777777766982850  0.8888888900118591  0.8142097240202834
 Mg   0.2222222233679915  0.1111111100048600  0.1857902760003311
 Mg   0.5555555567013248  0.1111111100048600  0.1857902760003311
 Mg   0.8888888900346581  0.1111111100048600  0.1857902760003311
 Mg   0.2222222233679915  0.4444444433381934  0.1857902760003311
 Mg   0.5555555567013248  0.4444444433381934  0.1857902760003311
 Mg   0.8888888900346581  0.4444444433381934  0.1857902760003311
 Mg   0.2222222233679915  0.7777777766715267  0.1857902760003311
 Mg   0.5555555567013248  0.7777777766715267  0.1857902760003311
 Mg   0.8888888900346581  0.7777777766715267  0.1857902760003311
 Mg   0.2222222233679915  0.1111111100048600  0.6857902760003310
 Mg   0.5555555567013248  0.1111111100048600  0.6857902760003310
 Mg   0.8888888900346581  0.1111111100048600  0.6857902760003310
 Mg   0.2222222233679915  0.4444444433381934  0.6857902760003310
 Mg   0.5555555567013248  0.4444444433381934  0.6857902760003310
 Mg   0.8888888900346581  0.4444444433381934  0.6857902760003310
 Mg   0.2222222233679915  0.7777777766715267  0.6857902760003310
 Mg   0.5555555567013248  0.7777777766715267  0.6857902760003310
 Mg   0.8888888900346581  0.7777777766715267  0.6857902760003310
 Mg   0.0000000000000000  0.0000000000000000  0.0000000000000000
 Mg   0.3333333333333333  0.0000000000000000  0.0000000000000000
 Mg   0.6666666666666666  0.0000000000000000  0.0000000000000000
 Mg   0.0000000000000000  0.3333333333333333  0.0000000000000000
 Mg   0.3333333333333333  0.3333333333333333  0.0000000000000000
 Mg   0.6666666666666666  0.3333333333333333  0.0000000000000000
 Mg   0.0000000000000000  0.6666666666666666  0.0000000000000000
 Mg   0.3333333333333333  0.6666666666666666  0.0000000000000000
 Mg   0.6666666666666666  0.6666666666666666  0.0000000000000000
 Mg   0.0000000000000000  0.0000000000000000  0.5000000000000000
 Mg   0.3333333333333333  0.0000000000000000  0.5000000000000000
 Mg   0.6666666666666666  0.0000000000000000  0.5000000000000000
 Mg   0.0000000000000000  0.3333333333333333  0.5000000000000000
 Mg   0.3333333333333333  0.3333333333333333  0.5000000000000000
 Mg   0.6666666666666666  0.3333333333333333  0.5000000000000000
 Mg   0.0000000000000000  0.6666666666666666  0.5000000000000000
 Mg   0.3333333333333333  0.6666666666666666  0.5000000000000000
 Mg   0.6666666666666666  0.6666666666666666  0.5000000000000000
 Bi   0.1111111100316183  0.2222222233451924  0.1098399694569193
 Bi   0.4444444433649516  0.2222222233451924  0.1098399694569193
 Bi   0.7777777766982850  0.2222222233451924  0.1098399694569193
 Bi   0.1111111100316183  0.5555555566785257  0.1098399694569193
 Bi   0.4444444433649516  0.5555555566785257  0.1098399694569193
 Bi   0.7777777766982850  0.5555555566785257  0.1098399694569193
 Bi   0.1111111100316183  0.8888888900118591  0.1098399694569193
 Bi   0.4444444433649516  0.8888888900118591  0.1098399694569193
 Bi   0.7777777766982850  0.8888888900118591  0.1098399694569193
 Bi   0.1111111100316183  0.2222222233451924  0.6098399694569193
 Bi   0.4444444433649516  0.2222222233451924  0.6098399694569193
 Bi   0.7777777766982850  0.2222222233451924  0.6098399694569193
 Bi   0.1111111100316183  0.5555555566785257  0.6098399694569193
 Bi   0.4444444433649516  0.5555555566785257  0.6098399694569193
 Bi   0.7777777766982850  0.5555555566785257  0.6098399694569193
 Bi   0.1111111100316183  0.8888888900118591  0.6098399694569193
 Bi   0.4444444433649516  0.8888888900118591  0.6098399694569193
 Bi   0.7777777766982850  0.8888888900118591  0.6098399694569193
 Bi   0.2222222233679915  0.1111111100048600  0.3901600305636952
 Bi   0.5555555567013248  0.1111111100048600  0.3901600305636952
 Bi   0.8888888900346581  0.1111111100048600  0.3901600305636952
 Bi   0.2222222233679915  0.4444444433381934  0.3901600305636952
 Bi   0.5555555567013248  0.4444444433381934  0.3901600305636952
 Bi   0.8888888900346581  0.4444444433381934  0.3901600305636952
 Bi   0.2222222233679915  0.7777777766715267  0.3901600305636952
 Bi   0.5555555567013248  0.7777777766715267  0.3901600305636952
 Bi   0.8888888900346581  0.7777777766715267  0.3901600305636952
 Bi   0.2222222233679915  0.1111111100048600  0.8901600305636952
 Bi   0.5555555567013248  0.1111111100048600  0.8901600305636952
 Bi   0.8888888900346581  0.1111111100048600  0.8901600305636952
 Bi   0.2222222233679915  0.4444444433381934  0.8901600305636952
 Bi   0.5555555567013248  0.4444444433381934  0.8901600305636952
 Bi   0.8888888900346581  0.4444444433381934  0.8901600305636952
 Bi   0.2222222233679915  0.7777777766715267  0.8901600305636952
 Bi   0.5555555567013248  0.7777777766715267  0.8901600305636952
 Bi   0.8888888900346581  0.7777777766715267  0.8901600305636952
