nep4_zbl 2 Mg Bi 
zbl 1.25 2.5
cutoff 7 4 81 16
n_max 6 6
basis_size 8 8
l_max 4 2 0
ANN 50 0
 -1.7108013e-01
 -4.4492329e-03
  1.7279875e-03
  1.3709100e-03
 -3.9613331e-03
  1.6653860e-03
 -3.2887175e-03
 -1.3886342e-03
  2.6756069e-03
 -4.2278328e-04
  9.7870203e-03
  1.5103915e-02
  7.7776867e-03
 -1.6163988e-02
  9.0803276e-04
  3.2788003e-03
  6.1545125e-03
  4.9293474e-03
  1.4294884e-03
  2.0341454e-03
  1.7470216e-02
 -3.2834837e-03
  3.4833199e-03
  2.2157719e-03
  2.0645184e-03
  2.4868157e-03
 -8.2037244e-03
  1.7616300e-02
  5.8383341e-03
  8.7739580e-04
 -5.6955719e-04
  7.3609889e-02
 -4.6609454e-03
  8.8896472e-03
  8.9576403e-03
 -2.1337864e-03
  7.1557246e-05
 -1.0672694e-02
  3.1868420e-03
 -5.3425808e-04
 -2.5639464e-03
 -1.4350071e-03
 -5.3841923e-03
 -8.7574702e-03
  1.6640724e-01
 -5.6296601e-03
  9.6026383e-02
  8.7269960e-04
  2.8506527e-03
 -2.5921714e-04
  3.1621240e-03
  2.5336575e-03
  4.6486263e-03
 -1.4927265e-02
 -3.0163927e-03
 -1.2737261e-04
 -3.2392694e-03
 -9.1220462e-04
  7.9563388e-04
  1.2072233e-03
  3.5020842e-03
  3.2019094e-03
 -2.1221775e-01
  5.6233606e-03
  2.7968739e-03
  1.5823754e-04
  9.7269955e-04
 -4.3745884e-05
 -8.5676834e-03
 -1.1629923e-03
 -1.6132443e-03
 -6.9138822e-03
 -7.2809868e-03
  4.0121381e-03
  4.6082735e-03
 -4.5718797e-03
  1.7719459e-03
 -2.1498473e-03
  2.9438913e-03
  4.7706366e-03
  6.8687089e-03
  1.7579665e-02
 -3.5198801e-03
  1.0132999e-02
 -2.8785435e-03
 -6.2068305e-03
  1.1818325e-03
  2.1016905e-03
 -7.9045137e-03
 -8.9511037e-04
 -4.5274734e-03
  1.3136942e-02
  8.5624019e-03
 -6.2655727e-04
 -8.7569524e-03
  2.9527710e-03
 -4.1682618e-03
 -1.0308245e-02
 -1.3773775e-04
 -2.0434351e-03
 -5.6086769e-06
 -2.2980424e-03
 -6.0655270e-03
  9.5581887e-03
  8.2590692e-03
 -8.0311336e-03
  1.0508648e-02
 -1.5731166e-04
  7.7923702e-04
  2.2759754e-03
  3.0295103e-04
  6.0389715e-04
  1.0124275e-02
  4.6475267e-04
  4.7102994e-03
 -1.3335582e-02
 -9.0842210e-03
  4.5263539e-03
 -7.5277383e-03
  2.4401611e-03
  3.0803596e-04
  3.2557983e-02
  4.0921494e-03
  2.0986392e-04
  9.8441867e-03
  7.3107751e-04
  1.3987616e+00
 -8.1270505e-03
 -5.7729697e-01
  5.8764063e-02
 -1.9096653e-01
  8.1560068e-04
  4.5036790e-01
  4.7792634e-03
  1.2606133e-02
 -4.9201651e-03
 -9.8628685e-02
  1.9176250e-02
 -3.0113664e-04
 -5.6014341e-01
  6.5971003e-03
  9.6023474e-03
 -1.6655354e-03
  1.1932679e-01
  5.8797456e-02
  3.7430865e-03
 -3.6817227e-02
  5.2822391e-03
  1.1131644e-03
 -1.5182184e-02
 -2.8120272e-03
  5.9355700e-01
  6.5698882e-04
 -3.4351335e-03
  7.6766140e-03
 -2.8043906e-03
  6.8289373e-04
 -3.9949524e-04
  6.1306945e-04
  2.4318139e-03
 -3.0318913e-03
 -9.0239355e-03
  8.8378822e-04
  7.1325647e-03
 -3.2760801e-03
  3.7104456e-04
  3.0751189e-03
  9.9179521e-04
  5.7981457e-03
  2.7945470e-03
 -5.8627743e-03
  2.7591820e-04
 -8.8776965e-03
  3.4977670e-04
  3.1303597e-04
 -6.1790617e-03
 -8.1977397e-03
 -9.7094837e-04
  2.8496084e-03
  1.8406941e-03
  1.2259706e-03
 -2.0767860e-03
 -2.1891030e-03
 -1.2244460e-03
  7.2643466e-05
 -2.0894322e-03
 -7.2891242e-03
 -2.2469715e-03
 -3.6169225e-03
  1.1243812e-03
 -1.3005847e-05
  1.9005731e-02
 -2.2432592e-03
  1.2119461e-03
 -1.0919761e-02
 -3.2610113e-03
 -5.6787347e-03
  9.4899483e-04
 -5.0646989e-03
  1.0809941e-04
 -8.7012891e-03
 -1.2025752e-03
  2.3434516e-03
  1.5178448e-02
  1.0242414e-04
 -3.0127838e-03
 -2.1594618e-03
 -2.0665731e-03
  3.8507245e-03
 -1.4832671e-03
  1.5701691e-04
  7.2902367e-02
 -1.8849794e-02
  7.1055897e-02
 -2.6712459e-02
 -5.4550017e-03
  1.4710726e-01
  2.5947904e-03
  1.0405329e-02
 -3.7791478e-04
 -8.3709921e-04
  4.8672974e-02
  1.3738051e-03
 -1.9376317e-01
  3.8862677e-04
  1.4242789e-02
  4.6316814e-02
 -2.8316226e-05
  7.6161809e-02
  8.1672426e-03
  2.9298376e-02
 -5.3539826e-03
  1.8227525e-03
 -4.4046938e-03
  4.7642665e-04
 -4.3042083e-03
 -4.4517247e-03
  1.8837830e-03
  1.4690489e-05
 -2.1502010e-03
  7.6768924e-03
  2.3243710e-02
 -1.0107180e-01
 -9.9436268e-03
  2.3781897e-04
 -7.8452155e-03
 -1.0644777e-03
  3.9508220e-04
  3.2141877e-03
 -4.5413684e-04
 -4.6204841e-05
  1.5394123e-03
 -9.2308223e-02
 -2.7096032e-03
  1.0974123e-03
 -2.1749903e-03
  2.8465521e-01
 -1.0343625e-02
  2.2860086e-03
 -1.9338178e-03
 -1.7603383e-03
 -3.3489119e-03
 -7.3668347e-03
 -3.4592578e-03
 -1.9245194e-03
 -1.9850275e-02
 -1.3605529e-03
  1.3800997e-03
  3.4062639e-03
  1.5021893e-04
 -8.2905572e-03
 -5.9773396e-03
 -1.7669168e-03
  3.3139833e-03
  9.3394071e-03
  1.7759184e-03
  1.0938714e-03
  4.6561836e-04
 -5.0693294e-03
  1.3287874e-03
 -4.8228973e-03
  5.8250255e-03
 -3.6912421e-03
 -2.0225940e-02
 -1.4840777e-04
  1.7301593e-03
 -1.0120316e-03
  8.8098145e-04
 -2.9308281e-03
  2.8238825e-03
  3.5714051e-03
  3.7977940e-03
 -1.4633801e-03
 -3.6819282e-03
  6.3140619e-01
  8.2673413e-01
  9.2481114e-03
  1.5312327e+00
  1.1054524e+00
 -3.7688392e-01
 -1.2729629e-02
  3.5945818e-01
  1.9823948e-01
  5.8680063e-01
 -3.2838866e-01
 -1.5787676e-01
  7.8939041e-03
  1.9218183e+00
  2.3354784e-01
  2.5654319e-01
  3.0123273e-01
  7.7013269e-02
 -5.7009906e-01
 -1.0568597e-03
  1.1418968e+00
 -4.2788271e-04
  9.2566498e-02
 -2.0338206e-01
  1.0384189e-01
 -3.4001282e-01
  6.4996528e-03
  5.8502519e-01
  7.8474544e-03
  1.7329490e-02
 -3.7810991e-03
 -8.0387611e-03
 -1.1361949e+00
 -1.3452369e-03
  1.1443685e-01
 -4.0232226e-02
  5.5243452e-03
 -1.2930411e-02
 -1.0944616e-02
  4.2420594e-04
 -8.0361934e-03
  4.8344961e-01
  1.3258159e-01
 -5.7496800e-04
 -2.1969953e-03
 -1.1583587e-02
  1.0921587e-03
 -6.8892455e-03
  2.1427863e-03
  3.2524047e-03
  9.5919715e-03
 -3.0048401e-03
 -7.4611912e-03
 -4.2741071e-03
  5.2928942e-04
 -1.6455363e-03
  3.1456547e-03
  6.3966407e-04
 -4.1013011e-03
  1.1226260e-03
  1.7744724e-02
  2.6724027e-03
  6.9346541e-04
  3.9372379e-03
  6.5314393e-03
  2.6678590e-03
  5.6379428e-03
  3.1628036e-03
  1.4871074e-03
  3.8794857e-03
 -2.1299317e-03
 -1.2916205e-02
 -4.9803420e-03
  1.1765658e-03
 -1.2544160e-03
 -9.8422880e-04
  4.3578586e-03
 -5.5049770e-03
 -1.2007002e-03
 -1.7060805e-03
 -3.7040288e-04
 -8.6695924e-03
 -4.7602500e-03
  1.9962571e-03
  7.9909945e-03
  4.9322871e-03
 -2.7110089e-05
 -2.6370883e-03
 -4.2068362e-01
 -5.3614611e-04
  4.6858992e-03
 -2.8468007e-03
 -6.1405664e-03
 -5.4134866e-03
 -1.0216909e-02
  4.6402700e-03
 -2.9806828e-03
 -5.8102384e-03
  8.8776543e-04
  3.1646318e-03
 -6.5494315e-03
 -2.5068494e-03
 -2.6113295e-04
 -1.7102632e-03
 -2.7129785e-03
 -2.1443432e-03
 -2.4988367e-03
 -2.4395953e-03
  2.0674109e-02
 -4.1485014e-03
 -6.0804687e-03
  1.4226126e-03
 -4.7833524e-03
  5.8420305e-03
  2.4161446e-03
  1.0370551e-02
 -4.8119649e-03
  1.2652769e-03
 -3.3973565e-03
  3.2673550e-03
  1.0703837e-04
  1.1130719e-02
  4.6145050e-03
 -1.5549344e-04
  2.3349081e-03
 -1.5560490e-03
 -9.0412535e-02
 -8.0028124e-02
 -1.4834031e+00
 -9.1999304e-01
 -1.8431572e+00
  8.7802146e-05
  4.0066540e-01
 -6.0580641e-01
 -2.6511038e-02
 -2.9229984e-01
 -2.6871830e-01
  1.0902083e+00
  3.0355165e-03
  9.0284491e-01
 -5.6875455e-01
 -2.6195781e-02
  5.5971757e-02
  2.7343446e-01
 -3.6151454e-02
 -7.9457350e-03
  5.7972366e-01
  8.1782453e-03
 -3.9077338e-02
 -2.0012672e-03
  1.4547311e-01
 -5.7712473e-02
 -1.2098363e-03
  5.2372950e-01
 -4.4991658e-03
 -1.3204207e-04
 -3.7342370e-01
 -6.1911124e-01
  2.4055792e-01
 -3.9228001e-03
  7.7534556e-02
  1.8079359e-02
 -1.0372268e-02
  1.4446066e-01
  1.8521115e-02
 -2.6017398e-01
  1.7235508e-02
 -2.2477456e-03
 -2.4476456e-03
  3.5618085e-02
 -1.1984291e-03
 -2.9499379e-03
  3.2755116e-03
 -3.3639293e-04
 -2.2901059e-03
  2.7425766e-03
  3.0397836e-03
  1.1672316e-02
 -5.8865165e-03
  2.7751195e-04
 -1.5509725e-03
  6.4615989e-03
 -7.1345794e-04
 -5.5944570e-04
 -1.9254815e-04
  3.9728829e-03
 -2.3699868e-03
  4.6510203e-04
 -3.2332879e-03
 -2.3308146e-04
 -5.8545717e-03
  6.7455880e-04
 -3.0118839e-03
 -2.8984889e-03
  4.2889975e-03
 -1.3845557e-02
  4.6217619e-03
  2.4508522e-03
 -1.1390764e-03
  5.1904116e-03
 -7.6052956e-03
 -1.7133248e-03
 -6.3618447e-04
 -7.4668787e-03
  1.6506432e-02
 -5.7328597e-04
 -1.0984770e-03
  4.1757217e-03
 -4.6019191e-03
  8.3987424e-03
 -2.2793008e-02
  8.4216229e-04
 -5.9231254e-04
 -2.5426112e-03
 -1.1214777e-02
 -1.2461793e-02
 -2.4731385e-02
  5.8159386e-03
  3.4025344e-03
 -3.1178060e-03
 -4.8265117e-03
  6.1534401e-03
  6.4858203e-03
  6.0119620e-04
 -3.4452789e-04
  1.3902861e-03
 -1.8058256e-03
  4.3402072e-03
  3.9291345e-03
 -3.4815273e-03
  1.1430327e-03
 -3.0479142e-03
  7.3005371e-03
  1.4397190e-03
 -2.4733129e-03
 -8.3044595e-01
 -1.1221452e-03
  2.7532587e-03
 -1.1060481e-02
 -9.1820525e-04
 -4.3456722e-03
  5.0847074e-03
 -9.9782441e-03
 -4.2801737e-03
 -4.3017487e-03
  1.7911568e-03
 -4.2063807e-04
 -2.8570389e-04
 -2.3110074e-03
 -4.2621186e-03
 -2.6888559e-03
  8.0610640e-05
 -1.6479789e+00
  1.5449560e+00
 -1.1514597e+00
 -1.1592306e+00
  7.2984129e-01
 -3.4845006e-03
 -1.3220901e+00
 -4.9573467e-03
  2.4344698e-01
  7.1407789e-03
  1.0396270e-01
  3.7580350e-01
  1.5288043e+00
 -6.9296680e-02
 -4.3496161e-04
  1.4865684e-02
 -4.1535425e-01
 -1.7564406e-01
 -3.0071393e-01
  1.8039828e-03
 -1.7101058e-01
  2.0355387e-03
  4.1045171e-01
 -2.3815991e-01
 -2.6917806e-01
 -2.0745614e-01
 -2.0077811e-03
 -5.1614852e-03
  2.8679264e-03
  1.7424099e-02
 -2.5409665e-03
  2.7877063e-02
 -3.4021091e-01
  4.8705507e-03
 -3.7578020e-02
  1.2725749e-03
 -2.6790937e-03
 -6.5355962e-03
 -2.4076747e-03
 -1.0053394e-01
 -3.8435804e-03
  1.9257843e-01
  1.9562882e-04
  3.4407650e-03
 -3.2538052e-03
 -5.0307944e-04
 -2.1787735e-03
  1.3172162e-03
 -3.5623056e-04
 -1.2435300e-04
 -3.1518363e-03
 -2.7408532e-03
  5.6693195e-03
  4.3170592e-03
  3.0148739e-04
  5.8108983e-03
  1.7528426e-03
 -8.1322866e-04
 -2.0923798e-03
  6.4001529e-04
  8.1172958e-03
  1.0824137e-04
 -4.7645620e-03
 -4.2422554e-03
  1.2810315e-03
 -8.4654465e-03
 -2.8745371e-03
 -3.7225275e-03
  6.5585678e-03
  3.0423470e-03
 -3.6500141e-03
  9.6101357e-05
 -1.1746819e-03
  1.2001521e-04
  1.4755216e-03
  3.7048087e-03
 -5.9566270e-03
  4.2731897e-03
  4.0810802e-03
  1.3938579e-03
  7.1005947e-03
  1.9444285e-03
  3.5401221e-04
  3.1192047e-03
  2.6559611e-03
 -4.8522060e-03
 -1.5017589e-03
 -5.8164711e-05
  1.0512770e-02
 -1.2151340e-03
  1.2258441e-03
 -1.3105954e-03
  8.1068785e-05
  1.5911173e-04
 -2.2000432e-04
 -8.4584893e-04
 -7.9903397e-04
  6.5411143e-03
 -3.1102030e-03
 -1.9238720e-03
  6.5897084e-03
 -8.4184884e-04
  1.7281506e-03
 -8.0981012e-04
  1.8229477e-04
 -8.7983096e-03
  1.6680474e-03
 -3.6965157e-03
 -2.0939186e-03
  7.9179034e-03
  8.1372994e-04
 -8.8283652e-04
 -3.6615818e-03
  1.4604797e-02
  8.7548010e-03
  1.0746538e-02
  6.6333436e-03
 -2.2947188e-03
 -2.5977879e-03
  4.0044443e-04
  2.6306638e-03
  3.5656907e-03
  1.5719311e-03
  8.6028026e-03
  2.8267957e-03
  3.4971107e-03
 -1.1608076e-03
  2.5067609e-03
 -4.3956330e-03
  2.5869211e-02
 -1.2189438e-02
 -2.7273418e-04
 -5.6088883e-03
 -7.2282346e-05
  2.1781686e-03
 -7.9623726e-04
 -1.3205513e-03
  7.9655685e-03
  2.8993946e-03
  5.2436820e-04
  3.2844378e-03
 -2.5121134e-03
 -4.5788721e-03
  2.7111140e-03
  4.7403872e-03
  5.8487500e-03
  2.9920283e-04
 -2.2962810e-04
  6.8685564e-04
 -5.5555557e-03
 -1.3580754e-04
  1.5051701e-03
 -2.9134002e-04
  4.2418316e-03
  2.8279133e-03
  6.0777407e-04
 -4.4186465e-03
 -1.8413437e-03
  9.6774258e-04
  5.9541781e-03
  3.1329172e-03
  6.1900853e-03
 -4.9861940e-04
 -7.9172378e-04
  4.2124493e-03
  5.4180264e-03
 -6.2301243e-03
  1.6066575e-02
  2.7889917e-03
 -4.4964193e-03
 -4.2148007e-04
  1.5003335e-03
 -2.9976962e-03
 -1.1777014e-03
 -1.8328901e-03
 -4.8376000e-03
 -2.0266178e-03
  4.6646477e-05
  9.9013345e-03
 -2.2818479e-03
  1.6620897e-03
 -2.8336623e-03
 -1.8780264e-03
  5.4001980e-03
  9.6736598e-04
 -2.0171178e-03
  1.1589778e-02
 -8.9025841e-04
  4.0281145e-03
  5.3885598e-03
 -1.5946010e-03
  1.7747685e-03
  1.0850708e-03
 -4.7482364e-03
  6.7370795e-03
 -8.8299351e-04
 -2.2986196e-03
 -2.1787980e-03
  1.0013370e-02
 -1.6247177e-03
  5.4650306e-04
 -1.3520708e-02
 -2.2761973e-03
  5.8299382e-03
 -1.0135102e-01
  1.6443124e-04
  1.0661180e-02
 -2.2194406e-03
 -2.0608935e-03
 -5.8733183e-04
 -2.5034728e-02
 -7.3308102e-03
 -1.5168180e-01
 -4.7034529e-04
  3.8895184e-01
  3.3048128e-03
  5.0444949e-02
 -1.8281143e-03
 -2.8816827e-03
  4.1256929e-03
  8.5504968e-03
 -2.0429271e-03
 -1.3967477e-02
 -6.6632507e-03
 -1.9168383e-02
 -6.1224629e-03
 -6.2156578e-05
 -7.7856566e-05
  4.3810066e-03
 -5.3305214e-04
  1.9429024e-02
 -7.7258836e-04
  5.2393121e-03
  9.1460854e-04
  2.3957202e-03
 -1.0554686e-05
  1.1382184e-04
 -3.5764426e-03
 -1.3694348e-03
  8.9263860e-03
 -4.1623842e-03
  1.3646667e-03
  2.2044373e-03
  6.0910461e-03
  6.1611744e-04
 -9.4544468e-04
  2.1308623e-04
  8.3441095e-04
  5.7379422e-03
 -1.2483068e-02
  1.0021799e-03
  7.8910682e-04
  6.4700440e-04
 -1.5926135e-03
  2.4476605e-03
 -2.1428035e-03
  3.7383317e-05
 -2.2572058e-03
 -1.7846060e-01
  6.1402493e-03
  9.8319185e-01
 -2.4093159e-03
  2.5444694e-03
 -2.5615555e-03
 -9.3133356e-03
 -1.2408500e-03
  7.4755680e-03
 -4.1287928e-03
  5.3853150e-03
  8.2505989e-04
  2.5283447e-03
 -1.5235137e-03
 -4.0204925e-03
 -4.9701254e-03
  3.7292163e-03
 -3.8451478e-03
 -1.2764093e-02
  1.4461620e-03
 -1.6449176e-02
 -1.2271227e-03
 -9.0045892e-03
  4.1290522e-03
  1.7513662e-03
  8.6197408e-04
 -3.3770232e-03
  9.6749328e-04
  8.3459215e-03
 -7.1585760e-03
 -3.6734415e-03
 -3.3792374e-03
 -2.4066721e-03
 -6.4708089e-04
 -3.1281149e-04
 -1.7334416e-04
  1.0411935e-01
  9.8156752e-03
 -1.3391840e+00
  4.2482904e-01
  1.5797593e-02
 -7.9811178e-03
  6.3690430e-01
  3.0171582e-02
  3.0218434e-02
 -3.4411088e-01
 -4.6180885e-02
  7.0913419e-02
  4.4549848e-03
 -6.5301204e-01
 -1.9716682e-02
  1.3802304e-03
 -2.0066012e-01
  9.6676156e-02
 -4.7545275e-01
 -4.1765627e-04
 -5.4385203e-01
 -2.1597082e-03
  1.0813682e-03
  8.1434986e-03
 -3.7393254e-01
 -4.1603090e-04
 -9.4320846e-04
 -9.4634199e-01
  8.9156057e-04
  1.3808139e-03
 -2.4152246e-01
 -2.2697257e-01
  2.1617282e-02
 -5.5075292e-03
 -5.1433384e-01
  9.8575473e-02
 -7.8138587e-04
  1.3261180e-02
  6.4524678e-03
 -1.3581436e-02
  2.9387934e-02
  3.2067814e-01
  1.1391320e-03
 -1.4314238e-02
 -2.1721553e-03
  5.5689579e-03
  6.0996592e-02
  2.0065624e-03
 -1.9287715e-03
  8.4546171e-03
  3.0645041e-03
 -5.5788797e-03
 -1.2577390e-03
  1.4143651e-02
 -2.4325300e-03
 -1.2986092e-02
  4.6547530e-03
  1.0130035e-03
 -6.5367720e-03
 -2.6861171e-03
  7.8539690e-03
 -5.3442502e-03
  3.0475892e-03
 -3.9159856e-03
 -6.1179837e-03
  3.0225393e-04
 -2.2073246e-03
 -8.8858482e-04
 -2.9878137e-03
 -1.6554929e-03
 -4.0731006e-04
 -9.2789670e-04
  3.6862814e-03
 -4.1352969e-04
  1.1764365e-03
  3.7211892e-03
 -7.8787766e-03
  2.2105640e-03
 -1.5677689e-03
 -6.0633505e-03
 -4.0628295e-03
 -3.4131787e-03
 -1.3848784e-03
  1.1305259e-02
 -3.2566571e-05
 -1.1044976e-04
 -2.4626479e-03
 -1.1546789e-02
  2.1956766e-03
  4.6193027e-03
  3.1166344e-03
 -1.5556791e-03
 -1.9971833e-03
 -4.9947295e-03
 -3.2152864e-03
  1.5504480e-03
 -1.3331105e-03
 -4.8945369e-03
 -2.5689709e-03
 -1.9420958e-03
 -3.3251238e-03
  1.6850310e-03
 -1.1920944e-03
  7.3899780e-03
  5.9058535e-04
 -8.2032671e-03
  3.2920842e-03
 -1.4620555e-03
 -5.4837749e-03
 -3.5816329e-04
 -2.9296807e-03
 -9.7761825e-03
  5.1963655e-03
 -1.6264370e-05
 -1.1102593e-02
 -1.5683685e-04
 -1.5219080e-03
  9.8961629e-03
 -1.3823713e-03
  3.7754755e-03
  6.0982550e-03
  1.8435789e-03
  2.9253201e-03
  3.2509756e-01
 -9.1040982e-03
 -4.4716191e-03
  1.1572190e-02
  3.5701714e-02
 -2.0870054e-04
  9.2018945e-03
 -1.1788150e-01
  2.4381676e-03
  5.8068199e-05
  9.5239170e-03
  1.4368810e-03
 -3.3480641e-03
 -4.6510152e-03
 -1.9975638e-03
 -1.7734194e-03
 -5.0610263e-02
 -1.8802978e-04
 -4.5663051e-04
  1.5174931e-02
  8.2557341e-03
  1.2357396e-03
 -5.2576363e-03
  1.1409001e-01
  1.5295072e-02
  2.5469637e-03
 -1.3866352e-02
  4.5715007e-03
 -5.9625702e-03
 -1.7367369e-03
  3.2778480e-03
 -2.9167735e-03
 -1.2693665e-03
  3.0703412e-03
 -8.7367611e-05
 -3.0466793e-02
 -2.2558998e-02
 -4.2038951e-03
 -4.0341364e-04
 -8.5853226e-03
  3.1539095e-03
 -3.1293593e-03
 -4.4414955e-03
 -9.4419317e-03
  7.9339143e-04
  4.1354159e-03
 -8.2574757e-03
 -5.3464542e-03
  5.3255507e-03
  4.8074075e-03
  4.3546050e-03
 -3.4597633e-05
 -7.5999723e-04
  1.8454714e-02
 -2.0014890e-03
 -2.3510051e-03
  1.9829971e-04
  3.5847225e-03
 -4.2252807e-04
  2.4212534e-03
 -6.5989159e-03
  4.1574277e-03
  4.3097110e-03
 -6.1943214e-03
 -4.4794584e-04
 -1.5957978e-03
  4.7341618e-03
  4.0829419e-03
  6.0633314e-03
 -8.6665861e-03
 -1.0042293e-03
  6.9796114e-04
  9.0885498e-03
 -6.0566753e-01
  4.1936326e-04
  6.8634017e-03
  2.8016279e-03
 -2.2096329e-03
 -9.6693408e-04
 -6.4669461e-03
 -3.5043983e-03
  2.0964486e-03
 -3.9453958e-03
  1.6130520e-03
 -8.1951078e-04
 -7.1774045e-04
  8.1991013e-03
 -1.4853600e-03
  1.2948739e-03
  2.6539804e-03
  4.0990161e-03
  1.5904432e-02
  9.8275449e-03
 -8.2813017e-03
 -3.9063743e-03
  5.5164658e-04
  5.1122699e-03
  8.3638085e-03
 -6.6445479e-03
 -2.4067380e-03
 -4.7974377e-03
 -9.2314929e-03
  4.2395055e-04
 -5.3527774e-03
 -9.5409993e-03
 -3.4356520e-03
 -1.6776135e-04
  4.9033538e-03
 -3.4521907e-04
 -1.1469081e-02
 -4.6376931e-03
  4.8653744e-03
 -1.0309584e-02
  7.1570044e-03
 -2.3880361e-03
  2.5739742e-03
  1.7239153e-04
  5.8685672e-03
 -6.3738693e-04
  3.7436960e-03
  4.8161545e-04
  3.0094775e-04
 -1.3897754e-03
 -6.3686178e-04
  9.1403229e-03
  1.6188741e-02
 -3.9337090e-05
  4.8684468e-03
  6.5436077e-05
  1.5099709e+00
 -3.2661757e-03
 -7.3774837e-02
 -6.0232587e-02
 -9.8316616e-01
  3.6482513e-03
  1.8451339e-01
  3.1492801e-03
 -1.0703505e-03
 -2.6959749e-02
 -1.1235933e-01
 -5.9184385e-03
  1.2991034e-03
 -3.5649422e-01
 -1.6604079e-03
  2.6432352e-02
  7.0590839e-02
  2.9578939e-01
  1.2135693e-01
 -1.0686399e-02
 -3.3484366e-02
 -6.9881370e-04
 -1.6311349e-02
  8.1847417e-01
  4.2457107e-01
  2.2567180e-03
  2.7424458e-03
  1.5986222e-01
  9.3904324e-04
  2.5695337e-03
  6.2279504e-02
  4.3316828e-05
  4.0096056e-02
  1.0581522e-02
  7.6892912e-02
 -5.1043425e-03
 -5.0781551e-04
 -2.5640670e-03
  6.9636325e-03
 -1.1320906e-03
 -1.0617428e-03
 -6.2028418e-04
  1.1883886e-02
 -4.2502377e-03
 -5.8428524e-03
 -7.0155272e-03
  9.4579933e-03
 -2.4687715e-03
  7.7010738e-04
 -5.0141215e-03
  1.6703400e-03
 -2.8011821e-06
  3.7154679e-03
 -4.2092437e-03
  3.0614932e-03
  7.3812706e-03
 -4.8382417e-03
  9.7067634e-05
  1.4160656e-04
 -3.7517373e-03
 -4.6113372e-04
 -3.9913324e-03
  1.2850526e-03
  3.9984924e-03
 -5.8839456e-03
 -3.4393084e-03
 -8.6856307e-03
 -5.4382795e-04
 -9.0808999e-03
  6.0355947e-03
  2.2181866e-03
 -1.2227506e-02
  6.6410686e-04
  1.4789224e-03
 -1.8322265e-03
  3.0048208e-03
  4.4519901e-03
 -5.9286540e-04
  2.6115298e-04
 -2.3331647e-03
  2.4934001e-03
  1.0182521e-02
 -1.6762232e-03
  1.4038726e-02
  2.6665698e-03
  2.1303678e-03
  2.5958244e-03
  1.6431141e-04
 -8.9560973e-04
 -5.6725793e-04
 -7.6627167e-04
 -4.2005964e-03
 -3.8899640e-03
 -1.4378261e-03
  5.5090926e-04
 -5.8769789e-03
  1.4621947e-03
  2.2585578e-03
 -2.6920167e-04
 -1.3012940e-03
 -8.7547032e-03
 -1.0266606e-03
 -2.2448639e-03
 -5.1907133e-03
  7.1131764e-03
 -4.6857521e-03
  4.1180765e-03
  1.8018277e-03
  2.3534587e-03
 -2.3187562e-03
  7.4782688e-03
  1.1833697e-04
 -5.8851118e-04
  1.3619466e-03
  1.7677334e-03
  3.7505166e-03
 -1.0717940e-02
  1.1700115e-03
  2.7214242e-03
  1.0868586e-02
  7.6685689e-04
 -2.6216550e-04
 -1.5454217e-03
  1.4390355e-03
  9.7774034e-03
 -1.1353288e-02
  5.5939931e-04
  4.3367120e-03
  1.0031438e-02
  4.5472090e-03
  1.5452713e-03
 -1.8511695e-03
  1.3789444e-03
  7.3338114e-04
 -3.8032683e-03
  2.8717997e-03
 -1.6284054e-03
  7.2812736e-03
  5.5918901e-04
  1.3158216e-04
  1.9220504e-03
  5.2208075e-04
  1.0164173e-03
 -1.4338662e-03
  5.8743288e-03
 -5.7854787e-03
 -9.4747826e-05
 -9.4784806e-03
 -1.2910605e-03
 -9.8062155e-04
  2.1466151e-02
  3.5134905e-03
 -7.2766496e-03
 -1.9606765e-02
  2.6743424e-03
 -1.1196082e-03
  8.4231608e-04
 -1.5190971e-03
 -1.1409839e-03
 -2.4546677e-04
  5.6632007e-03
  2.6224696e-04
  2.8632912e-03
  3.2278484e-05
 -3.8731974e-03
 -6.1434638e-03
 -7.1011134e-04
  4.6887081e-03
 -1.8365728e+00
 -3.8852614e-01
  6.5923885e-02
 -1.1237249e+00
 -1.4018722e+00
  1.5972070e-03
 -1.3426807e+00
 -8.3436586e-02
 -2.1416509e-01
  1.0844901e-02
 -1.0368292e-01
 -1.0933939e-01
  2.0490459e-03
 -1.9605139e-01
  9.6273194e-05
 -3.3029947e-02
 -1.6290063e-01
 -2.2328854e-01
  5.4694444e-01
 -6.4783399e-03
 -5.4313356e-01
 -1.2368597e-03
 -4.5150346e-03
 -5.9042847e-01
 -6.1320841e-01
  5.8651584e-01
  1.0106070e-02
 -2.3852451e-01
  3.8821716e-04
 -2.9448294e-03
 -2.4211866e-01
 -1.5842430e-01
  4.6051601e-01
  2.3263984e-03
 -2.1584557e-01
  4.2638220e-02
  5.7420502e-03
 -1.4086820e-01
 -1.3409889e-01
  5.6909584e-02
  1.7304773e-02
  2.4678850e-01
 -3.8087759e-02
 -1.9633204e-03
 -1.2745552e-01
 -2.3723125e-02
  1.0425922e-01
  1.3384497e-03
 -9.3385298e-04
 -3.4404315e-02
 -2.9305741e-01
 -1.1962905e+00
  2.8187191e-01
 -5.9898829e-01
 -3.3452809e-03
  2.7011739e-02
 -4.2421157e-03
  1.8958406e-01
 -1.2036914e-03
  1.7780067e-03
  6.6100754e-02
 -1.1481699e-03
  4.4079083e-01
  1.0319389e-02
 -5.2702833e-02
  6.3786930e-01
  7.7392966e-02
  6.5762770e-01
 -1.3412985e-03
 -8.2977615e-02
  1.1005496e-04
 -2.6968434e-03
 -4.5890862e-01
 -5.8484507e-01
 -4.1152453e-03
 -2.6332369e-04
  1.9221582e-03
 -3.2373084e-04
 -3.1614176e-03
 -1.7581835e-03
 -7.4668415e-03
  3.0074580e-02
  1.2261312e-02
 -6.7062549e-02
 -1.2571263e-01
 -2.1692498e-01
 -1.9581589e-01
  7.8243619e-01
 -5.5404258e-01
  1.9157863e-03
  2.6849446e-01
 -3.3235366e-03
 -6.1258802e-04
 -7.2093855e-04
 -4.3983562e-03
 -2.1507071e-02
 -1.4581885e-02
 -1.0158839e-03
 -9.5614735e-03
 -2.7980219e-04
 -4.4963768e-04
  4.7883838e-02
 -2.3598117e-03
 -3.9532562e-04
 -1.7727910e-02
  1.0619435e-02
 -4.3790538e-02
  8.9023933e-03
  4.1382415e-03
  2.0363426e-03
 -8.0318302e-03
  2.6373591e-03
  1.5545386e-02
 -1.0476497e-02
 -1.2462609e-02
 -7.0147432e-02
  1.7259797e-02
  8.3886953e-03
  2.9687821e-03
 -4.2591529e-04
 -2.0445753e-03
 -1.1108886e-03
 -3.2314733e-03
 -1.5426205e-03
 -2.9235000e-03
 -5.6137028e-03
  4.6247640e-04
  5.0864194e-04
  3.8698234e-03
  4.7341711e-03
 -2.2267578e-03
 -1.8352782e-02
 -1.9284794e-03
  6.9918809e-03
  1.4766152e-02
  5.2857087e-03
 -2.0254503e-03
 -1.0191543e-04
  2.6594843e-03
 -3.7835387e-03
 -3.1455455e-03
 -4.3648966e-03
  1.3328818e-02
  6.2246034e-03
 -9.2222999e-06
 -2.3335773e-03
 -9.1375237e-05
  6.3449270e-03
  3.3234512e-03
 -3.9006842e-03
 -5.4593128e-03
 -1.7848290e-03
  3.1747762e-03
  3.9090835e-03
 -2.2619155e-03
 -3.4277174e-03
  3.6808331e-03
  1.2655656e-03
 -5.3754593e-03
 -2.5774916e-03
 -3.9470596e-03
 -2.7759043e-03
 -2.3021190e-03
  1.1992734e-03
  1.9379962e-03
  9.1120519e-04
 -1.3358915e-03
 -6.2329806e-03
  2.0225781e-03
 -8.2829047e-04
 -7.0998474e-04
  4.6192124e-03
 -2.7481295e-04
 -2.5529163e-03
  2.6872961e-03
 -1.5074960e-02
 -2.5865242e-03
  1.9453111e-03
 -8.3783800e-03
  1.2145982e-03
  3.0443089e-03
 -1.3221519e-03
  3.2429912e-03
 -7.6746317e-03
 -5.0822999e-03
 -2.0186663e-02
  4.7591073e-04
 -4.1911583e-03
  2.2351290e-03
  3.2869829e-03
  1.2109814e-03
 -2.8532995e-03
  1.2569547e-03
  3.8160782e-03
 -2.8879609e-04
  1.2114701e-03
  6.4132729e-04
  1.7413585e-03
 -1.1364938e-03
  2.2657661e-04
 -4.3341499e-03
  5.1698824e-03
  1.3181424e-02
 -4.2178701e-03
  7.0183035e-03
 -1.0230066e-02
  1.0752359e-04
 -7.6255808e-04
  1.5817706e-03
 -9.9848891e-03
  1.6351644e-04
 -9.9998515e-04
  6.2070414e-04
 -5.5265864e-03
  2.3923055e-03
 -5.3090341e-03
  4.4243652e-03
 -4.4680914e-05
 -3.5052525e-03
  2.5984505e-03
 -5.9725507e-03
 -8.0526789e-04
  7.7013955e-03
 -9.3154013e-03
 -2.7921787e-03
  4.0570665e-03
 -4.9947179e-04
 -2.9201279e-03
  2.5929224e-03
 -4.2562652e-03
  4.2968113e-03
  5.5205645e-03
  3.6977206e-03
 -1.2020345e-03
  7.2995042e-03
 -7.1602274e-04
  1.6224155e-03
 -5.6092493e-02
  3.5733602e-03
 -1.1219274e-02
  3.6490497e-03
 -3.0919069e-03
  8.3725881e-03
 -1.8906849e-03
 -1.5526625e-02
  2.1780026e-03
  1.1931546e-03
 -5.8387285e-03
  4.0490152e-03
 -4.6159662e-03
  4.5021214e-03
 -9.3992548e-03
  7.9875309e-03
 -5.0125644e-03
  4.2989971e-03
 -7.3296041e-04
 -5.0247752e-04
  8.3785094e-03
 -8.0776252e-03
  4.4043441e-03
 -4.0145577e-03
 -6.8201974e-04
  8.5930020e-05
  1.3386398e-03
  2.0441944e-03
  1.1303065e-02
 -2.4004651e-03
  1.0067917e-03
 -1.3252780e-04
  3.0621854e-03
  5.0308695e-04
 -2.0981045e-03
 -5.2897185e-03
  3.3005220e-03
  3.1553174e-03
 -1.8480714e-04
 -4.6356337e-04
 -4.8928581e-05
  7.3993132e-03
  1.7538144e-03
 -1.1295461e-03
 -1.8156613e-03
  2.2939821e-03
 -7.7484944e-04
 -1.5544068e-03
 -2.0496221e-03
 -3.6647168e-03
  7.9364879e-03
 -7.8670699e-03
  1.6184134e-03
  1.4198422e-04
 -1.7000522e-03
  4.6248031e-03
  9.7682443e-04
 -2.6984697e-03
 -9.2441272e-03
 -6.1080032e-03
 -7.7221068e-03
  3.8786728e-02
  3.7913860e-03
  2.1880509e-03
  7.5817113e-03
 -3.6582423e-03
  7.9343822e-03
 -2.2141873e-03
 -7.4178386e-03
  8.9261524e-04
 -2.1888257e-03
  3.3828812e-03
 -1.9548694e-03
 -7.5045606e-04
 -2.1573040e-03
  1.5170811e-03
  5.4738350e-05
  1.6051050e-03
  1.2540752e-04
  5.8427341e-03
  4.4219755e-03
 -1.9127729e-03
  1.1610838e-03
 -1.9330489e-04
 -6.3058513e-05
 -3.2608130e-03
  6.6546551e-03
 -5.4691769e-03
 -7.1228237e-04
 -6.1716656e-03
  2.1086880e-03
 -1.6666929e-05
  7.4367999e-04
 -1.6937499e-03
 -1.6539987e-03
 -5.0336970e-03
 -2.2097973e-03
  5.0651892e-03
  5.9514302e-03
  2.8132321e-03
 -4.3380717e-03
 -8.2130558e-05
  2.2072103e-04
  1.0905541e-03
  3.2412601e-04
  3.1471553e-03
 -5.8572201e-05
  8.7046325e-03
  4.8659039e-03
  4.2106047e-05
 -7.3481142e-03
  9.4525050e-03
 -1.4927758e-04
  1.8031232e-03
 -3.3125335e-03
  8.3715124e-03
 -1.1264312e-03
  7.9758717e-03
  1.1290930e-02
  1.7474509e-03
 -2.9429228e-03
  1.0141168e-03
  9.3653338e-04
 -2.3584446e-04
  1.4092656e-03
 -6.8940003e-03
  2.7736514e-03
 -3.3458805e-04
  1.4201059e-03
 -6.2760599e-03
 -5.6627546e-03
 -1.0265111e-03
  4.6234257e-03
  8.4548574e-03
 -5.6926520e-03
  3.7343535e-03
 -2.6810581e-03
  1.8971894e-03
 -2.6073686e-03
 -4.4434825e-03
  1.9112275e-03
  2.4074658e-03
 -1.1022051e-02
  9.5958142e-03
 -3.7856682e-03
 -4.8460662e-03
 -2.2659060e-03
 -3.7018650e-03
  1.1835119e-03
 -2.2497193e-03
 -3.6613478e-03
  7.1592559e-04
 -1.4127496e-02
 -3.0784756e-03
  1.9363653e-03
 -2.4487635e-03
  3.9098253e-03
 -1.7734470e-04
  1.4770283e-04
  1.3205570e-03
  6.0298399e-04
 -2.3984124e-03
  1.4228874e-03
  2.9026514e-03
  1.5568311e-03
  1.2148061e-02
  4.2893967e-04
 -1.9754961e-03
  3.2576125e-03
 -1.9631430e-03
  8.0167601e-04
 -1.8061504e-02
  7.9047456e-03
 -6.5940241e-03
  2.2247627e-03
  1.5864302e-03
  8.1389007e-04
  9.8242010e-05
 -2.7239041e-03
 -1.7913834e-03
 -1.7661479e-03
 -7.6731085e-05
  1.9030517e-03
 -1.6385641e-04
 -5.9219794e-05
 -1.0338284e-03
 -2.4901752e-03
  4.7125304e-03
 -3.2382514e-03
  3.1827714e-02
 -1.1011548e-03
 -5.7553691e-03
 -2.3671179e-03
  5.5582025e-03
 -4.6298099e-03
 -1.1200013e-02
  2.1560369e-03
 -3.8583633e-03
 -7.5515895e-04
 -3.6619036e-03
  6.1104621e-04
 -8.6944280e-03
 -6.8753478e-03
  9.9351024e-04
 -2.4261337e-03
 -5.0814226e-03
 -5.2612028e-05
 -1.5002094e-03
  8.6416624e-04
  2.0736272e-03
 -7.0118485e-03
  2.2010833e-03
 -4.8703240e-04
 -2.4503830e-03
  6.1016968e-03
  8.9642202e-04
 -7.4245350e-04
 -7.4970280e-03
 -2.5413802e-04
 -1.4787159e-03
  3.9653680e-03
 -1.8538091e-03
  1.7590051e-04
 -7.2037908e-03
  1.9238434e-03
  8.9991698e-04
  1.5109496e-03
  4.8122398e-04
 -4.2087553e-04
 -1.7158756e-02
 -3.2036775e-03
 -7.5716744e-03
  3.7734332e-03
 -1.8720452e-02
  3.8581947e-03
 -3.0453259e-04
  3.9267349e-03
  5.0516839e-05
 -2.2056007e-03
 -4.4392059e-03
  9.6324151e-03
 -1.8029038e-02
 -4.9412297e-03
 -9.5164636e-04
 -9.3092042e-04
  6.9424341e-04
  5.2417386e-03
  7.0419186e-03
  5.0204311e-04
 -2.4068602e-03
  5.2831101e-04
  1.0435689e-03
 -7.8420228e-05
  6.3946364e-03
 -5.4880539e-03
 -9.9095935e-03
 -4.7460590e-03
  5.3529190e-03
  8.2077887e-03
 -3.5491260e-04
  1.9689417e-03
 -4.2689801e-03
 -8.9026848e-04
 -3.4029880e-03
  2.2175929e-03
 -4.8747059e-04
  7.3754126e-03
  1.5038193e+00
 -1.6821196e+00
 -1.2910816e-01
  1.5244851e-01
 -1.3330153e-01
 -1.8324001e-01
  1.2755827e+00
  1.2932160e-03
 -1.0796918e-01
  2.4407959e-02
 -8.4041119e-01
 -2.3795147e-01
  4.5442311e-03
  3.3100024e-01
 -2.3260094e-05
 -9.2577353e-02
  3.1847042e-01
  3.8224000e-01
  2.3953132e-02
  7.1271975e-04
 -3.3375252e-02
  3.4426297e-03
 -2.5683847e-01
  1.8665336e-01
  5.3865131e-02
  2.9245260e-01
 -3.6795583e-04
  2.0208286e-01
  8.5802181e-03
 -4.1829115e-03
 -1.2172104e-03
  7.3964996e-03
  5.0872582e-01
 -1.8120171e-03
  2.6624853e-02
  2.0242786e-02
  3.7414962e-03
  3.1532334e-05
  6.4023798e-03
  6.6923045e-02
  2.0496150e-04
 -2.7307540e-01
 -5.7498235e-03
 -2.6079264e-04
 -9.6707977e-03
 -4.8251681e-05
 -3.7291867e-04
  7.6752771e-03
 -6.4899591e-03
  3.3994035e-03
 -1.5004883e-02
 -6.6259247e-03
  4.7450750e-03
  4.9062958e-03
 -2.3014196e-03
 -2.9855489e-03
  1.2818615e-02
 -6.0838819e-03
 -2.1180467e-04
 -6.0142172e-03
  1.9939523e-03
  5.1973043e-03
  8.5126801e-04
 -1.8902996e-03
  5.3643167e-04
  7.6857852e-03
 -2.1376631e-03
  2.8980949e-03
 -1.7388866e-03
 -3.7838307e-03
 -1.9349237e-03
  5.0049013e-04
 -1.5612809e-03
 -2.2481812e-05
  1.8260041e-02
  5.1528396e-04
  9.6494338e-04
  1.6350822e-03
 -4.1692536e-03
 -5.0778864e-03
  1.3376896e-03
  5.2701461e-04
 -4.0673390e-03
  5.7305559e-03
  8.7368041e-01
 -1.6370397e+00
  1.0698756e+00
  1.2259178e+00
  1.6238493e+00
 -2.1871761e-03
 -4.5581460e-01
  5.0490625e-02
 -1.3307330e-01
  2.8725063e-02
 -3.0849334e-02
 -2.6833880e-01
  1.2650120e-02
  2.1184805e-01
 -1.1188112e-02
 -2.7995473e-01
  1.7036904e-01
 -4.0186256e-01
 -2.4029742e-01
 -7.9113530e-04
  3.5447901e-01
  3.8926904e-03
 -3.2857865e-01
  2.7555487e-01
 -2.1796444e-01
  1.8119464e-02
  1.7872538e-03
  2.6181540e-06
  1.4563710e-03
 -5.0912458e-02
 -1.2550709e-02
 -6.2288322e-02
  1.0558206e-01
  3.7471426e-03
 -3.6756475e-03
  1.5535866e-04
  6.3060343e-01
 -2.1530025e-02
 -3.8893928e-03
  1.8864422e-01
  8.7182671e-03
 -8.8125616e-02
 -6.4695454e-03
 -2.3270219e-04
  3.0809310e-03
 -6.2046973e-03
  2.4729876e-03
 -7.5155962e-04
  1.4333632e-03
 -1.7627961e-03
 -3.5782764e-03
 -9.4500929e-03
  1.3539284e-03
 -3.8376932e-03
 -2.2642114e-03
  4.9011768e-03
 -3.1614378e-02
 -2.1973425e-03
  1.6447097e-04
 -1.3802748e-03
 -6.8935246e-04
 -3.7711696e-03
  9.3646003e-03
  6.9093776e-01
  4.2650858e-03
 -4.7403579e-03
 -1.3071016e-03
  2.4818734e-03
 -1.5517289e-03
 -8.1516057e-03
 -1.5293608e-03
 -1.5448035e-03
  2.0703285e-03
  2.0972285e-03
  1.7210780e-02
 -1.3379632e-03
 -3.5859377e-03
 -3.6668245e-04
  1.3498021e-03
  3.8311689e-04
 -1.3254213e-03
  3.1513721e-03
 -1.4912891e-04
 -3.8073910e-04
 -3.1100580e-01
  5.1409271e-02
 -2.6996484e-01
 -1.4480018e-02
  7.7281755e-01
 -1.1428245e-02
  1.1910320e-01
  3.5600262e-03
 -1.1223201e-03
 -4.9638157e-03
 -1.1663182e-03
 -1.7206452e-03
  1.6846936e-02
 -2.3591239e-02
  1.0526712e-02
  1.3023623e-02
  4.5041472e-01
  2.3177788e-01
  2.7990359e-01
  1.7991887e-02
 -1.4788675e+00
  1.1693729e-03
 -2.2596109e-03
  6.1107695e-02
  1.7492792e-01
  1.0036798e-02
 -7.1043038e-04
  3.2372043e-02
 -8.6779369e-04
 -1.0561313e-03
 -3.2891247e-02
 -2.5957111e-02
 -5.6436986e-01
  3.0257523e-03
  8.9597882e-04
 -5.6577204e-03
  8.4983907e-04
 -2.5503745e-03
  1.7916544e-03
  3.1079233e-03
  7.9349345e-03
 -2.3032085e-03
  5.0571684e-02
  7.1528780e-01
 -9.8781558e-03
  2.3909805e-02
  1.3783965e-02
 -1.2573786e-02
 -2.0858835e-02
  1.3884723e-01
  6.7100190e-03
  3.1560769e-03
 -2.5729987e-01
  2.7253921e-03
  1.5723165e-02
 -1.0623732e-01
  3.9702281e-02
  1.0564362e-01
  1.7367357e-01
  2.7594951e-01
  1.8604764e-01
  3.8243602e-03
  2.2049526e-02
 -4.9656383e-03
  6.6774569e-02
 -2.9290181e-03
  8.5434755e-03
 -1.4994899e-03
  9.3512738e-04
  3.4696147e-01
  2.7652467e-03
 -1.1992639e-04
 -1.9747349e-03
 -2.9642458e-04
  1.2764770e-01
 -1.6778253e-04
  3.5646495e-03
  7.3142437e-04
  1.9633643e-02
 -1.0217493e-02
  2.2124562e-03
  1.5991442e-02
 -9.3576824e-03
  2.5584532e-03
 -1.2850077e-03
 -2.9798925e-03
  1.0228254e-03
 -3.7147414e-03
 -1.0936538e-03
 -3.9818083e-04
  3.0196114e-02
  3.6406850e-03
  1.1097550e-03
 -1.6955741e-03
 -3.7114059e-03
  3.7765759e-03
 -3.1701345e-03
 -3.5657822e-03
 -7.3088324e-03
  4.1281064e-03
  6.5994319e-03
  1.9955856e-03
  1.1992988e-03
  8.3635021e-03
 -4.3630917e-03
  1.9446605e-04
  7.9560112e-03
  2.7402274e-03
 -5.1380438e-03
  1.9945385e-04
 -1.3492394e-02
  4.9686320e-03
 -1.7847684e-03
  9.1711255e-03
  9.3597621e-03
  6.2611559e-03
  9.8416884e-04
 -6.6058869e-03
 -3.2234583e-03
 -6.9135847e-04
  6.5593229e-04
  2.6575075e-02
  6.5771001e-03
 -1.5915493e-02
  4.3070344e-03
  3.0736250e-03
 -4.0842909e-03
  3.3122015e-01
  2.5395968e-03
 -1.2626568e-03
 -3.2908064e-03
  1.9812001e-01
  6.8126800e-03
  1.9444708e-03
  6.6375092e-04
 -2.2463424e-03
 -4.2892524e-04
 -2.2218903e-04
  2.3950257e-03
  2.4403178e-03
 -4.4028312e-03
  1.1459467e-02
  2.6805094e-03
 -4.6263002e-03
  3.1173143e-03
  4.3612480e-04
  4.3461272e-03
  1.0912308e-03
  7.9881316e-03
 -6.4653641e-04
 -1.5706312e-02
  1.2745075e-03
 -1.0900003e-02
 -3.0638333e-03
 -8.5312076e-04
  1.0004588e-03
  4.7808746e-03
  9.1560307e-04
  1.7286954e-03
 -2.1198816e-03
  3.1546450e-03
 -2.7270312e-03
 -1.9405987e-05
 -4.4810443e-04
  7.5954534e-03
  6.2846635e-03
 -1.8569785e-03
 -3.1788409e-04
 -1.3340890e-01
 -6.4089155e-04
 -1.5741209e-03
  4.9246415e-01
 -6.2776031e-04
 -1.1603448e-03
  4.3523721e-03
 -2.8222445e-01
 -5.1146396e-03
  1.9764015e-03
 -5.7816349e-02
  9.6043721e-03
 -3.1929140e-03
 -4.0643406e-01
 -1.0676212e-03
  1.4680037e-03
 -1.1841112e-02
  2.9284635e-03
  3.2949925e-03
 -2.4823328e-03
 -1.5599234e+00
  3.2606327e-03
 -1.1381705e+00
 -8.4154019e-03
 -1.3648223e-03
 -8.5473033e-03
  2.2591758e+00
  1.8943014e-03
  5.1882169e-03
  5.4103805e-04
 -5.3433472e-01
  4.7060236e-01
 -2.6162881e-01
  6.4408300e-03
 -8.3854038e-04
 -9.2960568e-03
  2.9730191e-03
 -8.3027348e-02
 -1.5976516e-04
  5.9920568e-03
 -3.9844085e-03
 -3.2224706e-03
 -8.8383859e-01
  1.6873343e-03
 -8.2595968e-01
 -3.0995316e-03
 -2.0264080e+00
 -8.6692780e-02
 -6.1061396e-03
 -1.2074352e-02
  2.1289803e-02
 -1.8827659e-01
 -2.8218511e-03
  3.7470916e-01
 -2.0102176e-03
  3.8696656e-01
 -1.7222343e-01
  7.4258608e-01
  1.3414592e-02
  2.0208158e-01
 -1.3282690e+00
  6.3245427e-03
  2.5166020e-01
  7.6951295e-01
  3.1639975e-03
  1.4204374e-03
 -1.9414749e-03
  2.8747160e-04
 -2.0015094e-01
  6.8692446e-02
 -9.1208285e-01
  2.8149807e-03
  1.9506708e-04
  2.4653070e-01
 -1.8462987e-03
 -1.3585457e-01
  7.0028466e-01
 -1.1579391e-02
  2.0138600e-03
  2.1040200e-03
 -1.5793118e+00
 -8.8917083e-01
 -5.8014148e-01
  1.3922304e-01
 -8.5563451e-04
 -8.2634628e-02
 -8.8081984e-03
 -1.0977965e-01
 -1.4007044e-03
  6.4528584e-03
 -7.4437633e-02
  2.1223619e-03
 -1.4388824e+00
 -5.7134978e-03
 -1.2064037e+00
 -7.6553740e-02
  6.3285536e-01
  5.8254719e-01
 -5.1298351e-03
  1.0720518e-02
  7.6681892e-03
  2.1907645e-03
 -1.1922981e+00
  2.4533556e-03
  1.0136693e-02
  6.3834018e-01
 -7.6212646e-03
  7.6379529e-03
 -4.9616240e-02
 -7.5372662e-03
 -3.0794024e-01
 -1.6057406e-02
 -5.1285396e-04
 -8.1283785e-02
  2.9461507e-03
 -7.0552483e-02
  9.1610791e-04
 -4.4531760e-01
  2.3634493e-02
 -2.7136907e-03
 -1.7562428e-01
 -4.2467145e-03
 -7.7827502e-04
 -4.6691257e-03
  6.3515473e-03
  4.5055877e-02
  3.6636386e-03
 -2.0534319e-03
  6.2365650e-04
 -1.7716830e-04
 -1.4489839e-03
  6.9614470e-02
  3.2709196e-02
  2.4100255e-02
 -1.0514170e-02
 -1.3594482e-03
 -8.0595143e-02
  8.4907236e-04
 -3.7112462e-04
  3.6526143e-04
  2.5033979e-03
  8.0849454e-03
 -3.9429371e-03
 -7.5199041e-03
 -4.9478854e-03
 -3.0188379e-03
 -2.6621367e-04
 -3.1625079e-03
  3.3117456e-03
  6.0197164e-04
 -2.3806972e-02
 -1.5178457e-03
 -6.0829520e-03
 -5.5879168e-04
  2.6940526e-03
  1.6487301e-03
 -1.2553585e-03
 -3.6220523e-04
 -9.5246645e-04
 -9.4592437e-04
 -9.5232893e-03
 -8.3465045e-03
 -2.0759404e-03
  4.0439311e-03
 -2.0136628e-02
  1.0431407e-03
  3.2064610e-03
  4.1077477e-03
  9.7813942e-03
  1.1151074e-03
 -8.8700699e-03
 -4.7613769e-03
  1.0114817e-03
  1.4507289e-03
  4.1602855e-03
 -6.5860567e-03
 -9.3289203e-04
  1.1711475e-03
 -1.5154503e-03
 -2.4503609e-03
  2.0603514e-03
  2.5136077e-03
 -2.4012516e-03
  2.8179344e-04
 -2.4007767e-04
  4.9181841e-04
  3.9141052e-03
 -1.2314353e-03
 -2.3328934e-03
  2.5874236e-01
 -1.6771693e-03
  2.4667988e-04
 -5.3136330e-04
 -4.5010183e-04
 -2.1335159e-03
  1.9730723e-03
 -3.4924117e-03
  7.9210503e-03
  5.8876504e-03
 -2.7793639e-03
 -1.3531902e-03
 -2.2121260e-03
  8.8979496e-04
  1.0806491e-04
 -5.9458002e-04
  6.3879979e-01
 -1.5045989e-03
  5.7422207e-03
 -1.2664984e-03
  2.4130531e-03
 -1.2372730e-03
 -9.2004793e-04
 -6.8110885e-04
 -1.3848507e-03
 -2.8096179e-03
  6.5577478e-04
  9.2907262e-04
  4.1422757e-04
  2.8449876e-04
 -8.5575285e-04
  8.1961984e-03
 -6.6197854e-03
 -3.2131632e-03
 -8.6729359e-03
  1.5204928e-03
  9.8191027e-05
 -4.3267879e-01
 -2.4757619e+00
 -1.9645782e+00
 -3.5778353e-01
 -2.3160875e+00
 -6.6823435e-01
  4.9952284e-01
  2.1829310e-01
 -9.9251373e-04
  6.1922660e-03
  4.4619534e-02
 -3.9892641e-01
 -3.7874457e-01
  1.2488519e-02
  1.1678775e-01
 -1.1696971e-03
 -5.9498083e-03
  5.9625190e-01
 -8.6497823e-03
  5.2998071e-03
  1.5850481e-02
  1.1207492e-02
 -1.5413862e-02
  6.4965017e-05
 -8.4601929e-03
 -7.4143834e-02
 -4.3313208e-04
  7.5396481e-03
 -2.1905305e-02
  6.4775217e-01
  4.1698511e-03
 -1.2113165e-02
 -1.5295185e-01
 -1.2631179e-01
  5.2660378e-04
  9.8468922e-03
  4.2488068e-02
  4.1320035e-03
  1.4398684e-04
 -7.9784550e-02
  2.6613146e-03
 -9.0720708e-04
 -6.1345091e-03
  9.6712385e-05
 -1.6370658e-03
  4.4135270e-03
 -7.5723068e-03
 -1.3367618e-02
  1.0517841e-03
  2.3162980e-03
  3.0556915e-03
 -5.1937753e-04
  5.0474582e-03
  8.8740641e-04
 -9.4557315e-04
  1.6192092e-03
  2.4700545e-02
 -1.3423166e-03
 -1.6946871e-03
 -8.3014304e-03
 -5.4436584e-04
  9.5439597e-04
  9.0360958e-03
  2.4733883e-03
  1.1465772e-03
  3.3337995e-03
 -3.6288970e-03
 -6.0816943e-03
  5.2615785e-04
  1.5341343e-03
  5.4826369e-03
  6.7315032e-03
  7.0431171e-04
  2.3693359e-02
  1.3106473e-03
  2.5652635e-03
 -1.2062457e-03
 -5.3412081e-03
  1.0441390e-03
 -1.1268411e-03
  5.6302780e-03
 -5.8306386e-03
 -4.2992402e-03
 -1.5776575e-03
 -1.2452152e-03
 -1.0530727e-03
 -1.1043736e-03
  2.2116979e-03
 -1.1646766e-03
  3.4499138e-03
 -9.8685967e-04
 -6.6390930e-04
 -3.8828736e-03
  5.5003413e-03
 -7.2209258e-04
  8.1471604e-04
  4.0013334e-04
 -2.5788646e-03
 -8.7757064e-03
  4.9574953e-03
  1.2312663e-03
 -6.5647084e-03
 -1.9759282e-03
 -4.0574903e-03
  6.0170623e-03
  2.6743356e-03
 -2.0467492e-03
  1.6179329e-03
 -7.7230977e-03
  4.7909110e-03
  2.4693054e-03
  3.6703171e-03
 -2.4690044e-03
 -2.6579669e-03
 -6.6165160e-04
  1.2181089e-03
 -2.4722128e-03
  1.2763316e-02
 -7.0395414e-03
 -4.7951723e-03
  8.4071597e-03
 -6.4507307e-04
  1.9425197e-03
  3.0707682e-03
 -2.3053959e-03
  6.4785760e-05
 -1.0491505e-03
 -1.1043719e-03
  4.8001643e-04
  1.5323185e-03
 -7.3477617e-03
 -3.6996484e-03
  2.0458014e-03
 -6.9985581e-03
  4.4464557e-03
 -1.1528714e-02
  9.8864827e-03
 -1.1981808e-03
  2.1940100e-03
  6.3290086e-04
 -2.0740433e-03
 -1.8550826e-03
  1.2905642e-03
 -3.8801756e-04
 -8.3453447e-04
  1.2614806e-03
  1.9984124e-03
  7.0833910e-04
  3.7858435e-03
  1.4286580e-03
  1.0746341e-02
 -1.0265637e-03
  7.7303914e-05
  1.8829924e-04
  6.9627133e-03
 -2.6661679e-04
  2.3943395e-03
 -3.0055782e-03
  6.2050875e-03
 -2.8447510e-04
 -2.3812312e-03
 -2.1659394e-03
  1.3594176e-03
 -5.5258148e-03
 -1.1968688e-03
 -5.4879771e-03
 -5.5153640e-03
 -3.7875613e-03
  1.0251327e+00
 -5.8877742e-01
 -1.5415771e+00
 -2.2775459e+00
 -1.2844780e-01
  1.8173531e-02
  3.2368124e-01
 -6.7703408e-01
  2.2521618e-01
  6.7562964e-03
  2.3506238e-01
  4.8032034e-02
  3.5760990e-01
 -4.6282980e-01
 -3.6276064e-03
  2.5401336e-01
  6.5151304e-03
 -2.5206515e-01
  2.4505433e-02
  3.7723425e-01
 -4.8686323e-01
  4.4191852e-03
 -9.1262413e-03
 -9.0262271e-04
  9.3439937e-01
  1.7452216e-01
  1.0586370e+00
 -2.9947145e-02
  6.6585891e-02
 -6.9761932e-02
 -4.4431104e-03
  2.8581157e-01
 -3.5483193e-01
  2.3458156e-01
  2.7081841e-03
 -4.3452708e-03
 -3.1311953e-01
  5.4053444e-04
  6.3955006e-03
  3.4223620e-02
 -2.4176177e-02
 -2.3800053e-03
 -3.0210256e-03
  1.7982410e-04
 -1.0629600e-01
  9.3914830e-04
  1.9839003e-03
 -4.6507022e-04
  2.2394639e-01
  1.4746330e-04
  7.3706713e-03
 -1.4480957e-03
  1.6257814e-01
  2.5991481e-04
 -3.1367757e-03
 -2.4867316e-03
 -7.5552990e-03
 -1.0200137e-02
  1.3631397e-02
  2.5087800e-03
 -5.0274972e-03
 -1.7233653e-02
 -9.0494734e-04
 -6.1656081e-04
  5.0654807e-03
 -2.7375810e-03
 -4.3236283e-03
  1.2604237e-01
  3.0507902e-03
 -3.5941074e-04
  2.6509448e-04
 -3.1325873e-03
 -9.6544884e-03
  7.0319916e-03
  2.3358727e-03
 -9.1647619e-04
 -2.9056059e-04
 -3.4511085e-03
  2.0949892e-03
 -2.8849230e-03
  6.6893115e-03
  1.8698574e-03
  3.5917459e-03
 -8.0588385e-03
 -5.8916118e-03
 -2.6953469e-03
  7.6724507e-04
 -2.2996869e-03
  7.3863531e-04
  1.2943778e-03
 -6.5968336e-05
  3.3326645e-04
  4.7981991e-03
 -3.5663322e-02
  3.5621556e-03
  3.7134525e-03
 -1.3346975e-02
  2.8561181e-03
  1.9126305e-03
 -1.5543107e-03
 -1.2808923e-03
  2.1185346e-03
 -6.3867480e-03
 -2.3999636e-03
  2.2262877e-03
  1.8922585e-03
 -3.8179738e-04
  6.8577472e-03
  1.9869776e-03
 -9.4347313e-04
 -1.0500427e-03
 -1.3076710e-03
 -9.1622793e-04
 -2.4931659e-03
 -4.9745305e-03
  1.9414973e-03
  3.8603877e-03
  3.0327861e-03
 -5.2113361e-03
 -9.0699773e-03
  7.9429221e-05
  5.2499992e-04
 -1.7689310e-04
  5.5760918e-03
 -1.6506511e-03
  1.1933427e-03
 -1.6956219e-03
 -4.6911351e-03
 -1.9664345e-03
 -1.1196329e-03
 -2.1825801e-03
 -2.4919832e-04
 -2.3353549e-03
  8.0341604e-03
 -1.1866994e-04
  6.4009166e-04
  4.7232453e-03
  6.0745534e-03
  2.0064653e-03
  5.3485287e-03
 -7.4960487e-03
 -3.9489020e-04
  2.7956273e-03
 -1.1849323e-03
  1.7974247e-03
  3.7549392e-03
 -5.1629995e-03
  6.3988770e-04
 -4.6021020e-04
 -3.6576411e-04
  4.6562469e-03
  8.8771374e-04
 -1.7813003e-03
 -1.3986607e+00
 -2.1490183e-04
  8.0744699e-03
 -1.6911223e-03
  2.2450795e-03
  2.3899595e-03
 -3.6480543e-03
  1.0138686e-02
 -4.3575765e-04
 -1.5118668e-03
 -6.2220823e-03
  4.0742303e-03
  3.6140715e-03
  5.6053151e-04
 -1.1709790e-03
  5.6466903e-03
 -4.6844566e-03
  1.6912103e-01
 -1.2284562e-02
  5.8031507e-04
  1.6535618e-03
 -6.6098856e-04
 -4.3424051e-03
 -2.5976927e-03
  1.1768540e-03
 -3.5056870e-03
 -8.2751026e-04
  2.4281391e-03
  3.3650082e-03
 -2.0084716e-03
 -8.5932296e-04
 -1.8218051e-03
  6.3563264e-03
  4.5759692e-03
  2.5847245e-03
 -5.2034450e-03
  1.7913382e-03
 -1.9357615e-03
 -2.1002197e-03
  4.9090030e-04
 -8.1033520e-03
 -2.5855179e-03
  2.3085270e-03
 -6.4198421e-03
  1.6609766e-03
  6.5301703e-03
 -6.4428179e-03
  3.7733079e-03
 -1.0178884e-03
 -7.8355071e-05
 -2.0531712e-03
 -7.7109935e-04
 -1.1293191e-03
  2.9371449e-04
  1.2243515e-02
  2.3415964e-03
 -1.8020528e-03
 -6.0767075e-03
  1.8114442e-03
 -2.4752608e-03
 -3.5003424e-03
 -2.8123936e-04
  4.3463430e-04
  6.3146069e-03
  2.5770981e-03
 -2.7144602e-03
 -1.3846491e-03
  4.3665408e-04
 -1.8200491e-03
 -1.6833137e-04
  3.0239651e-03
 -8.4707438e-04
  8.4549114e-02
  2.4602113e-03
  2.3869658e-03
 -3.8986243e-04
 -1.0194926e-02
  2.3329235e-03
 -2.0136060e-03
  4.5714591e-04
  3.0360427e-03
  1.8936807e+00
  6.5891864e-03
 -1.4808941e-02
 -2.8128724e-03
 -1.0794922e-03
  2.5509609e-04
 -3.3914186e-03
 -4.3324140e-04
 -7.9413963e-04
  4.1692404e-04
  2.9959390e-04
  7.9176137e-03
  8.3268015e-03
  2.3017337e-03
 -7.5657351e-04
  8.7800162e-04
 -8.6261053e-03
 -5.1361527e-03
 -2.0289465e-03
 -6.4410071e-04
 -1.4822833e-03
 -3.1112274e-03
  2.1102776e-04
  2.0984400e-03
  8.7495856e-03
 -4.4292709e-04
  9.1482862e-06
 -3.4401569e-04
  4.8427801e-03
  1.8693598e-03
 -2.1436999e-03
 -2.8014244e-03
  3.8979278e-04
  1.4588064e-02
  3.8650350e-03
  8.2079327e-04
  1.2194290e-02
 -5.3627342e-03
 -6.0560510e-06
 -2.0424526e-03
 -6.3649267e-03
 -5.1921410e-03
 -1.6146673e-02
  7.7201920e-03
  2.9936011e-03
 -2.2693833e-03
  8.4521342e-04
  1.1036887e-02
  5.4733031e-03
  3.5800904e-03
  6.3504511e-04
 -4.3935804e-03
  5.2866375e-04
  5.5463649e-03
 -3.1585572e-04
  7.0295190e-03
 -9.4104395e-04
  4.1975674e-01
  8.0441497e-03
  1.0237645e-03
  4.2960276e-03
  1.3103960e-03
 -8.1393182e-02
  8.4159253e-03
  7.5867766e-04
 -8.8793881e-02
 -6.9530457e-02
 -4.7919322e-03
  4.6509816e-03
 -9.8396884e-04
 -5.6646811e-03
  5.2934629e-03
  3.9867782e-03
 -5.7418863e-03
 -1.4463312e-03
 -1.9664085e-03
  2.8784154e-03
  2.9256130e-03
 -8.3015831e-03
 -5.4501412e-03
  4.0532993e-03
  1.7030681e-03
 -9.4460347e-04
 -1.6342645e-03
  1.6640782e-03
 -2.0527605e-03
  1.5871772e-03
  7.6034153e-04
 -1.1294903e-03
  3.3240826e-03
 -2.0006632e-03
  7.8567155e-03
 -4.7008129e-05
 -3.3455943e-03
 -2.0104174e-03
  2.6473969e-03
 -1.4168547e-03
 -4.2091166e-03
 -3.8828712e-04
  2.5247408e-03
 -7.8075561e-03
 -5.2923542e-03
  6.4896937e-03
 -4.6296064e-03
  6.8605281e-03
 -3.8487494e-03
  7.8945461e-04
  6.8299230e-03
  5.1559344e-02
  2.3606250e-03
  9.4793591e-04
  1.4420335e-02
 -6.5586804e-03
 -3.7975705e-03
 -4.7986984e-04
 -3.4172800e-03
  1.1131009e-02
  1.2470151e-03
 -1.1285007e-03
 -3.4824030e-03
 -4.4611455e-03
 -3.2313642e-04
 -1.3609157e-02
  2.7567390e-03
 -8.2870299e-04
 -3.7006795e-04
 -4.2150798e-03
 -4.6828920e-03
  5.5652554e-04
 -3.4667049e-03
  2.9132252e-03
 -1.1271279e-03
  2.0885107e-03
  6.8408310e-01
 -1.5172082e-03
 -3.4529113e-03
 -2.6116057e-03
 -8.7022148e-03
 -1.3515186e-03
 -5.6786523e-03
  2.5370074e-03
  1.5397265e-03
 -7.2896471e-03
  4.8477720e-03
 -1.5940359e-01
  6.2352954e-03
 -8.0520922e-04
  8.8681996e-01
 -1.4328152e-01
 -1.7100386e-01
 -2.3833067e+00
  2.8634947e-03
  3.2709602e-01
  2.4372507e-02
  1.6455114e-02
 -4.7101755e-02
 -1.6641508e-01
  4.8613481e-02
  4.2550494e-03
 -4.3391611e-04
 -9.0303586e-04
  1.6005140e-02
 -1.1690618e-01
 -2.1049179e-01
  3.9841913e-02
 -3.2954318e-03
  2.7914217e-03
 -6.4726775e-03
 -4.7328435e-02
 -3.3996227e-01
 -2.6443002e-01
  7.6499819e-03
 -4.3706298e-03
  1.8727574e-01
 -2.3429052e-03
  5.6198756e-03
  4.9321583e-01
 -4.5240805e-03
 -8.2572317e-04
  1.6145939e-04
  3.6134195e-02
  6.6582439e-03
 -5.2882568e-03
 -1.3993461e-02
  1.4559065e-03
  1.2961851e-03
 -2.7298257e-03
  5.4947212e-03
 -8.3675545e-01
 -3.4159678e-01
  9.1025895e-03
  6.0562152e-01
 -1.0654072e+00
  8.1847021e-03
 -1.5445459e-01
 -4.7166478e-03
 -6.9592081e-02
 -1.7433265e-03
  9.1874329e-03
 -1.8707065e-02
 -1.0194820e-02
  1.3783432e-02
  3.8122463e-03
 -2.1119256e-01
  1.2484725e-03
  6.4494060e-03
 -6.8464980e-02
 -5.7741477e-06
 -1.1140873e-03
  6.3579027e-03
 -3.0612755e-03
 -2.8984151e-03
  4.9414798e-03
 -1.4466225e-02
  2.5130091e-03
 -1.5807813e-01
  1.6773137e-03
  6.3151014e-03
 -2.2348634e-03
  3.1567602e-03
 -5.9785149e-03
  7.7656014e-03
  3.6560970e-03
  7.1307770e-03
  5.7963217e-03
  1.3426376e-03
 -1.3070432e-02
 -6.6017201e-03
  1.2230490e-02
 -1.7524320e-03
 -4.7652921e-04
 -8.0627939e-03
  6.3104229e-03
 -4.1229185e-03
  3.8472947e-03
 -3.8982460e-03
 -8.7647708e-03
 -6.8763439e-03
 -5.5378774e-04
 -3.9865281e-03
  1.6313294e-03
 -4.7642346e-03
 -4.6126670e-03
 -1.7739714e-03
 -1.9543464e-03
 -1.9308211e-02
  1.0791169e-02
  5.8797691e-03
  4.7878497e-03
  4.4765827e-04
 -2.2759016e-03
 -1.0424263e-03
  2.5709674e-03
 -1.9890360e-04
 -1.4807616e-03
  2.4327205e-03
  3.8926427e-03
  3.7517347e-03
 -2.6294548e-04
 -2.4314923e-03
  2.2860426e-03
  1.7865906e-04
 -1.5296281e-03
  1.5862373e-03
 -1.4531122e-03
 -6.5916480e-04
  6.3593183e-03
 -2.1702957e-03
  2.7566771e-03
  2.4577538e-03
  6.0957656e-03
  3.2171283e-03
  1.9516420e-02
  1.2560308e-03
  4.7918367e-03
  1.9901170e-01
  3.1518772e-01
  2.6917038e-04
 -1.0342122e-02
 -1.9523582e-03
 -9.7568192e-02
  4.2784885e-03
  9.5990552e-03
 -1.5433998e-01
 -2.4566118e-04
  1.2009492e-01
 -1.4561486e-03
 -3.7579749e-02
  1.0437976e-02
  1.1858419e-01
 -9.5261618e-02
 -2.8996572e-03
  9.0075727e-04
  8.2219654e-04
 -8.7628281e-03
  8.0964817e-03
  6.1993871e-02
 -1.4861320e-02
 -1.6752700e-03
 -1.4068517e-02
 -6.2155660e-04
  1.1154656e-02
 -2.6714986e-03
  9.5995693e-03
 -7.0806090e-03
  4.4318731e-03
 -2.8147707e-02
 -1.2116163e-03
  2.0421653e-03
 -7.5220498e-03
  1.3344624e-04
  1.1833170e-02
 -2.9940380e-05
  2.7409848e-03
  6.0608252e-03
  1.6134091e-04
 -1.6536252e-03
 -1.7984045e-03
  2.1915298e-03
 -3.8862985e-03
 -3.8328592e-04
  1.1274418e-03
  8.0030935e-04
 -3.5347221e-03
 -5.0847215e-04
 -4.2119939e-03
 -1.3183923e-02
 -4.4849585e-03
  2.5279999e-03
 -5.1303357e-03
  1.5711942e-03
  2.2661986e-03
  3.6314542e-03
  7.3325838e-04
 -5.9954785e-03
  7.3831732e-04
 -9.9384844e-05
  2.1527098e-03
  1.1217357e-03
 -2.5637834e-03
 -9.5459251e-03
  1.6636571e-03
 -7.2323321e-03
  5.6185583e-03
 -1.3112397e-03
 -1.5665684e-02
  8.5171172e-03
  1.8857276e-03
  3.6976254e-03
  2.5836178e-03
 -1.1080421e-03
  2.6710641e-03
 -1.8623426e-03
 -3.4906552e-03
  1.1315277e-02
 -1.3210906e-05
  8.7952256e-01
 -2.4259357e-01
  4.2075338e-03
  3.2355118e-01
  1.3809940e-01
  2.1830539e-03
 -1.2575382e-02
  4.9943696e-03
 -1.3753274e-01
 -1.3717298e-02
  3.1253910e-03
 -5.5606025e-03
 -5.9389104e-03
  1.8240472e-02
 -1.7834571e-03
 -8.0999747e-02
  9.3137600e-02
  5.6469073e-03
 -2.9520880e-02
 -5.7180854e-03
  1.1399109e-03
 -3.4949004e-03
 -3.0087205e-03
  4.2090858e-03
 -2.9458145e-03
 -8.1417449e-03
  5.5161014e-04
 -2.1220406e-03
  1.1975777e-02
  7.0399358e-03
  2.8171828e-02
  2.5282273e-02
 -9.2422990e-03
  9.1909559e-04
 -1.4602018e-03
 -8.0674357e-04
 -1.9985845e-04
 -5.2325255e-03
 -1.4790365e-02
 -2.0337300e-03
 -6.6473440e-04
  4.8332819e-04
 -6.0172414e-04
  1.3389500e-02
 -3.6455283e-04
  8.1195089e-04
  2.0079138e-03
  3.4925062e-03
  3.9046800e-03
  4.5647533e-03
 -3.0603141e-03
 -1.5725878e-03
  2.9706832e-03
  8.5371436e-04
 -8.6591416e-04
 -3.2848556e-04
 -1.5547149e-03
  2.2227224e-03
 -1.0448179e-02
 -1.9939286e-03
  4.7823609e-04
  7.2984514e-04
 -1.3832690e-03
  1.2909314e-03
 -9.2308214e-03
  1.2521925e-02
 -2.9567629e-03
 -2.3849166e-03
  2.8414761e-03
 -2.6110793e-03
 -2.6710094e-03
 -1.9724413e-03
 -6.5349457e-03
  4.0334431e-03
  1.4845981e-05
 -1.2410839e-02
 -1.4568574e-03
  5.6054199e-04
  6.8942402e-03
 -4.6358984e-03
  1.2472443e-03
  1.8452059e-03
 -8.1784241e-03
 -8.8557333e-04
  1.8261378e-01
  4.8477533e-03
  5.5883653e-03
 -1.3128360e-01
 -5.7385880e-01
 -8.0903210e-03
  1.1152786e-03
 -1.4510106e-04
  6.1930265e-02
  3.7730620e-03
 -2.5316288e-03
  5.4984581e-02
 -7.2704244e-01
 -9.9708855e-02
  9.6448354e-04
  4.2085916e-02
 -1.1333348e-01
 -5.4372303e-02
  8.0172487e-02
  9.4299245e-04
 -2.3408649e-03
  7.0771651e-04
 -2.0028702e-03
 -6.5379268e-03
 -1.2158731e-03
 -1.8998500e-03
  2.2689588e-03
 -2.8797181e-03
  5.7425797e-03
 -2.8705185e-02
 -9.7911849e-05
 -1.0453634e-03
  1.9984783e-03
  7.2489837e-03
  7.3312089e-02
 -8.0804469e-04
 -1.2614966e-03
  2.0960272e-04
 -4.1922838e-03
 -8.4084347e-03
  1.7136661e-02
  2.1436907e-04
  6.7855918e-01
  1.3669597e-01
  8.9837144e-05
  2.8164119e-01
  1.7068203e-01
  5.3516272e-03
 -3.0707549e-03
 -7.8125653e-04
 -1.1957803e-01
 -6.6752136e-03
  9.5517590e-04
 -4.7233785e-03
 -1.1494352e-02
  1.3340998e-01
  3.2729888e-03
 -1.0157265e-01
  1.7247337e-03
  8.6616606e-02
 -9.9907694e-03
 -2.2612768e-03
 -1.0420102e-02
 -3.4874531e-03
 -1.0862875e-03
 -8.3527778e-04
  1.7295817e-02
  4.1368417e-03
 -2.8986428e-03
 -7.6729497e-03
 -2.1443410e-04
 -1.1771945e-03
  7.2333490e-04
  1.3917416e-03
 -1.1835792e-02
  1.0430071e-02
 -3.1181885e-02
  1.6063489e-03
 -8.5847350e-03
  6.6758092e-03
  8.3195860e-05
  2.1199758e-04
 -8.5898739e-01
 -2.1817901e+00
 -1.3669711e+00
 -6.6890287e-01
 -1.9573706e+00
 -4.2480833e-04
 -2.3255937e+00
  4.6464747e-01
  1.1245617e+00
  1.9772525e-04
 -1.7579970e-01
 -1.0036234e-01
  2.1304581e-02
 -4.7195643e-01
  5.9773969e-03
  9.1110575e-01
  4.2423524e-04
 -5.1442090e-02
 -1.6383509e-01
  3.0515853e-01
 -5.7820350e-01
  9.4152227e-02
 -2.0057775e-01
 -2.2687907e-04
  2.6333129e-03
 -8.8180006e-02
  2.0082703e-01
 -1.6328450e-02
  1.5024421e-03
  1.2753075e+00
 -1.8614476e-03
  1.9680979e-02
 -1.2083157e-01
  1.9353847e-01
 -2.8238939e-03
  8.8906521e-03
 -2.6100048e-01
 -5.6757904e-03
  1.0457669e-04
 -1.1356339e-03
 -2.0721710e-01
 -6.1775459e-04
 -4.3215798e-03
 -1.3551146e-03
 -1.8158313e-03
 -4.0160045e-03
 -3.1419089e-03
 -1.7404015e-04
 -1.7112667e-03
 -1.5313700e-03
 -5.2983896e-04
  4.8954743e-03
  1.3581020e-03
 -1.0052968e-03
 -2.4430494e-05
 -9.2808314e-04
  2.8653222e-03
  1.3113169e-03
  1.3964139e-02
 -3.6296109e-03
 -1.1083317e-03
  4.8962366e-03
  8.1595976e-04
 -3.6520998e-03
 -2.4525565e-04
 -1.3390406e-05
 -3.6492981e-03
 -3.0896319e-03
  1.6141713e-03
  3.7354630e-04
  4.6728123e-03
  4.2436440e-03
 -8.1715436e-04
  6.1011924e-03
  5.4414612e-03
  1.1645809e-03
 -5.3175148e-03
 -7.0197480e-03
 -1.4754091e-03
 -3.2103187e-04
  9.9848083e-05
 -2.4788845e-03
 -3.1105033e-03
  1.8508529e-03
 -1.3110662e-03
  1.1324604e-02
  1.6695935e-03
 -4.2773923e-03
  1.5014568e-03
  1.2717274e-02
  9.0076782e-02
 -4.1073775e-03
  3.0833976e-03
 -4.3231463e-03
 -5.8277221e-03
  1.5712015e-03
  4.1907150e-03
 -5.0407290e-03
  3.7102364e-03
  5.2898978e-03
 -3.9228643e-04
 -2.4887221e-03
 -2.3001952e-03
  1.2520476e-03
 -7.9965685e-04
 -2.9182462e-03
  7.3013618e-03
  1.8414862e-03
 -3.8589612e-03
 -7.5896038e-03
  4.6975170e-03
  1.8615237e-03
 -4.2349412e-03
  2.5977090e-03
 -7.6010852e-04
 -1.3806538e-02
  4.8713912e-03
  1.6585987e-03
 -3.6115204e-03
  8.6375587e-03
 -9.1871800e-04
  8.7487645e-04
  3.5442892e-05
 -3.5276422e-03
  4.0423470e-03
 -6.9894660e-03
  6.0761373e-02
 -3.8681439e-01
  1.1934775e-03
 -2.4203068e-01
 -5.8594871e-01
  4.2277259e-01
  2.9961005e-01
  6.4969176e-01
 -8.4131937e-03
 -2.2435015e-02
 -5.9645608e-02
 -4.8357042e-04
  6.7489934e-01
 -2.1057072e-01
 -3.3840621e-03
  5.7582921e-01
 -1.0593358e-03
 -1.3620514e-01
  3.5588786e-02
  3.4514257e-01
 -2.9006904e-01
 -6.0814788e-04
 -1.5264192e-01
 -4.0430860e-03
  1.8772857e-01
  2.8509421e-03
  2.3666440e-01
 -2.5161210e-02
  4.7395542e-02
 -8.9249779e-03
 -3.1812734e-03
  3.6272225e-01
  5.5892061e-02
  1.5453780e-01
 -4.5900433e-03
  1.2209577e-03
 -2.9662398e-01
  6.7024346e-04
 -2.8889468e-03
 -3.7089296e-04
 -1.7255588e-01
 -8.5018259e-03
 -3.1420630e-03
 -3.7347985e-05
 -2.3564633e-03
  2.1268567e-01
 -9.8361643e-03
 -2.6207308e-03
 -2.0064851e-02
  2.4981843e-03
  6.9741877e-03
  2.8823565e-03
  8.6754025e-04
 -4.7888376e-02
 -1.6449254e-03
  2.9238281e-03
  8.6798146e-04
  1.7082753e-03
 -1.0984621e-03
  3.6526364e-04
  1.6788058e-03
  1.8359460e-04
  4.0911385e-03
  2.7409589e-04
  6.0421610e-03
  3.8698552e-05
 -1.1005836e-03
  1.3234487e-03
 -3.6868274e-03
 -8.3216681e-04
 -6.8757455e-03
  8.6493650e-03
 -3.8985400e-03
 -1.0082835e-02
 -7.1300115e-03
 -1.0354599e-02
 -1.1816047e-03
 -9.0512092e-04
  2.1570888e-03
 -1.9768605e-03
 -1.7764214e-04
 -1.7750082e-03
 -3.5658195e-05
 -9.2084892e-04
  2.9940078e-02
 -1.3507992e-01
  3.1439537e-01
 -1.0686114e+00
  2.4784517e-01
  1.5086050e-01
 -1.8346229e+00
  5.6265548e-02
 -1.4719667e+00
 -5.5388391e-01
 -9.5447358e-03
  2.8031570e-01
  5.8741909e-01
 -1.5043485e-01
 -1.3941050e-01
  4.8757958e-01
  3.1205944e-03
 -1.5719002e-01
  2.9047975e-01
  1.0170244e-01
 -2.8243193e-01
 -2.6204074e-03
 -3.8477930e-01
  1.4301322e-03
  4.1290913e-03
  3.4035887e-03
  3.1912100e-01
 -2.4309920e-02
  1.6987871e-02
  6.7299384e-01
  7.7799885e-03
  3.8957867e-01
 -7.6022662e-02
  2.8583981e-02
 -4.8073772e-03
  3.8815960e-03
 -3.1157008e-01
  1.6671165e-03
  1.0208888e-03
  5.7739072e-02
 -6.7197980e-05
  1.0535986e-03
  2.6224018e-03
 -1.8737105e-03
  6.9319614e-04
  5.9319711e-05
 -2.1120303e-03
  8.3783263e-04
  6.8015102e-03
  4.0394058e-03
 -2.8330524e-04
  1.5089561e-03
  4.9706106e-04
 -4.6122032e-03
  5.3187138e-03
 -1.2330485e-03
 -5.9954198e-03
  1.4445717e-02
  1.3237625e-03
  2.4556702e-03
 -1.1353862e-03
 -3.2082885e-03
 -2.7727979e-04
  2.2675190e-03
 -1.2309421e-03
  7.3858839e-04
 -7.4655563e-03
 -6.7011514e-03
 -1.9589856e-03
  9.3826029e-04
 -1.3473650e-03
  7.2129758e-04
  7.9828184e-03
 -5.5685062e-03
  2.6822085e-03
  1.3310515e-04
 -6.9124729e-04
  2.8242061e-03
  2.5134061e-03
 -5.9645134e-03
 -2.9027886e-03
 -9.2773611e-04
  2.0340916e-03
  4.7744229e-03
 -3.2131562e-01
 -3.6214488e-03
 -1.8924840e-02
  5.1512885e-01
 -1.4041399e-02
  7.8432448e-04
 -1.4653249e+00
  6.4917286e-03
  6.6965006e-02
  1.4932427e-03
  9.7165704e-03
 -4.5036632e-03
 -4.6544909e-04
  3.8216740e-03
  9.2364065e-03
 -3.1499188e-02
  8.5601688e-04
 -6.6027167e-04
 -1.7080504e-02
  1.3363858e-01
  2.9154368e-02
  3.7412690e-03
  5.6782779e-03
  2.7560925e-03
 -6.7718797e-03
 -9.9022090e-02
 -3.7053641e-02
 -1.1812403e-03
  2.8377275e-05
  1.6184077e-04
 -2.4710561e-03
 -2.6365598e-03
 -3.0783558e-04
 -8.5854325e-03
  5.5011315e-04
  4.1192113e-03
  1.0204288e-02
  5.0935657e-03
 -1.8411985e-04
 -1.5235097e-02
 -9.4932457e-06
 -3.3219021e-03
 -7.7190343e-04
 -1.0264120e-02
  5.1538076e-04
 -3.0330231e-04
 -9.8885491e-04
 -1.2611452e-02
 -6.2097586e-03
 -1.9534493e-03
 -7.6562574e-05
  2.9518425e-03
  2.3394490e-03
 -1.3180091e-03
 -7.7546705e-03
 -3.6839391e-03
  1.3686996e-03
 -4.8446073e-03
 -2.2617334e-03
  3.7068168e-03
  5.4374021e-03
  2.7379834e-03
 -1.4262798e-03
  8.5290717e-03
  1.0184230e-02
  3.9232266e-03
  1.5148940e-03
 -2.7005940e-03
 -9.1940298e-04
  2.9049062e-03
 -2.6553026e-03
  1.9597567e-03
  5.5928389e-04
 -7.6025347e-03
  2.4125953e-03
 -3.6440482e-03
  3.2350570e-03
  2.2661793e-03
  7.6020299e-03
  2.4193886e-03
 -7.1665994e-04
  1.2262857e-03
  1.1389883e-03
 -6.7184670e-03
 -4.8694559e-03
  5.6119746e-04
  4.2528845e-03
 -6.4178038e-04
 -7.5518866e-03
 -2.6238773e-03
 -9.5030683e-04
  2.6008878e-03
  8.4813277e-05
  7.0814099e-03
 -9.8511390e-04
  1.6578056e-03
  1.0998698e-03
  3.1349706e-03
  8.2280422e-03
  3.3318494e-03
  1.3439658e-03
  4.2912485e-03
  2.1763297e-05
  3.8563660e-03
 -5.4622088e-03
 -1.2277711e-02
 -1.9261776e-03
 -2.2004698e-03
  7.3434566e-03
 -5.5801971e-03
 -3.8707857e-03
 -3.5006824e-04
 -2.3002191e-03
  1.9420166e-03
  6.3280034e-04
 -5.0752475e-03
 -1.3628290e-03
  5.3382630e-04
 -7.9777039e-04
  3.2340607e-03
 -6.1482694e-03
 -3.1031920e-03
 -2.4251868e-03
 -5.6676934e-05
  2.2866740e-03
 -5.3533455e-03
 -1.1838832e-02
  3.3658615e-04
  1.2468659e+00
  3.1726337e-03
 -1.1851452e-02
 -9.6001014e-02
 -1.0465919e-01
 -1.9476691e-03
  3.6381758e-03
  2.3109904e-04
  8.2655042e-02
  3.9527562e-02
  1.8428544e-04
 -2.5569103e-03
 -1.3578668e-01
 -7.4779995e-02
 -2.5687946e-04
  6.0237251e-02
 -1.6789734e-02
 -6.7977354e-02
  5.5754647e-02
  3.3031104e-03
  5.9433738e-03
 -7.6906164e-03
  7.4660257e-03
  6.6838421e-02
 -5.2434951e-03
 -2.4797797e-04
 -7.2804601e-03
 -2.0631273e-04
 -5.2140588e-03
 -3.8195676e-03
  6.1740529e-02
  1.2987813e-03
  8.6625380e-04
  3.3560206e-04
  1.2435214e-02
 -2.6277902e-03
 -2.0725436e-03
 -1.6705175e-03
 -1.7078432e-04
 -2.5060410e-03
 -2.2910118e-01
 -1.4489500e-03
  6.2797271e-02
 -4.4905572e-04
 -4.4104420e-03
 -3.9168009e-01
 -1.5770502e-02
 -9.5391180e-03
  7.5168167e-03
 -2.0307461e-04
  4.1363522e-01
 -3.1854729e-03
 -3.4326810e-02
  3.9280230e-01
  1.3823551e-02
 -6.0833353e-01
 -9.2773244e-04
  1.8234259e-01
 -3.2123190e-03
 -4.0554319e-02
  6.1848629e-01
 -4.4933376e-03
  1.2694220e-01
  2.7081661e-03
  2.6601952e-01
 -7.3075597e-03
 -1.8607444e-01
  5.1687099e-03
 -3.2889601e-02
  8.5065447e-02
  1.6518887e-02
 -4.0972832e-01
 -3.0607069e-02
 -2.7695554e-01
  6.0524642e-03
 -3.6020579e-03
  5.7599002e-01
 -1.9585954e-03
  7.0401939e-04
 -5.9992592e-03
  5.4233652e-03
 -2.4604199e-03
  5.5575003e-03
  2.0335177e-03
  4.5842831e-03
  5.5919853e-03
  2.1501868e-03
 -5.3864676e-03
  5.6045470e-03
 -2.0830289e-03
  5.1236837e-03
 -1.4585837e-03
 -3.6882993e-03
  2.9047776e-03
  2.6086192e-03
 -3.1667687e-03
  4.8340666e-03
  8.7284995e-03
 -5.0732416e-01
 -1.2684416e-02
 -3.7486018e-03
 -1.2333391e-03
  2.2628538e-03
 -7.6133516e-03
  6.7774212e-04
 -5.2426928e-03
 -7.5539848e-04
  2.0183651e-03
  8.2002180e-03
 -3.1284839e-03
  1.1643927e-03
 -3.4383351e-03
  7.5174426e-04
  1.1600435e-03
  2.8203705e-03
 -6.5751830e-03
  1.1712753e-03
 -5.4830438e-03
  6.2374974e-04
 -5.5420329e-04
 -1.9192734e-03
 -9.2019228e-04
  4.2987874e-04
  2.8304136e-03
 -1.5123691e-02
  2.5315809e-03
  5.5131628e-03
 -5.1062428e-03
  1.6979940e-03
  3.4828673e-04
  9.9856984e-03
 -6.7255792e-04
  1.2474784e-03
  1.3211680e-03
 -2.9187738e-03
 -8.5522169e-03
  1.2668611e-02
 -6.6793421e-03
 -2.3443450e-03
  3.0978709e-03
  7.0230099e-03
  2.4725299e-03
  8.2902529e-04
 -2.9440017e-03
  1.0034929e-03
  6.8644283e-04
 -1.4402814e-03
  2.2272186e-03
  5.3802959e-04
 -9.6760661e-05
  6.0141520e-03
 -2.8419674e-03
  2.5686806e-03
  1.5822352e-01
 -7.3752552e-04
  1.6730324e-03
 -3.9314148e-03
  3.7908208e-04
  3.3043587e-04
  4.2597963e-03
  1.6699526e-01
 -2.1075711e-03
  1.6941518e-03
 -1.5431656e-01
  2.8822157e-03
  2.7947745e-03
 -3.7220924e-04
 -5.9449682e-03
 -1.8489173e-03
  7.7802123e-04
  8.5986097e-04
  2.9818979e-03
  4.0072603e-03
  5.8418656e-05
  1.6431722e-03
  1.9347963e-04
 -2.5128145e-03
  3.1381152e-03
 -2.3358541e-03
 -1.5141884e-03
 -2.1805570e-03
  3.7531380e-03
 -5.6891696e-04
  5.2877590e-03
  4.1718706e-03
 -8.3844652e-03
  3.1353295e-05
 -7.3952717e-03
  2.6575646e-03
  4.6985797e-03
  5.1111639e-03
 -3.7131966e-03
  1.1157343e-02
  2.4005820e-03
  1.3989361e-02
  9.6465967e-04
 -1.0105310e-03
  7.8241713e-04
  7.8935205e-04
  8.6344517e-04
  4.0184567e-03
  1.3634433e-03
 -2.9172816e-03
 -1.3873726e-03
 -2.0233761e-03
  2.8533812e-04
 -3.5566703e-04
  5.9489731e-04
 -8.1796132e-02
  2.9147805e-03
 -8.4733387e-04
 -5.5527724e-03
 -2.3828738e-03
 -6.6377670e-03
 -2.5260131e-04
  9.0088470e-05
 -2.0864874e-03
  1.4789305e-03
  9.7451368e-03
 -2.3132732e-02
  8.7923026e-03
 -4.5580994e-03
 -1.8139281e-04
  8.6639181e-04
  6.6651619e-04
 -3.2841018e-03
  1.0594254e-03
 -5.9726951e-03
  1.5650377e-02
  1.7387584e-04
 -3.2518024e-04
 -2.3034692e-03
  5.4587312e-03
  5.7611160e-04
  6.2226929e-04
  3.8925428e-03
 -1.5474708e-02
 -2.3857402e-03
 -1.8706399e-03
  6.1808168e-03
  1.2534995e-02
  3.3643395e-03
  9.7615132e-03
  2.9029304e-03
 -3.8516189e-03
  1.9630201e-03
  1.0999014e-03
  6.4534419e-03
  2.3474793e-03
  9.6051162e-03
 -2.0395217e-03
 -5.2927760e-03
  2.4354078e-03
  2.9432643e-03
  4.4140122e-03
 -3.5449131e-03
  1.2322221e-03
 -1.9116185e-03
 -4.1067545e-04
 -2.8201828e-03
 -2.0670020e-03
  3.4447596e-04
 -2.7547900e-03
 -4.0930058e-03
 -1.4069164e-03
  2.5172411e-03
  4.7716958e-04
  2.6118348e-03
  8.7520137e-04
 -2.0353033e-03
 -5.6474128e-05
  5.2529544e-04
  1.5191747e-03
  3.7373458e-03
 -5.0181216e-03
  1.3784701e-03
 -4.2250436e-03
  1.4455053e-03
  5.5026561e-03
  3.1352674e-03
 -4.3844730e-03
 -6.0508158e-03
 -1.6785072e-03
  2.8658104e-03
 -5.0559198e-03
  1.4781617e-03
 -2.7152826e-03
 -8.5927714e-03
 -8.9320127e-04
 -1.7421124e-05
  6.1291223e-04
 -1.0382570e-03
 -9.2519289e-03
 -2.5999648e-03
  3.2832567e-02
  6.7436877e-03
 -8.8933343e-03
 -2.1023925e-01
 -6.1513238e-02
  3.1391744e-04
  5.0275284e-03
  7.1738014e-04
  4.6126870e-03
 -1.3307964e-04
  7.6687656e-04
  9.3929442e-03
  1.4831731e-03
 -1.1079522e-01
  6.6138728e-04
  3.6660314e-02
 -9.1185694e-04
 -2.7995156e-02
  4.6286121e-02
 -2.4876501e-03
  5.5406906e-02
 -2.8653138e-03
  2.6430406e-03
 -5.2859378e-04
 -1.7627947e-02
  5.7497812e-03
 -8.9507503e-03
  3.6881518e-02
  1.0321856e-02
 -1.7076384e-02
 -3.9791426e-04
  6.9597694e-03
  1.1506698e-02
  4.4977572e-03
  3.3631805e-02
  8.8092923e-04
 -2.4384838e-03
 -2.2092016e-04
 -2.5082934e-03
 -5.9501769e-04
  2.1144906e-03
  4.6506189e-03
 -1.0264437e-03
 -7.1038967e-03
 -1.2322593e-03
 -2.2570307e-03
 -1.4548888e-03
 -9.3041174e-03
 -4.0160315e-04
 -3.6056917e-03
  1.5425507e-03
  7.3941578e-03
 -1.2539026e-03
 -1.1871256e-03
  1.0349789e-03
  3.5996251e-03
 -2.0432309e-03
 -3.4954734e-03
  5.1590996e-03
 -2.9402236e-03
  4.5845760e-03
  6.3828765e-03
 -3.1600508e-03
  1.3394172e-03
 -4.8625818e-04
  4.4102161e-04
 -6.3644454e-04
 -1.3797255e-03
  2.3812447e-03
  1.3624791e-03
 -1.5899038e-03
  1.8367629e-03
 -1.5912143e-03
 -2.3488498e-03
 -4.2091700e-04
 -2.3747042e-03
  8.0761249e-04
  2.8497790e-04
  8.2796775e-03
 -1.5236210e-03
 -8.0056186e-04
 -5.3824899e-03
 -2.2491317e-03
  6.8785860e-03
 -1.7132560e-02
  2.5314260e-03
 -4.4809743e-03
 -9.0334877e-02
 -7.9500414e-02
  5.3184326e-03
  1.6093375e-02
  1.1768112e-03
  3.7118074e-02
 -1.3788316e-02
 -2.4868925e-01
  2.0570611e-03
  3.0175620e-03
 -2.4213517e-02
  6.1379829e-03
  3.3723649e-02
 -3.8906047e-03
 -3.5688255e-03
  2.6322976e-03
 -2.8075972e-03
  1.3821634e-02
  2.9827410e-04
 -3.4110213e-03
 -8.4135082e-04
 -4.7286879e-04
  3.2538548e-03
 -6.6004801e-03
  3.2558166e-03
 -3.2995550e-03
 -4.7165998e-03
 -1.3757520e-03
 -7.6889396e-02
 -1.9195779e-03
  9.0637041e-04
  3.9842129e-02
  8.7461475e-04
 -3.3968012e-03
 -2.7042890e-03
  3.4657915e-03
  8.1063909e-03
  2.1705362e-03
  6.2475847e-03
  4.4389877e-02
 -2.4569600e-03
 -3.2339820e-03
  7.8747980e-03
 -3.1810734e-04
 -3.1699424e-03
 -2.9183123e-03
 -3.7488099e-03
 -2.0719717e-01
 -7.5336080e-03
  2.4266704e-04
 -1.5802456e-01
  7.3120691e-04
 -1.5596533e-03
 -5.2800507e-04
 -7.7890167e-03
 -8.3233244e-05
 -3.5751413e-03
 -2.0250122e-03
 -8.0046123e-03
 -3.2048943e-03
 -1.3712620e-02
  1.2117185e-03
  2.9103737e-03
  2.7183159e-03
 -2.0321643e-03
  2.8363445e-03
 -2.6093589e-03
  6.1971908e-03
  2.1133118e-03
 -3.2722535e-05
  3.4620459e-04
  3.2961294e-03
 -4.8908936e-03
  1.5734874e-03
  4.1289576e-03
 -5.1243929e-03
  6.1496277e-03
  3.6459924e-03
 -2.6458467e-03
  1.3510198e-03
 -2.9611089e-03
 -1.8629406e-03
  5.0263968e-04
 -1.4193741e-02
  4.5419619e-03
 -5.7472493e-03
  5.0442410e-03
 -5.2632108e-06
  1.2285406e-02
  1.3655742e-03
 -8.7938912e-04
 -7.1705901e-04
  2.5106436e-03
 -4.0689777e-03
  4.2664739e-03
 -9.3863131e-03
 -4.1818218e-03
 -6.3444274e-03
  8.3208829e-04
 -9.6717738e-03
 -1.6988338e-03
  1.8242237e-03
  6.5772992e-04
  2.5540662e-03
  1.7879357e-03
  3.7538441e-04
  3.3672736e-03
  7.1290095e-04
 -2.2545313e-03
 -1.8901761e-04
 -9.0501172e-04
 -3.3625975e-04
 -8.0944621e-04
 -2.3247220e-04
 -1.0842569e-03
 -2.9729009e-03
 -1.2385662e-03
 -2.1408657e-03
  2.3988606e-03
 -7.6241762e-04
 -1.2313739e-02
  3.2473866e-02
 -2.1915403e-03
  5.5444362e-03
 -1.7916138e-03
 -3.0125605e-03
  1.5720295e-02
 -1.2084525e-01
 -1.8099396e-04
  3.2666035e-04
 -1.1267398e-03
 -7.5963631e-02
  1.3516445e-02
  2.4048570e-03
 -4.4799754e-03
 -4.5551877e-03
  8.8228166e-02
 -2.6909441e-03
 -4.7790417e-03
  7.9042595e-03
 -9.0058980e-04
 -1.7010808e-02
 -1.1079851e-02
 -1.5482436e-04
  1.6739210e-03
 -1.0501329e-04
  1.0614685e-03
 -7.0584862e-04
 -2.7180304e-05
  2.2706329e-03
  6.1211921e-04
 -4.4211689e-03
  1.3316769e-02
 -1.0932684e-04
  5.7871797e-04
 -1.2847756e-03
 -1.6386195e-03
 -2.8871499e-02
 -3.3951506e-03
 -4.0490557e-03
  6.6652650e-04
 -1.0293474e-03
 -8.9979940e-04
  1.3528178e-03
 -8.3289086e-04
 -9.6687563e-02
 -2.1316495e-04
  3.6079998e-03
  1.8190947e-01
 -2.4593147e-03
  7.1670692e-03
 -3.8364276e-03
 -8.7347468e-03
 -1.3158692e-01
 -1.4068601e-04
  2.1822831e-02
 -2.1125151e-02
 -6.8583963e-03
  2.3069423e-02
 -5.3093513e-04
 -1.0661691e-01
  1.6778512e-02
  1.0279875e-01
 -2.4409978e-01
 -7.5385103e-04
 -2.7193787e-02
 -5.1236958e-03
 -1.7046790e-03
  1.0227006e-03
  1.0275360e-01
 -2.1270777e-03
  2.7470232e-04
 -1.4020476e-02
  2.2003786e-03
  4.7791880e-02
  3.2248944e-02
  1.7441536e-01
  1.4755194e-03
  6.5213442e-03
 -2.7842082e-02
 -6.9779963e-03
  2.2422540e-04
  3.3570828e-03
 -6.0511809e-03
  3.7899429e-03
 -8.4417323e-03
 -2.9893038e-03
  1.4304466e-03
 -3.1616311e-03
 -8.0839038e-04
  1.2977016e-03
 -2.4621543e-03
  6.3099456e-03
  3.1876948e-03
 -7.9312391e-04
  6.2198896e-04
 -5.1675122e-03
 -2.2826386e-03
  1.0284835e-03
  4.7522630e-03
 -5.9159473e-03
  6.6735147e-04
  5.2670334e-03
 -2.4233297e-03
 -2.4293063e-03
  1.0485399e-02
 -2.7920119e-04
 -2.8217130e-03
 -2.5338016e-03
 -1.7761945e-03
 -6.6110520e-03
 -5.7066785e-04
 -2.9572125e-03
 -3.2296977e-03
  8.0675754e-04
 -3.3518258e-03
 -4.3863785e-03
  9.4949361e-03
  7.2077342e-04
  8.6578112e-03
  7.1693067e-03
 -1.6110300e-03
 -4.5980027e-04
  1.0244366e-02
  6.7602629e-03
  1.6230460e-02
 -1.4992222e-03
  1.4378219e-03
 -4.1703493e-03
 -6.3837604e-03
  3.7822735e-01
 -2.3066385e-03
 -1.1280702e-03
  1.1875303e-02
  1.4897507e+00
 -4.7745914e-03
  3.2532069e-05
 -1.6443228e+00
  1.2684873e-02
  1.9352024e-03
  3.6282712e-03
  5.5338857e-03
  3.5928420e-03
 -1.2992116e+00
 -4.7240704e-01
 -1.6713326e-03
  4.6382807e-03
  1.8457671e-03
  2.5354949e-01
 -1.0093356e-02
 -1.7567530e-01
 -2.3906510e-03
  1.3541379e+00
 -1.6319754e-03
 -1.1214286e-03
  2.1786550e-01
 -4.7728246e-01
 -9.6719873e-01
  4.8886626e-03
 -8.3569413e-01
 -6.2664523e-04
  4.5355763e-03
 -1.0438315e-01
  5.4732766e-03
 -3.3173827e-03
 -1.4435279e-02
 -3.1684730e-03
 -5.0508906e-03
  3.6401581e-03
 -2.9669290e-03
  2.5978231e+00
 -8.5702799e-03
 -1.4847898e-04
 -3.4098276e-03
  8.3824682e-01
  2.6036284e-03
  6.6039618e-03
  8.4352463e-01
 -8.8132729e-05
  7.7539943e-03
 -1.4326528e+00
  1.9939065e-03
 -6.8935222e-04
 -5.0949975e-04
  1.4715798e+00
 -3.0943075e-01
 -1.0010635e-02
 -8.9651841e-04
  7.4079965e-04
  7.1937721e-03
  4.8599829e-04
 -7.4057648e-04
  3.2358754e-01
 -8.5327858e-01
  7.4870014e-01
 -5.9574414e-03
  6.9248474e-01
  4.2746654e-03
  8.4502649e-01
  7.6981052e-03
 -6.0412836e-01
  7.3452169e-01
  2.1137602e+00
 -5.9276656e-03
  4.4397167e-03
  1.0875832e+00
 -3.1515813e-01
  1.7514135e+00
  1.2857808e-03
 -5.6311733e-01
 -3.2465193e-01
  6.6993339e-04
 -6.2862521e-01
 -1.4656547e+00
  5.4024538e-04
  2.1312536e-01
 -4.5174090e-03
 -1.7515536e-03
 -2.0459148e-03
 -6.4638841e-01
  1.5611320e-03
 -4.9110168e-01
  1.2411667e-01
  7.3953727e-03
  7.1101654e-01
  5.6127554e-01
 -1.9421768e-01
 -1.1057601e+00
 -8.2380332e-02
  8.4139162e-01
  8.9551133e-01
  2.6382154e-01
 -4.4690564e-02
  2.0022810e+00
 -3.4711424e-03
 -1.4350093e-03
 -1.9511968e+00
 -2.3094363e+00
  3.7280828e-01
 -3.2365631e-02
  1.2525327e+00
  2.0184115e-02
  6.5331794e-02
  4.1742291e-02
 -2.3711166e-01
  2.6613286e+00
 -3.5163864e-01
 -4.0529753e-04
 -1.9484475e-01
 -1.1428594e-01
 -5.1319640e-04
 -5.0203010e-02
 -2.2581570e-01
 -9.5645107e-02
  2.0193892e-02
  7.9737619e-02
  5.8675671e-01
  4.9380711e-01
 -1.7154080e+00
  1.8937956e-01
  1.4180436e+00
  7.1909696e-01
 -5.3239956e-02
 -4.8926243e-01
  3.6090484e-01
  1.6128376e+00
 -1.6678216e+00
 -5.3440261e-01
  2.5944090e+00
 -1.7545015e-01
 -5.1103622e-01
  3.6651486e-01
 -1.0185339e+00
 -5.1135617e-01
  1.5985454e+00
 -4.1077173e-01
 -7.6553740e-02
 -6.3984960e-01
 -5.0828713e-01
  7.5943780e-01
  1.4159938e+00
 -6.9067232e-02
 -1.2168487e+00
 -5.7084727e-01
  3.6186352e-01
  1.7229570e+00
  1.4241370e+00
  6.2845278e-01
 -5.4125345e-01
 -1.4271106e-01
  6.5729868e-01
  5.1834071e-01
 -1.6503052e-01
 -1.9033419e+00
  3.0190030e-01
  1.4027557e+00
 -1.9440748e-01
 -1.8257670e-01
  2.0373522e-01
  9.6658969e-01
 -2.6295455e-02
  8.4004301e-01
 -1.8378599e+00
  1.9973364e+00
 -1.2293091e-01
  1.6858411e-01
 -7.0562011e-01
  1.4909129e-03
  5.5286694e-01
 -1.1287758e-03
  2.0081649e+00
  6.5729749e-01
 -1.3050239e+00
  1.8257641e+00
 -6.5590119e-01
 -7.9000771e-01
 -5.7276261e-01
  1.3423067e-01
 -1.8180321e+00
 -2.1472946e-01
  1.6176125e+00
  3.1210133e-03
  3.4012448e-02
 -3.6561015e-01
 -3.9737710e-01
  3.4995097e-01
  7.5332367e-01
 -2.3381263e-02
 -4.8984075e-01
  8.3753633e-01
 -3.2543570e-01
 -8.0308568e-01
  2.1133223e-01
  6.6871578e-01
  2.3167616e-02
  6.1847925e-01
  8.2852975e-02
 -1.0681572e+00
 -2.3362348e+00
 -2.0309703e+00
 -8.6597307e-03
  3.0353615e-01
 -4.6674645e-01
  1.4429250e-01
  1.4816929e-01
  4.1716284e-01
  1.5517292e+00
  1.2183069e+00
  3.3029824e-01
 -1.6553872e+00
  5.1233387e-01
  1.4432957e+00
 -1.0180088e-02
  2.2056317e+00
 -2.4544806e+00
 -1.1732678e+00
  6.2358475e-01
 -7.6957956e-02
 -7.5054306e-01
  5.1132560e-01
  8.4365469e-01
  5.0459671e-01
  7.9914039e-01
 -5.0993228e-01
 -1.9336477e-01
  1.0854535e+00
  2.2234592e+00
 -6.0312325e-01
 -1.1500851e+00
  7.1735466e-01
  1.3579770e+00
 -6.6161662e-01
 -2.0017354e+00
  6.1814380e-01
  1.9329291e-02
  5.1144725e-01
 -5.5714715e-03
 -1.1909136e-03
 -2.3352475e+00
 -9.2237350e-04
 -1.8321003e-01
  1.3422637e-01
  1.4869967e+00
  5.2456602e-02
 -2.1765764e+00
 -5.6009054e-01
 -1.1781890e+00
  2.0428987e+00
 -1.0070858e+00
 -2.6202980e-01
 -1.2929877e+00
 -2.3873197e-01
 -3.6373293e-01
  7.9752976e-01
  7.9863846e-02
 -1.2117404e+00
  2.4131285e-03
  7.6781027e-02
  1.2364523e-01
 -7.9969621e-01
 -5.7555491e-01
  6.5308986e-03
 -6.7118034e-02
  9.5162576e-01
 -6.6005397e-01
  6.2596756e-01
 -1.6948700e-01
  7.7795911e-01
 -1.3792358e-03
 -5.9229688e-04
  1.1648517e+00
 -1.8935182e+00
 -2.2009939e-03
  7.0302889e-02
 -4.5555230e-02
  2.9273329e-03
 -7.5600907e-04
 -2.4906138e-02
  5.1848906e-01
 -4.9079481e-01
  1.9806430e-03
  1.2143684e-02
 -2.2372605e-01
 -2.6294851e-01
 -2.0661557e-03
 -7.0329146e-03
  8.0563217e-01
 -5.1668561e-01
  5.4946006e-03
  1.1335158e-03
  9.7831208e-01
 -5.9028280e-01
  8.2719754e-03
  5.7476554e-03
 -6.0125524e-01
  8.1062180e-01
  8.7819984e-03
 -3.6447973e-03
 -7.8329247e-01
 -6.0729414e-02
  2.3346324e-02
  3.5297385e-04
 -1.0360662e+00
  7.3533064e-01
  1.6582024e-01
  1.1843835e-01
 -1.2174375e+00
  1.1453885e+00
 -1.8900039e-02
  8.5527264e-02
 -8.1899174e-02
  1.5087910e-01
  4.0248725e-01
 -4.9149075e-01
  1.5060271e+00
 -2.6060328e+00
 -1.3428768e+00
 -8.1067830e-03
 -8.0210763e-01
  8.9786041e-01
  8.9133467e-04
  4.6144739e-01
  2.1652345e-01
  3.5189807e-01
 -7.9615659e-01
 -8.6381012e-01
 -7.0776004e-01
  2.0510876e-01
  2.0341627e-01
 -1.0801080e+00
  2.9529724e+00
  7.7622002e-01
 -5.9928840e-01
  2.9471706e-04
  1.3206909e+00
  4.3398991e-01
 -1.8925140e+00
  4.2518827e-01
  1.0832483e-01
 -9.6594888e-01
 -1.8315740e-01
 -1.3365221e-01
 -5.9908065e-03
 -7.6686614e-04
 -5.2835913e-03
 -1.5181839e-02
 -2.9097924e-03
 -5.2476226e-04
 -1.9825025e-01
  4.2305093e-02
 -1.3358486e-02
  1.3892062e-03
  9.7613496e-04
 -5.8558267e-01
 -1.6493529e-02
  5.9058378e-03
 -2.8061375e-01
  6.9800892e-04
  1.2256374e-02
  2.4710125e-03
  5.0679632e-03
  1.2647456e-01
  1.2268826e-01
 -4.6885244e-04
 -2.5798988e-02
 -1.0548011e+00
 -1.2302389e+00
 -4.2781295e-04
 -4.0644103e-01
  6.0393190e-01
 -4.7376174e-02
 -1.1542869e-01
  1.5575503e-02
 -1.6817729e-01
 -7.5740790e-01
 -3.9730007e-03
 -1.6356146e-02
 -1.8158056e-02
  1.5170542e+00
 -9.4555300e-01
  1.1838521e-02
  6.8160924e-03
 -1.3385135e+00
 -3.5862525e-03
 -2.8249690e-01
 -1.7536622e-01
  1.0916048e+00
 -8.6229604e-01
  4.4441286e-01
  2.9267433e-01
 -2.1020935e+00
 -1.7182905e-02
 -8.1253070e-03
  5.3281933e-03
  2.2898436e+00
 -5.5711013e-01
  2.8953209e+00
 -4.0074834e-01
  3.1924114e-01
 -1.4508128e-01
  1.7365139e+00
  3.7065542e-01
  7.0798308e-01
 -5.5180627e-01
 -1.1356620e+00
 -3.2228366e-01
  3.6042836e-01
 -3.5593912e-02
 -1.0129449e+00
 -2.3948797e-03
  6.9728446e-01
 -7.5958061e-01
  1.0115229e+00
 -1.6857064e+00
 -7.8850565e-03
  1.4943337e-03
 -3.7624338e-03
 -5.9304271e-02
 -2.4976614e-03
  4.5097461e-03
 -4.7370929e-01
 -1.2375666e+00
  1.7794266e-03
 -3.4830750e-03
  2.2788662e-01
  2.7549624e-01
 -1.0626919e-03
  1.8664753e-03
  8.6120777e-02
 -2.2108176e-01
  6.1533559e-04
  2.0361526e-03
 -6.6323179e-01
  1.3259010e-01
 -4.8867529e-03
  3.5102498e-03
  3.0424111e-03
 -4.3743116e-01
 -5.1845703e-03
  4.7386987e-03
  6.4613754e-01
 -4.6136001e-01
 -1.5732729e-03
 -2.5939548e-03
  2.7300072e-01
 -5.4990232e-01
  1.2742737e-03
  7.6284371e-03
 -6.8712014e-01
 -2.0966940e+00
  1.0192353e+00
 -9.5756096e-01
 -9.3430215e-03
 -4.4038363e-02
  3.0208644e-01
  3.2069921e-03
 -4.7792545e-01
 -2.1766117e-01
  2.5437397e-01
 -8.6848831e-01
 -2.1733843e-01
  5.1046574e-01
  7.7682078e-01
 -5.6138769e-04
 -2.6451662e-01
 -3.8737610e-02
  3.9300379e-01
 -7.1306330e-01
 -6.5161264e-01
 -2.5560340e-01
 -7.7849984e-01
 -9.4325021e-02
 -7.0776594e-01
 -1.1460093e+00
 -1.1875743e-01
 -3.2738775e-01
 -1.7549959e-01
 -2.2750221e-01
  8.0278993e-01
 -5.6592697e-01
 -4.9045064e-02
 -1.4931460e-01
  5.5510879e-01
  1.0669670e-03
 -1.0275712e+00
  8.1404477e-01
  1.0517477e+00
  2.1655500e-01
 -1.6891512e-03
 -1.0777331e-03
 -4.5375241e-04
 -2.3603260e-04
 -7.3620021e-02
  1.7581885e+00
  5.2112025e-01
  8.1146374e-02
  2.8514302e-01
 -9.3896836e-01
  7.9221374e-01
 -6.5167989e-03
  3.8898248e-02
  4.0927893e-01
  1.5181535e-03
  2.5933653e-02
  4.9241203e-01
  7.1434861e-01
  6.6762686e-01
  2.0154161e-02
  6.4969623e-01
  2.8985381e-01
  2.9218078e-01
  3.2490224e-03
 -9.1849364e-02
  9.5134485e-01
  3.7225220e-01
  6.5402918e-02
  5.3195618e-02
  9.3697715e-01
  2.7129731e-01
  8.2899742e-03
  1.1128347e-03
  7.3085316e-03
 -2.9816346e-02
 -4.4685030e-01
 -1.5759128e-03
 -1.0790547e-02
  3.2798439e-01
  1.2495258e-02
 -7.3275636e-03
 -3.3212337e-04
 -3.1247410e-01
 -1.2817857e-01
 -6.1468324e-03
 -3.0215684e-04
  1.6202517e+00
 -3.4088922e-01
 -2.3103473e-03
  4.8800852e-04
 -2.5986684e-02
  9.8621147e-03
 -2.5900365e-03
  3.5789772e-04
  5.9477943e-01
 -8.9830589e-01
  4.8766113e-03
 -6.0409185e-04
  4.4918066e-01
  1.6869646e-02
 -9.4830774e-04
 -7.3919997e-05
  5.4196298e-01
 -6.6536415e-01
  5.2031660e-03
  8.2179770e-02
 -2.2208944e-01
 -7.0504646e-04
 -7.9884630e-05
 -8.9827605e-02
 -1.1486382e+00
 -3.5011019e-03
 -5.0236215e-03
 -3.6771411e-01
  2.8824860e-01
  2.4732680e-04
 -4.9545467e-02
 -2.4625787e-01
 -4.9369723e-01
  3.9008192e-03
 -3.2816425e-02
 -1.0406386e+00
  4.0464398e-01
  5.3336704e-03
  2.7999595e-01
  2.2857687e-02
  1.2032251e+00
  3.7852528e-03
 -4.4602994e-02
  6.8036073e-01
 -1.0497073e+00
  6.6617620e-03
  1.0564892e-02
 -7.0537746e-01
  1.7351927e-01
  3.9740563e-03
  2.6677776e-02
  1.0215738e+00
  1.4532273e+00
  2.9620989e-03
 -3.0859092e-01
 -1.8668363e+00
  1.6013772e+00
 -9.7208266e-04
  2.7734071e-02
  2.7734071e-02
  2.7734071e-02
  2.7734071e-02
  2.7734071e-02
  2.7734071e-02
  2.7734071e-02
  4.5671934e-01
  4.5671934e-01
  4.5671934e-01
  4.5671934e-01
  4.5671934e-01
  4.5671934e-01
  4.5671934e-01
  3.2051027e-01
  3.2051027e-01
  3.2051027e-01
  3.2051027e-01
  3.2051027e-01
  3.2051027e-01
  3.2051027e-01
  7.1556397e-02
  7.1556397e-02
  7.1556397e-02
  7.1556397e-02
  7.1556397e-02
  7.1556397e-02
  7.1556397e-02
  3.7431113e-02
  3.7431113e-02
  3.7431113e-02
  3.7431113e-02
  3.7431113e-02
  3.7431113e-02
  3.7431113e-02
  5.2305448e-01
  5.2305448e-01
  5.2305448e-01
  5.2305448e-01
  5.2305448e-01
  5.2305448e-01
  5.2305448e-01
