nep4_zbl 2 Mg Bi 
zbl 0.75 1.5
cutoff 6 5 52 31
n_max 4 4
basis_size 10 10
l_max 4 2 0
ANN 80 0
  1.7602943e-02
  2.5578782e-02
  1.8028040e-01
 -3.4130770e-01
 -3.6514771e-01
  1.4894396e-01
 -2.3481026e-03
 -1.9143939e-01
 -1.7103724e-01
  5.9017409e-02
  3.0781731e-01
  2.4485140e-01
 -2.1150723e-01
  2.0412123e-02
 -1.0878090e-01
  1.3665681e-01
  1.8144085e-01
 -2.3478854e-01
 -3.1902957e-01
 -8.4380321e-02
  1.1410355e-01
 -2.6262030e-01
 -5.8377188e-02
 -2.3850745e-01
  1.0027929e-01
  2.1767509e-01
  3.2067429e-02
 -3.3723348e-01
  2.5620955e-01
 -1.3402154e-01
  1.3030076e+00
  6.3596737e-01
 -9.9831831e-01
  6.3593078e-01
  7.9667062e-01
 -1.5181561e-01
 -8.5470986e-01
 -8.4802717e-01
  7.2896373e-01
 -2.7906200e-01
  5.1331294e-01
 -1.7864126e-01
  2.1217830e-02
 -8.3243489e-01
 -8.3566070e-01
 -5.6182200e-01
 -6.1709601e-01
 -1.0036316e+00
  1.6607627e-01
 -1.9462903e-01
 -1.4262414e+00
  1.7260312e-01
  9.7780898e-02
 -1.2468477e-01
 -4.0237403e-01
 -1.7504541e-02
  8.6701978e-03
  2.8130275e-01
 -1.6506562e-01
  1.0009809e-01
  1.3405757e-01
 -8.1614727e-01
  1.2883379e+00
 -3.5822965e-02
  5.5718958e-02
  6.2888008e-01
  4.3840971e-02
  2.2343041e-01
  1.5116863e-01
 -2.6251975e-01
 -1.3829359e-01
  4.3451414e-01
 -7.0986301e-03
 -2.3318592e-01
  8.4210679e-02
 -7.7290416e-02
 -3.5641722e-02
 -1.3773122e-01
 -1.2474426e+00
  2.4557400e+00
  3.4919262e-01
 -4.7429554e-02
  9.0192333e-02
  7.2156802e-02
  3.5144772e-02
 -4.2298146e-02
  1.1621033e-01
  2.0596574e-01
 -9.4079480e-02
 -7.9730338e-01
  3.7272591e-02
 -2.2842698e-01
 -7.5318269e-02
 -3.0237603e-01
 -1.9674215e-01
  5.8077086e-02
  4.4397824e-02
  4.7980210e-01
 -1.1940503e-01
 -1.7967106e-01
 -2.0993747e-01
 -2.3598333e-03
  1.1898652e-01
 -3.6627138e-01
 -7.3011452e-01
  5.8800939e-02
  1.6543713e-01
  3.9340600e-01
  3.8956958e-01
 -3.8741443e-01
  9.0459645e-02
  1.3897392e-01
  1.5074074e-01
  3.1651804e-01
  6.9573390e-01
  2.6369226e-01
  7.1387596e-02
 -1.4743721e-01
  1.1291939e-01
 -3.5349471e-03
 -4.9374461e-02
 -4.4783425e-01
 -2.5568900e+00
  7.6526231e-01
  2.4250586e+00
 -2.2265965e-01
 -4.1646394e-01
  6.0065445e-02
  1.8223241e-01
 -1.0641316e+00
  2.7631584e-01
  5.6145352e-01
  7.5458521e-01
  5.6220907e-01
 -6.6086471e-01
 -4.0129355e-01
  1.4777094e-01
  9.4608992e-01
  2.3573246e-03
 -4.9299413e-01
 -1.4507008e-01
 -1.2201285e-01
  3.5078397e-01
 -5.7820010e-01
 -5.5965539e-02
 -4.7806751e-02
  1.2106576e-01
  1.5353279e-01
 -4.1119492e-01
  9.3260154e-02
 -1.6172498e+00
 -8.1421626e-01
 -2.3901474e+00
 -1.7720560e+00
 -9.1630411e-01
  3.5175082e-01
  3.6109447e-01
 -1.0778666e-01
  8.8285685e-02
 -3.7745783e-01
  7.6904082e-01
  3.9131320e-01
 -5.7659596e-01
 -4.2072254e-01
  8.7823594e-01
 -6.8988287e-01
  2.4746458e-01
 -1.7629634e+00
  1.6539583e-02
  2.3404974e-01
 -8.9694202e-01
  3.8275209e-01
 -2.0744592e-01
 -4.6776593e-01
  3.1601688e-01
 -3.1188077e-01
  2.3923498e-01
  5.4964196e-02
 -2.4983726e-02
  1.1791258e-01
  6.2513363e-01
  4.6473059e-01
  8.2318813e-01
 -1.1881130e+00
  7.9599045e-02
 -5.3410500e-01
 -2.2827511e-01
 -1.0080742e+00
 -3.0549836e-01
 -2.2035296e-01
  3.9289765e-02
  8.0662668e-02
 -2.8150672e-01
 -1.7476004e-01
  7.3720142e-02
  2.5213084e-01
  3.2305637e-01
  2.3001263e-01
  9.6836977e-02
  1.8028483e-01
 -1.2194061e-01
 -2.8520364e-03
 -9.2576459e-02
  9.0185344e-02
 -7.9399154e-02
 -2.8652540e-01
  2.2476205e-01
 -2.0330116e-01
 -1.1621794e-01
  3.9524043e-01
 -2.0681047e-01
  1.0046507e-01
  1.5489426e-02
 -1.7758166e+00
  1.5003850e-01
 -1.2283751e-01
  2.2329138e-01
 -1.0874075e-01
 -3.2081500e-01
  9.9529348e-02
  5.4116189e-02
  1.7223617e-02
  2.7702111e-01
 -1.1302696e-01
 -2.7396807e-02
  7.9283178e-02
 -4.4111305e-01
  1.0983130e-01
 -2.7654219e-01
 -2.4750533e-02
  9.3931809e-02
  3.6878962e-02
  1.7194049e-03
  1.6026761e-02
 -2.0849791e-01
 -3.9072856e-02
 -7.5835392e-02
 -1.8031524e-01
  8.2528524e-02
 -2.1464060e-01
 -1.4537248e-01
  5.2064812e-01
  3.4004223e-01
  2.1770148e+00
  1.1225992e+00
  1.0130568e-01
  7.8662761e-02
  2.5934432e-02
 -1.0953436e-02
 -4.6475381e-03
 -3.0091897e-02
  2.2056378e-01
 -1.0810397e-03
  4.0706763e-01
  2.3250632e+00
 -3.9952127e-03
 -1.0006194e-01
 -8.3152624e-03
  1.6053563e-01
  4.6517971e-01
 -8.6946055e-02
  8.4247015e-02
 -3.6595020e-01
  3.8062338e-02
 -1.9725481e-01
 -6.4241096e-02
  3.3489481e-01
 -5.9033042e-01
 -1.2645380e+00
  6.8872370e-02
 -3.7973888e-02
  1.2208545e-01
  8.1773229e-02
 -3.2737341e-03
  3.1068820e-01
 -5.7059139e-01
 -1.0432075e-01
 -4.5006895e-01
  5.9879118e-01
 -3.8304201e-01
 -2.4163939e-01
  3.0116555e-01
  1.0628305e-01
 -1.7796050e-01
 -8.1430301e-02
  1.1451297e-01
 -3.2078607e-03
  7.7197254e-02
  5.1090792e-02
 -1.6553739e-01
  1.4773579e-01
 -1.6907562e-02
  8.2583606e-02
  5.7689678e-02
 -5.7907231e-02
  5.8161687e-02
 -1.9420028e-01
  1.4346130e-01
 -1.6659129e-01
  9.8134935e-02
 -1.6140012e-01
  3.4545362e-01
  2.4371908e+00
  4.1025087e-01
 -1.2128021e-01
  1.1700351e-01
 -8.9008778e-01
  2.6333934e-01
  4.6281170e-02
 -2.8232485e-01
  3.8990930e-01
 -1.9353321e-01
 -2.5760728e-01
 -4.5027238e-01
 -8.1051730e-02
 -4.0359023e-01
 -4.0993547e-01
 -1.3027523e-01
 -1.4060838e-02
  1.8327561e-01
  5.3308886e-01
  3.0624655e-01
  3.1359014e-01
 -2.6359034e-01
  1.9739152e-01
 -7.4711716e-01
  7.7277467e-02
  8.0548055e-02
 -1.2836619e-01
  5.4162011e-02
 -1.9830188e-01
  6.6055328e-01
 -8.1452763e-01
  5.5133846e-02
 -5.6002259e-01
  1.0378165e-01
 -4.2326751e-01
  1.5856396e-01
  6.7868684e-03
  1.9626629e-01
 -7.8977600e-02
 -2.0426251e-01
 -4.1210152e-02
 -1.2838359e-01
  3.3463839e-02
 -5.1845647e-02
  8.2641944e-02
 -1.2230474e-01
  9.6058939e-03
 -1.9678460e-01
  9.6726328e-02
 -5.8882661e-02
 -5.5754548e-01
 -7.6612361e-02
 -2.5407559e-01
  1.7011990e-01
  4.4046596e-01
 -1.5095009e-01
 -3.1841871e-01
 -1.6670191e-01
 -6.9557548e-02
 -5.1311772e-02
  2.4091259e-01
  1.3142504e-02
  2.4708301e-01
 -2.1101993e-02
 -1.4820540e-01
  6.5878831e-04
  2.6024222e-01
 -7.3475815e-02
  2.4232931e-02
 -2.9699829e-01
  8.3049215e-02
 -2.1155116e-01
  7.3312171e-02
 -1.5250839e-01
  1.3627021e-01
  7.4724376e-02
 -1.1665808e-01
  7.9150505e-02
  1.4905874e-01
 -7.4015772e-03
  3.6748391e-01
  9.9748917e-02
  1.4269754e-01
 -3.1663215e-01
 -2.8856063e-01
 -1.9815575e-01
 -8.5849404e-02
 -3.1488326e-01
  3.7786812e-01
 -2.2879858e-01
 -1.3259758e-01
  1.8511392e-01
 -4.4493008e-01
 -3.5834916e-02
  6.7616880e-02
  2.8957251e-01
 -1.1821793e-01
  1.9254431e-01
  1.0901540e-02
 -5.8787130e-02
  2.5803754e-01
  9.7673468e-02
  4.4441286e-01
  2.0772323e-01
 -1.2091405e-01
 -1.5117848e-01
 -8.2759634e-02
  2.4846740e-01
 -2.6643768e-01
  1.2402789e-01
 -5.6087617e-02
 -2.3920950e-01
 -1.9013025e-01
 -7.1901232e-02
  1.3118936e-01
 -1.8353567e-01
  1.4381970e-02
 -3.8014156e-01
  3.7505969e-01
 -1.1335436e+00
 -1.3902824e-01
  2.0738076e-01
 -5.0758308e-01
 -2.3806475e-01
  2.0632339e-03
  4.2442724e-01
 -9.8628312e-02
  8.1676781e-01
  3.5713177e-02
 -1.5622042e+00
  2.8243387e-01
 -1.3262287e-01
 -3.5641429e-01
  4.4674492e-01
  8.8602638e-01
  3.4853759e-01
  1.2712987e-01
 -4.2390842e-03
  1.9718444e-01
  3.3846754e-01
 -2.4256413e-01
  2.5626343e-01
  4.1989312e-01
 -4.6950167e-01
  1.4697281e-01
 -2.1549371e-01
 -1.8011390e-01
 -9.5144801e-02
 -1.0147779e-02
  2.4142139e-01
  3.1749141e-01
 -3.3721212e-01
  4.9502873e-01
  1.9124757e-01
  2.0358072e-01
 -7.4493386e-02
 -2.7930194e-01
  1.9337233e+00
 -3.2361290e-01
  1.5802725e-01
 -3.4949148e-01
  2.2936429e-01
  4.0501524e-02
  1.4140594e-01
  3.3800286e-01
 -2.6958969e-01
  3.5177980e-02
 -1.4177518e-01
  2.6260033e-01
 -3.6583886e-01
 -4.9729872e-01
 -1.1384342e-01
 -2.9018936e-01
  9.3243979e-02
  7.7979967e-02
 -1.5746785e-02
  1.1185477e-01
 -1.6594301e-01
 -3.1919801e-01
  1.4915507e-01
  2.7172419e-01
  1.7480959e-01
  1.5619922e-01
  1.2991500e-01
  2.6273766e-01
 -9.0015180e-02
  1.6272198e-01
 -3.8469821e-01
  2.0736898e-01
  3.5386261e-01
  9.8241158e-02
 -1.1774683e-01
 -2.0978665e-01
  3.2636592e-01
  1.9133207e-01
 -6.9928974e-02
 -4.2372590e-04
 -9.6607506e-02
  7.6903157e-02
  7.1319602e-02
 -1.0914613e-01
  4.0240848e-01
 -1.3108811e-01
 -1.7931817e-01
  7.8475267e-02
  6.0021996e-01
  1.0975331e-01
 -3.2894138e-02
 -3.8557923e-01
  1.7729163e-01
 -2.5209630e+00
 -5.7004958e-01
  5.0448798e-02
 -5.5651449e-02
 -1.5648071e-01
 -2.5437656e-01
  1.2425480e-01
  4.5540527e-01
 -2.3043808e-01
  1.0656917e-01
 -1.8462875e-01
  2.9307961e-01
  9.0672642e-01
  2.2609524e-01
 -1.9555372e-01
  1.8091746e-01
 -4.5104185e-01
  5.6418180e-02
 -5.3986591e-01
  2.9639283e-01
  1.4705017e-01
  1.9124165e-01
 -1.3970427e-02
  1.8227127e-01
 -8.8606916e-02
 -3.6788738e-01
 -1.6770081e-01
 -1.7525029e-01
 -1.0897303e-01
  2.4448994e-01
  3.9840676e-03
 -2.2637377e-02
  7.6875180e-02
  4.0546203e-01
  8.2439050e-02
  3.5049629e-01
  1.9338651e-01
  6.9785625e-02
 -5.2925762e-02
  1.6429131e-01
  2.8954931e-02
 -3.4633238e-02
 -1.7167695e-03
  1.0291605e-01
  3.3385241e-01
 -1.1222796e-01
 -3.2059062e-02
 -3.0787858e-01
 -1.1203837e-01
 -5.0935727e-02
  1.7708484e-02
  1.5796252e-02
 -1.4245106e-01
  1.1028191e-01
 -1.5601057e-01
  6.1167743e-02
  5.1824439e-02
 -2.6565382e-01
 -3.4549308e-01
  4.3692839e-01
 -5.8908927e-01
 -1.5904212e-01
  1.2601333e+00
  4.3145379e-01
  3.5560623e-01
 -1.5751918e-01
  2.3731752e-01
 -4.3798742e-01
 -2.6922491e-01
  3.1677529e-01
  3.2143896e-03
 -3.4911254e-01
 -1.2442707e-01
  3.2347798e-01
  1.0855738e+00
 -4.5040545e-01
  1.9378351e-02
  2.7229428e-01
 -1.6806918e-01
 -7.8464180e-02
 -1.3560343e-01
  8.7560840e-02
 -8.4189549e-02
  5.6554068e-02
 -1.3833800e-01
  5.1177666e-02
 -3.7864101e-01
 -1.2909155e-01
 -6.0544077e-02
  6.9877642e-01
  6.1282682e-01
  5.0755960e-01
  2.0962921e-01
  1.0857534e-01
  8.8284068e-02
 -1.3330838e-01
 -3.7895778e-01
 -1.0715576e-01
  3.1697212e-03
 -1.3384037e-01
  3.7985373e-02
 -3.8887286e-01
  2.0907398e-01
  2.2484247e-02
 -8.5008703e-02
 -3.9673388e-02
 -1.6055147e-01
  2.3139679e-01
 -1.7983966e-01
 -8.8495500e-02
 -8.2180649e-04
  6.4526506e-02
 -1.7294267e-01
  2.5968216e-02
  1.1262739e-01
 -1.9314052e-01
 -2.3483501e-01
  2.2545290e-01
 -3.3267042e-01
  7.6718622e-01
  8.8425189e-01
 -3.8437864e-01
 -1.7653960e+00
  2.3187101e-01
  5.9260454e-02
  3.3297489e+00
  2.3155044e-01
  2.8968550e-02
 -7.9257861e-02
  2.9806370e-01
  1.0464428e-01
 -9.0492733e-02
  3.5531465e-02
 -3.6585680e-01
  4.2818473e-03
  3.7220236e-02
  6.8371609e-02
  2.5078835e-02
 -1.0903024e-03
  4.8759127e-01
 -4.0136114e-02
 -1.1517589e+00
 -2.6060390e-01
 -2.0175274e-01
 -3.4481082e-02
  2.6215985e-01
 -1.9212253e-01
  1.6101494e-01
 -1.7112026e-01
 -3.7429461e-01
  1.6615455e+00
  9.1921128e-02
  1.0222499e-01
  3.4378445e-01
 -9.5865376e-02
  3.8598455e-02
 -1.6526140e-01
 -5.4125793e-02
 -1.0209356e-01
  9.6513800e-02
  6.4577645e-01
 -1.1245147e-01
  1.7950998e-01
 -2.7828583e-01
 -6.8613872e-02
  2.5246320e-02
  1.4624473e-01
 -3.7661383e-03
  2.7845389e-01
 -2.7474681e-01
 -3.1564984e-01
 -1.9772214e-01
  3.1247959e-01
  3.6878116e-02
 -3.0845452e-02
  8.5388012e-02
  2.3708752e-01
  1.0543153e-01
  7.7380604e-01
 -2.2422990e-01
 -2.4562294e+00
 -8.5511845e-01
 -3.7743643e-01
 -3.1208649e-01
  5.2035707e-01
 -1.0733549e-01
 -1.7381904e-01
  6.0799520e-02
 -7.0455603e-02
 -1.6956741e-01
 -3.7148339e-01
 -5.4644618e-02
  1.0766078e-01
 -2.2086147e-02
 -4.3083489e-01
 -4.5296043e-01
 -5.3945577e-01
 -3.0189678e-01
 -5.0602162e-01
 -2.0838310e-01
 -1.0449263e-01
 -5.4993302e-02
  1.4102824e-02
 -4.8896572e-01
  2.9106522e-01
 -3.2803357e-01
  1.2211266e-01
  7.3773466e-02
 -2.6765260e-01
  3.4385169e-01
 -7.1361077e-01
  5.1807322e-02
  1.3576529e+00
  1.0788319e-01
 -2.4011476e-01
 -2.7802143e-01
  2.5836191e-01
  9.6333325e-03
 -1.2902582e-01
  1.0166117e+00
 -2.2307140e-01
  1.5707555e-01
 -2.9740810e-01
 -1.8727364e-01
  3.4384713e-01
  4.0405046e-02
  1.6389867e-02
  9.1233063e-01
 -3.9077967e-01
 -1.1156523e-01
  1.9169767e-01
 -8.9324832e-02
 -1.4265478e-01
  6.3932359e-02
 -7.1266212e-02
  2.4040926e-01
 -2.5849792e-01
 -1.2155061e-01
  2.1107574e-01
 -9.7769797e-02
  7.3065585e-01
 -1.6105253e-01
 -1.2121397e-01
 -8.0431491e-02
  1.8441775e-01
 -3.8378935e-02
 -1.3310948e-01
 -3.5639271e-01
  3.5443479e-01
 -1.5753883e-01
 -9.2481554e-01
  6.5612301e-02
 -3.0201688e-01
 -1.5176195e-01
 -2.1613990e-01
 -2.0080127e-02
 -1.8697853e-01
  4.5196503e-01
  2.0977588e-02
 -2.8312348e-02
 -6.6024646e-02
  1.9383581e-01
 -2.2302040e-01
 -1.9175690e-02
 -3.6145221e-02
 -2.1318181e-01
  1.1651208e-01
 -2.5517717e-01
  6.3145302e-02
  2.6568577e-01
  3.4410092e-01
  1.4885536e-03
  7.3882870e-02
  1.3890633e-01
 -1.3528402e-01
 -1.7255150e-01
 -1.1661997e-01
  2.5023079e-01
 -3.8069382e-01
  3.1892613e-01
 -9.6392855e-03
 -3.9662749e-02
 -4.4181269e-02
  1.7402263e-01
  1.8210395e-01
  2.7866271e-01
 -2.8127676e-01
 -1.1555223e-01
 -1.7607230e-01
  3.6874023e-01
 -2.1302053e-01
 -5.7344646e-03
 -5.4569370e-03
 -5.1659822e-01
  1.2538150e-02
 -1.5051234e-01
 -2.9753858e-01
  3.5389065e-04
 -1.0606656e-01
  2.7502796e-01
  2.5600566e-02
  2.3158269e-02
  1.9356935e-01
  1.8019708e-01
  4.6572123e-02
 -8.4654085e-02
 -1.8728833e-01
 -8.4108904e-02
  6.9858775e-02
 -2.8784776e-01
  2.6740050e-02
 -1.8811040e-01
 -2.2059913e-01
 -1.0644970e-02
 -8.0363847e-02
 -2.0478690e-01
 -4.9684212e-02
 -1.7185107e-01
  2.6983288e-01
 -2.8519811e-02
  3.6940374e-03
 -5.2445054e-02
  2.2300340e-02
 -3.7688798e-01
  5.9966173e-02
 -1.1148498e-01
 -1.0431363e-01
 -8.9597508e-02
  5.7450014e-01
  6.7472553e-01
  5.3761739e-02
  4.0708455e-01
 -1.6119611e+00
  5.4672524e-02
  1.2066826e+00
  2.1202138e-01
  1.3278124e-01
 -1.6668092e+00
 -1.2681230e+00
  2.3852046e-01
 -8.5378230e-02
 -5.3385562e-01
  5.5321282e-01
 -3.7656906e-01
  1.0027751e+00
 -2.7766004e-01
 -4.9189799e-02
 -2.5877264e-01
 -8.0180071e-02
  3.6059782e-01
 -1.0024415e-01
  2.4543212e-01
 -4.1077486e-01
  3.0349579e-01
  3.3995128e-01
 -2.8378293e-01
 -1.8216382e-01
  3.4490743e-01
  1.2086127e-01
  1.2427325e-01
 -1.1559715e-01
 -3.1764263e-01
 -4.9055219e-02
  2.4290720e-01
  1.9494178e+00
  1.2980655e-01
  6.4949375e-01
  2.6652800e-02
 -2.5210601e-01
  3.4858186e-02
 -1.2223206e-02
 -1.1352146e-01
 -7.9704553e-02
 -3.3397693e-02
 -1.4499073e-01
  1.3215223e-01
  2.2678681e-02
  1.2354273e+00
  3.9546138e-01
  1.9164734e-02
 -4.7966082e-02
  4.9084274e-04
  6.8467677e-02
 -2.1028748e-01
 -2.9103702e-01
 -8.4965535e-02
 -7.6567568e-03
 -2.8446469e-02
  4.4946840e-01
  2.6572540e-03
 -1.5101784e+00
  1.1485579e-01
  4.3057588e-01
  3.1884298e-01
  2.5225580e-01
  1.0014300e-01
 -1.0866191e-01
  1.9874337e-01
  1.0780512e-01
  4.2495695e-01
  2.7608007e-01
  6.6104047e-02
  9.2002735e-02
  3.4465271e-01
  9.9875487e-02
 -4.7363195e-01
  2.6654628e-01
 -3.1777078e-01
 -2.0447986e-01
  1.2185379e-01
  9.5710032e-02
  2.7357906e-01
 -2.4372798e-01
 -1.9497912e-01
 -1.9133458e-01
  1.8157457e-01
 -3.2823455e-01
 -2.2369713e-01
 -4.0772378e-01
 -2.9093308e-02
  1.1268733e-01
 -5.3403997e-01
 -2.8125110e-01
 -6.9013566e-02
 -1.8879281e-01
  2.0511709e-01
 -9.0815455e-02
  8.7621048e-02
 -7.1383469e-02
 -9.1732770e-02
  9.9206530e-03
 -9.8213427e-02
 -9.6109754e-01
  1.2957309e-01
  2.0664530e-01
 -3.3760855e-01
  2.3995185e-02
  4.1366447e-02
  6.3997023e-02
 -6.0414307e-02
  3.0411720e-01
  5.1851404e-01
  1.3047478e-01
  2.0734839e-01
 -3.1687403e-01
  1.7680916e-01
  1.0314533e-02
 -1.1610268e-01
 -1.6402541e-01
 -1.0060810e-01
 -1.0390029e+00
 -2.6266223e-02
 -1.0278554e-01
 -1.0545238e-01
 -1.7676121e-01
  5.5408265e-02
  3.3273190e-01
 -1.3728239e-01
 -9.5268033e-02
 -4.3132290e-01
 -6.4482063e-02
  6.6494897e-02
 -3.4775082e-02
 -2.5897235e-01
 -1.7370245e-01
  2.8247154e-01
 -1.4761469e-01
  2.7052438e-01
 -8.7647490e-02
 -7.7174321e-02
 -1.6340855e-01
  1.5234233e-01
 -3.7950051e-01
  1.5081421e-01
 -1.1288692e-02
  1.4934192e+00
 -2.6834462e-02
  5.8771439e-02
  3.2383144e-01
 -3.7303042e-02
 -9.8525840e-01
  1.7410335e-01
  1.3932590e+00
  8.0952175e-02
 -7.3535424e-01
 -2.6863965e-01
  1.3810402e-01
 -3.9603871e-01
 -9.0598702e-01
 -7.5060427e-01
 -2.9099941e-02
  8.3022147e-02
  4.3920621e-01
  2.6047586e-02
 -5.9607297e-01
 -5.7295162e-02
  3.9900318e-01
 -6.6019386e-02
  4.6063974e-01
  7.6063357e-02
  2.2256291e-01
 -6.6193171e-02
 -2.4205108e-01
  1.2096708e-01
 -1.7704855e-01
 -1.2908517e-02
  1.4927883e-01
 -2.3838341e-01
  8.7230057e-01
 -6.3283342e-01
  5.5314064e-01
  3.1450817e-01
  1.1243812e+00
  5.1274389e-02
 -1.1776444e+00
 -1.4054078e-01
  2.2266251e-01
 -9.7347349e-01
  6.7520952e-01
  1.1524801e+00
  8.0647498e-01
 -1.4430894e+00
  3.0822407e-02
  5.4769212e-01
 -2.5768024e-01
  3.4371567e-01
  3.9362952e-01
 -1.2340207e-01
 -3.1755766e-01
 -3.9829457e-01
 -2.4623217e-01
  2.1385178e-02
 -2.0076248e-01
 -1.7230113e-01
  2.4108742e-01
  2.5303933e-01
  1.8086526e-01
  3.9351437e-02
 -9.6330434e-01
  6.0022533e-02
  2.3529968e+00
  2.4211023e+00
  1.9628824e-01
  1.9331394e-01
 -2.1407710e-01
 -4.7330923e-02
 -3.1826496e-01
  4.1470360e-02
  1.2403279e-01
 -4.9250104e-02
 -3.5281215e-02
  3.0614790e-03
  3.8269061e-01
 -1.2878999e-01
  5.0102025e-02
  2.2920480e-01
  5.6374860e-03
  1.6602309e-02
  2.8099832e-01
  1.2951656e-01
 -6.1251940e-03
 -3.7750870e-01
  4.1715275e-02
  3.0697117e-02
 -3.6235753e-02
  1.0117872e+00
  2.5381921e-02
 -2.7274203e-01
  7.2480380e-03
 -2.6517171e-01
  8.8205226e-02
  3.1625566e-01
  2.7057329e-02
 -1.3800964e-01
  1.0256101e-01
  4.4575233e-02
 -3.6124307e-01
  3.1748589e-02
  1.4629264e-01
 -1.5795940e-01
 -1.5924545e-01
  3.4827238e-01
 -1.3291448e-01
 -4.6216679e-01
  4.0636096e-02
 -1.6882382e-01
  8.0481216e-02
 -3.3461746e-02
 -2.2717752e-02
 -3.1284481e-02
  1.9582744e-01
 -2.0573761e-01
  1.0497215e-01
  1.3533241e-01
  2.5369978e-01
 -2.6638314e-01
 -1.2970646e-01
  1.7880513e-01
 -2.4820185e-01
 -4.6770975e-02
 -1.4410699e-02
 -3.4166232e-02
 -2.7488208e-01
  7.4215904e-02
 -1.7665270e-01
 -4.4745266e-01
  3.3133674e-02
 -1.4182281e-01
 -2.4019492e-01
 -2.1600194e-01
  1.3190489e-01
 -1.8912941e-01
  3.0866940e-02
 -3.3363100e-04
 -2.2606602e-01
 -2.8681946e-01
  1.2396870e-01
 -1.6464353e-01
 -1.0762832e+00
  2.0715566e-01
  1.1337041e-01
  1.2482980e-01
 -4.5927610e-02
  6.4264387e-02
  4.5384251e-02
  1.9626275e-01
 -5.5698287e-01
  3.8534984e-01
 -3.0674291e-01
 -2.2067481e-01
  2.3582169e-01
  1.3688009e-02
  1.8785557e-01
  1.9548628e-01
 -2.1372710e-01
 -9.9919721e-02
  3.7939716e-03
 -2.6944441e-01
  5.1528502e-01
  4.6451783e-01
 -2.5625032e-01
 -1.2359934e-02
  2.6289240e-01
 -5.7758931e-03
 -9.9687986e-02
 -7.9351552e-02
  1.4984518e-01
 -1.0151128e-01
  1.0731171e+00
 -6.3892402e-02
 -8.6642623e-02
  1.4901505e-01
 -5.6367186e-03
  2.7754954e-01
 -1.2780936e-01
  5.4585695e-02
  5.6282461e-01
  1.0553113e-01
  4.1554299e-01
  2.8053188e-01
 -1.1108700e+00
 -7.3968548e-01
 -9.1835409e-01
 -1.3848844e-01
  3.3777899e-01
 -8.9560144e-02
  3.6483660e-01
 -5.4614458e-02
  1.2492320e-01
  1.4766896e-01
  6.7651592e-02
 -1.2241140e-01
  5.0628237e-02
  1.1986006e-01
  1.1759386e-01
 -3.1146889e-03
 -4.9104452e-02
 -6.5992892e-02
  4.1767296e-01
  5.5327809e-01
  7.1536876e-02
 -1.4183742e-01
 -3.1911013e-01
 -1.2815623e-01
  1.7611149e-01
 -1.0424345e-01
 -8.7196589e-02
 -7.3337808e-02
  4.5428880e-02
 -6.8273112e-02
  2.5940481e-01
  8.1541705e-01
 -1.4394446e-01
  6.5423138e-02
 -6.9050545e-01
  7.9020160e-01
 -1.5259744e+00
  1.1281611e+00
  7.3926705e-01
 -1.2771789e+00
  2.4555205e-01
  7.0623893e-01
 -1.1063597e+00
 -2.6184440e+00
  1.4854265e+00
  4.6895435e-01
 -1.1121094e+00
 -1.9222441e-01
 -1.6611482e-01
  7.4782199e-01
  5.3707451e-01
 -2.0324232e-01
 -6.0035425e-01
 -5.5760469e-02
  3.4598055e-01
  5.6414473e-01
 -2.5124955e-01
 -2.0818631e-01
  2.9939663e-01
  5.4440689e-01
 -1.9004354e+00
 -7.8231955e-01
 -3.4041315e-01
 -7.5762644e-02
 -2.3191442e-01
 -1.8872449e-02
  4.0905815e-02
  2.7625564e-01
  1.2200334e-01
 -1.1546496e+00
  2.6736367e-02
  2.8006282e-02
  3.8699892e-01
 -1.3628176e-01
 -3.8617812e-02
  2.3395191e-01
  8.4357440e-02
  8.2904927e-02
  3.1962663e-01
  8.6474784e-02
 -4.2025395e-02
 -4.3292397e-01
  6.8671562e-02
  3.5925299e-02
  5.1086193e-01
 -9.6382216e-02
  2.2518151e-02
  1.8049222e-01
 -3.5231870e-01
 -4.2361245e-02
  6.7972520e-04
  1.2661096e-01
 -1.4248730e-01
  2.5238383e-01
  2.6192209e-01
  2.3741451e-01
 -1.2490836e-01
  1.0220660e-01
 -8.9661919e-02
  2.4415278e-01
 -1.0491484e-01
 -2.3002522e-01
  1.0699660e-01
 -3.7250265e-01
 -2.9855850e-01
  7.8505553e-02
 -2.3490045e-02
  1.4273899e-02
 -1.0181323e-01
  3.0127779e-01
  7.3708616e-02
  7.6080501e-02
 -9.0703256e-02
  2.5962415e-01
 -3.0024325e-02
 -1.5527867e-01
 -1.0970260e-01
 -2.7414328e-01
  6.1707914e-01
  2.5808629e-01
 -8.3008832e-01
  1.8111922e-01
  3.7736815e-01
 -2.1728603e-02
 -2.3531978e-01
 -3.2120503e-02
  4.6619773e-01
  1.0239641e-01
 -9.0711191e-02
 -4.0989354e-01
  1.6206684e-02
  1.5046842e-01
 -1.4256662e-01
 -2.9078320e-01
  2.9557610e-01
 -1.9603515e-01
  2.0385624e-01
  6.4488471e-02
 -6.5237540e-01
 -1.0277664e-01
 -1.3377880e-01
 -6.3150384e-02
 -2.5425052e-02
  8.4430343e-03
 -1.7656900e-01
  1.4265217e-03
  8.9195125e-02
  1.8901882e-01
  6.1712641e-01
  5.4397953e-01
 -2.2042756e-01
  8.4381557e-01
 -9.4689941e-01
  3.1194612e-01
  7.4424550e-02
 -3.4971723e-01
 -3.9687344e-01
  4.5053344e-02
  5.4350603e-01
  1.2214022e-01
  4.0626618e-01
 -2.4956763e-01
  9.7030275e-02
  5.7307899e-02
 -9.8373815e-02
 -5.9821725e-01
 -3.8872199e+00
 -2.4064149e-01
 -5.0318980e-01
  5.3479552e-01
  7.6625943e-03
 -2.7806252e-01
 -1.9054694e-01
 -4.5758417e-01
  3.4592297e-02
  1.2634124e-01
  8.3852753e-02
 -1.5397927e-01
  3.5757390e-01
 -6.2587731e-02
 -4.2686677e-01
 -7.5639971e-02
  1.6313866e-01
  1.8080672e-03
  1.6785284e+00
 -1.8205069e-01
  3.8229819e-02
  5.9748422e-02
  1.1653583e-01
 -4.0889718e-03
 -9.8498985e-02
 -5.4134607e-02
 -1.7064667e-01
 -1.0209773e-01
  1.9107670e-01
 -6.1879165e-02
 -8.1339203e-02
 -3.8460925e-02
  5.2895285e-02
 -1.9338077e-01
  6.7097731e-02
 -2.5602939e-02
  9.2078954e-02
  1.1054379e-01
 -2.5314417e-01
  1.8766412e-01
  1.6964447e-01
  1.3804284e-01
  2.5607887e-01
 -4.0643671e-01
 -1.5097483e+00
  2.1836756e-01
 -9.6694820e-02
  1.7938161e-01
  4.8000026e-02
  1.7051207e-01
  6.4582385e-02
  2.5197455e-01
 -3.8516706e-01
  3.7989175e-01
 -2.3536189e-02
 -1.1986304e-01
  2.7633062e-02
  3.8842782e-01
  6.6383332e-01
 -3.2557389e-01
  1.5049221e-01
  7.2437935e-02
 -2.1117155e-01
  3.1536523e-01
  2.5533977e-01
 -4.3340069e-01
  4.6787062e-01
  1.5438967e-02
 -6.2881309e-01
  1.8468057e-01
  4.9364813e-02
 -5.3633144e-03
 -1.3818972e-01
 -8.0258590e-01
 -7.5103503e-01
  1.3282183e-01
  1.4903472e-01
  1.1073224e-01
  8.7700301e-01
 -5.1389253e-01
  3.1429383e-01
 -5.8263518e-02
 -3.8034269e-01
  9.0983033e-01
 -2.0423561e-01
  1.0948541e-01
  3.8584366e-01
  4.8920268e-01
 -7.6414979e-01
 -2.8611627e-01
 -9.2458084e-02
 -9.1212615e-02
 -2.5203681e-01
 -3.2799855e-01
  6.8073466e-02
 -2.7526799e-01
 -2.4292831e-01
  2.5284982e-01
  3.5480562e-01
  1.9590233e-01
 -1.6731717e-01
  1.4165916e-01
  5.0973666e-01
  1.0715640e-01
  5.4586339e-01
 -6.9913667e-01
  1.4986614e+00
 -7.7452785e-01
  1.7267363e-01
  3.6162317e-01
  7.8478116e-01
 -5.7108021e-01
 -7.1575917e-02
  5.7846898e-01
 -1.2189236e+00
  7.8842342e-01
  4.1175716e-02
  1.6649495e-01
  1.1315309e+00
 -7.9166251e-01
  8.1371665e-02
 -1.3859886e-01
  5.2498823e-01
  4.3870259e-02
 -2.2613147e-01
  9.2693873e-02
 -2.8121653e-01
 -3.8286558e-01
 -3.7571453e-02
 -3.4270704e-01
  2.9090363e-01
 -6.4185041e-01
  3.3061579e-01
 -1.5619587e-02
 -3.3033192e-01
  2.2034819e-01
  5.3037816e-01
 -6.8084687e-01
  3.1312019e-01
 -1.3594781e-01
 -8.1441738e-02
 -1.8039013e-01
 -6.7141938e-01
 -6.4419538e-01
  1.0131895e-04
  4.0007919e-02
  6.9427893e-02
 -8.8719102e-03
  1.5438650e-02
 -2.1892045e-01
 -5.4929584e-02
  2.4201135e-01
  2.1669711e-01
  8.9082755e-02
 -1.3745667e-01
  2.7291831e-01
 -1.3108940e-01
  4.9678609e-01
 -1.2949087e-01
  3.3500817e-01
  1.6316606e-01
  5.9526628e-01
 -2.0586735e-01
 -1.2691229e-02
 -2.7710655e-01
  9.9464003e-03
 -7.2558068e-02
  1.5694699e-01
  2.8311917e-01
  3.4538612e-02
  1.7214540e-01
  1.3942082e-01
  7.2061099e-02
 -8.1054464e-02
 -2.8882357e-01
 -1.6319673e-01
  1.6327554e-01
 -9.6676081e-02
 -1.4345897e-02
 -1.1455718e-01
  1.4744624e-01
  2.2286308e-01
  3.3337194e-01
  1.2942508e-01
 -6.8706580e-02
  3.3583480e-01
  2.4942213e-01
 -6.7380890e-02
 -1.1249379e-02
 -2.6219019e-01
 -2.6772448e-01
 -1.2601800e-01
  3.6686327e-02
 -3.5077009e-01
  7.3907351e-01
 -3.9191753e-01
 -7.7544135e-01
 -3.5988879e-01
 -9.1701990e-01
 -8.3933622e-01
 -2.0002326e-01
  4.7006628e-01
 -5.9298992e-01
  8.8419521e-01
  7.2534710e-02
  1.7199413e-01
 -1.8270794e-01
 -4.6783027e-01
 -3.3290872e-01
 -1.9446735e-01
  9.0039730e-01
 -5.3050214e-01
  1.1752196e-01
  4.6183497e-01
 -3.7439689e-02
 -1.4641898e-02
 -1.9352691e-01
  1.3821289e-01
 -1.1924873e-01
 -2.4546789e-01
 -3.9350545e-01
  5.4415852e-01
 -8.1596663e-03
 -1.0396782e-01
 -4.6967916e-02
 -1.9000730e-03
  1.3846441e-01
 -6.7569368e-02
 -2.4665272e-01
 -8.1361324e-02
 -3.3589885e-01
 -2.6852459e-01
 -1.1069897e-01
 -1.0606178e-01
 -9.2307054e-02
  4.3957329e-01
 -1.0052475e-02
 -2.3020031e-01
  2.6083198e-01
 -1.5977211e-02
  2.4155886e-01
 -2.8843933e-01
 -1.5582608e-01
  2.6135176e-02
  1.8790352e-01
 -4.0585437e-01
  1.0201368e-01
 -7.8289866e-01
 -3.4301501e-02
 -1.7797446e-01
  3.2609008e-02
 -5.3349916e-02
  8.0389537e-02
  3.5072654e-01
  2.4519986e-01
 -4.1771155e-02
  3.8717467e-01
 -1.9165748e-01
 -8.2543872e-02
 -4.4765392e-01
 -5.6644440e-02
 -6.5047160e-02
 -6.9047503e-02
  2.6029891e-01
  2.8256560e-02
 -7.8297786e-02
  7.8794473e-01
 -6.2946326e-01
  2.8565627e-01
  8.2141370e-02
  1.6286671e-01
 -7.6721512e-02
 -4.1632414e-01
 -3.2492636e-03
  1.3848405e-01
  4.2144129e-06
 -3.6155796e-01
  1.7787206e-01
  9.4461571e-03
 -3.0733275e-01
  9.9809123e-03
 -1.1562470e-01
 -4.9240384e-01
  4.5383569e-02
 -4.5943861e+00
 -6.1673117e-01
 -1.6528769e-01
  1.7178613e-01
 -5.6615794e-01
 -6.6239960e-02
 -4.3932667e-01
 -5.4403197e-02
  1.1354347e-01
 -4.6969954e-02
  1.4437862e-01
  1.3444069e-01
  1.2318392e-01
 -1.8385428e-01
  3.4309503e-01
 -7.5177718e-03
 -3.1280149e-02
 -1.0802968e-01
  2.1004228e-01
  7.0196413e-02
 -8.2412235e-02
 -2.4787849e-01
 -2.4632993e-01
 -2.5698635e-01
 -6.4552009e-02
 -5.4762036e-01
 -9.6981838e-02
 -1.5149815e+00
  1.3418964e-01
  8.0627546e-02
 -1.6940043e+00
 -2.2728314e-01
 -2.2684322e-01
 -1.9052202e-02
 -6.2500453e-01
  2.3433780e-02
  3.7790999e-01
 -1.2887119e-01
  5.1985717e-01
 -8.9276642e-02
  3.8069166e-02
 -2.5971666e-01
  2.8983030e-01
 -1.9087815e-01
 -8.7561026e-02
  1.1299363e-01
  1.6094650e-01
 -3.6883366e-01
 -8.4728211e-02
  1.1938148e-01
 -1.4960074e-01
 -2.6717871e-01
 -6.7585744e-02
  1.8915202e-01
  3.6927655e-01
  3.6633961e-02
 -3.1552631e-01
  2.4767255e-02
  2.8191859e-01
 -1.8244517e+00
  5.5588651e-01
  3.2801500e-01
 -1.4761536e+00
  7.8547823e-01
 -2.7413979e+00
 -2.9890388e-01
 -3.0549413e-02
  4.2928797e-01
 -8.7656505e-02
 -4.0113035e-01
  1.6908401e-01
  2.7813220e-01
  1.2797412e-02
 -3.3695233e-01
 -4.7429210e-01
 -3.0143014e-01
  4.5218009e-01
  9.9734366e-02
  3.2605299e-01
  1.3451174e+00
 -2.8662369e-01
 -9.1230914e-02
  3.6606308e-02
  8.5789487e-02
 -7.8815240e-01
 -6.0424700e-02
  1.2237347e+00
  2.2614391e-01
  2.6060969e-02
 -3.8255093e-01
 -5.1715469e-01
 -9.9143103e-02
 -1.5218216e-01
 -3.2989484e-01
  2.5247535e-01
 -1.9672106e-01
  1.2740390e-01
  2.6678931e-02
  1.1519229e-01
  5.8963090e-02
 -1.0525132e-01
 -9.2552632e-02
  2.2061288e-01
 -4.8995346e-02
  3.6776441e-01
 -1.5082188e-01
  6.9883592e-02
  1.2074317e-02
  3.0435076e-01
 -5.8916456e-01
  1.3258943e-01
 -2.4813378e-01
 -2.8850207e-01
  2.5174618e-01
  1.9249262e-01
 -2.6743269e-01
  7.5209610e-02
 -1.5294290e-01
  7.9646908e-02
 -9.6738017e-01
 -9.4583160e-01
  4.6496695e-01
  2.3653251e-01
  8.2309723e-02
  2.6025161e-02
 -8.5966907e-02
 -3.3340210e-01
  6.8318897e-01
 -6.2608153e-01
  1.3098977e+00
  3.4630111e-01
  3.9265239e-01
  6.7093909e-02
  1.8702553e-01
  6.1222976e-01
 -4.1470677e-01
 -4.1199213e-01
  2.3503941e-01
  1.9090976e+00
  4.0893415e-01
  6.0596210e-01
 -1.8844835e-01
 -3.9777074e-02
  8.4337793e-02
 -5.8362579e-01
  9.8124482e-02
 -1.1059601e+00
  4.2849522e-02
 -9.4134748e-02
  1.4671253e-01
  5.4465324e-01
 -1.7527732e-01
  6.6275410e-02
  1.3387772e-01
 -3.8179204e-01
  6.0160086e-02
 -1.6922149e-01
 -3.2731619e-02
 -9.6706666e-02
 -2.3639335e-01
  7.0165910e-02
  7.1302354e-02
 -1.4559735e-01
 -6.0972489e-02
  1.0668616e-02
 -3.8696274e-01
 -6.0045689e-01
  2.9685538e-02
 -9.2488408e-02
 -2.9370219e-01
 -1.7271610e-01
 -7.7482440e-02
  1.3386177e-01
  1.6905625e-01
  5.5253401e-02
 -5.9467115e-02
  1.4445373e-01
 -1.5303326e-02
 -9.3708880e-02
 -4.2070530e-02
  6.2126571e-01
  2.9828992e-01
  3.6774072e-01
 -4.5683548e-02
 -1.9818644e-01
  3.7193581e-01
 -4.9583441e-01
  1.2541631e-01
  1.9851743e-01
  4.1613400e-01
  2.1620363e-01
  3.7895003e-01
 -1.6644035e-01
  2.0411812e-01
  2.5406420e-01
 -5.9829306e-02
 -2.5869340e-02
  7.0221595e-02
  1.7768039e-01
 -4.3415660e-01
  1.1245980e-01
 -6.6813312e-02
 -2.1078011e-01
 -1.9382711e-01
 -1.2355440e+00
 -2.7309747e-02
  1.5084827e-01
  7.8909650e-02
 -7.8034735e-01
  3.3303595e-01
  5.3908241e-01
 -3.1310627e+00
  1.1184660e+00
 -8.2195953e-02
 -4.1269186e-01
 -1.8969040e-01
  4.3113012e-02
 -2.4402130e-01
  1.6331734e-02
  3.4428522e-01
  2.0066645e-02
  4.3079519e-01
  7.2470091e-02
  2.0275894e-01
 -3.7695473e-01
 -1.4384928e-01
  1.2317497e-01
  6.2143698e-02
  1.7034034e-01
  1.5928282e-01
  1.5680274e-01
  3.8654804e-01
 -3.3727919e-03
  5.4312125e-02
 -6.2219277e-02
 -1.9535509e-01
 -3.7825960e-01
  2.9528080e-02
 -2.5058639e-01
 -1.0471905e-01
 -7.5335217e-01
 -1.0569019e-01
 -1.8357033e-01
 -2.5821677e-01
 -4.9792087e-01
  1.7701205e-02
  6.0419045e-02
 -2.3651670e-01
  1.1392229e+00
 -9.9390537e-02
  2.4061833e-02
  3.9178297e-02
  2.5781411e-01
  1.2394213e-01
  8.9640088e-02
  3.8017717e-01
 -6.3868344e-02
 -2.2308912e-02
  1.0716871e-01
  1.4322072e-01
 -4.8433799e-01
  1.7320053e-01
  2.4879615e+00
 -1.8652387e-01
  1.1511008e-01
  1.3008204e-02
 -1.1844269e-01
 -5.7497337e-02
 -2.7670172e-01
 -6.4200372e-01
 -2.6432803e-01
  5.4412293e-01
  7.3305476e-01
 -9.7305380e-02
 -1.1881306e-01
  2.1788152e-02
 -1.0415883e+00
 -2.1129559e-01
  1.0287082e-01
  1.3960819e-01
  3.1965166e-01
  8.8086599e-01
 -1.6217870e-01
  5.7224952e-02
 -8.5265607e-01
 -7.7943407e-02
 -1.4379109e-01
 -1.3887823e-01
  4.6281254e-01
  2.2879854e-01
  5.5808496e-01
  4.1175163e-01
  1.2153960e-01
 -1.7655048e-01
 -4.5459339e-01
 -5.4256849e-02
  1.7235005e-01
  2.0051397e-01
  1.0345984e-01
  4.0948465e-01
 -2.3582388e-01
 -3.7933141e-01
 -3.7565243e-01
  1.1293997e-01
 -3.1405877e-02
  3.4803930e-01
  1.9950873e-01
 -1.9847979e-01
 -8.2414508e-02
  2.6254901e-01
  3.0585229e-01
 -1.1790925e-01
  2.8710690e-01
 -8.5843541e-02
  1.7828213e-01
 -2.0681802e-02
 -4.9933784e-02
  1.2934707e-01
 -7.5339198e-02
  6.5730549e-02
 -2.5558721e-02
  6.4708591e-02
 -1.8926463e-01
 -6.5042369e-02
  2.7587786e-01
 -9.1446768e-03
  5.6891307e-02
  7.0743367e-02
 -1.0423939e+00
  5.9562880e-01
  1.8930674e+00
 -2.2993836e+00
 -2.0283298e+00
 -6.4269811e-01
  9.2289120e-01
 -2.8946230e-01
 -8.7334760e-02
 -4.5540416e-01
 -6.7765236e-01
  1.0734909e+00
 -1.7269371e-01
 -5.7969606e-01
  3.8713980e-01
  3.7655279e-01
  5.5119681e-01
  9.0976679e-01
  1.9468306e-01
 -6.1635691e-01
 -5.0475371e-01
 -5.1672983e-01
 -2.6311800e-01
 -1.3387591e-01
  1.8054596e-01
  7.5862080e-01
 -2.1163585e-02
 -2.0310552e-01
  7.7213025e-01
 -2.5891364e-02
  1.8585645e-01
 -3.4865347e-01
 -3.4530747e-01
 -1.1373039e+00
  1.6476624e+00
  3.1275824e-01
  4.5471597e-01
 -2.9194248e-01
  5.5075043e-01
  6.2169094e-02
 -2.0707114e-01
  9.0718752e-01
 -3.3262584e-01
  6.7085254e-01
 -1.2723094e-01
  1.7036331e-01
 -1.3508012e+00
 -3.5904542e-01
  1.7748386e-01
 -1.9989879e-01
  2.9454115e-01
 -3.4930628e-02
 -3.3466518e-02
  2.0324405e-02
 -4.5473087e-01
 -5.1167578e-01
 -4.4153029e-01
 -3.6806494e-01
  3.4206238e-01
 -1.8651570e-01
  1.8020916e-01
 -1.1545269e+00
 -1.3263518e-01
  9.2133820e-01
 -1.8610050e-01
 -4.6121874e-01
  6.8327114e-02
  2.5194064e-01
 -4.6004791e-02
  4.5306560e-01
 -6.2288100e-01
 -4.1164443e-01
  3.7110034e-02
  1.4097181e-01
 -3.7274393e-01
 -1.4912347e-01
 -1.5659374e-01
 -9.0762161e-02
  5.6913022e-02
 -2.0844956e-01
  5.0743949e-01
 -1.9827214e-01
 -2.0886330e-01
 -1.1787353e-01
 -2.5836319e-01
  9.3222223e-02
 -2.4567467e-01
  7.7304274e-02
 -3.0843118e-01
  3.1551026e-02
 -2.4602126e-01
  9.4430333e-01
  7.2839397e-01
  1.3932915e-01
 -1.6129117e-01
  9.0262979e-02
  2.7508372e-01
  3.6974752e-01
  2.1922436e-01
  7.8402027e-02
 -3.1855124e-01
 -6.2645137e-02
 -4.1442793e-02
 -1.7743263e+00
 -2.6663619e-01
  4.2343345e-01
  3.6243242e-01
  1.3498124e-02
 -1.8600863e-01
 -4.0685555e-01
  1.7636556e-03
  4.9832144e-01
 -5.1875603e-01
  7.2894774e-02
 -1.1544707e-01
  2.7092952e-01
  2.0960103e-01
  1.4877957e-01
 -5.2674288e-01
  2.0161624e-01
 -4.0717134e-01
  4.8162383e-01
 -1.7795563e+00
 -6.0018551e-01
  2.8176257e-01
 -2.0269021e-01
  3.4450305e-01
  9.0211138e-02
  3.2794121e-01
  2.8886986e-01
  1.3135901e-01
 -4.1607499e-02
 -2.1620160e-01
 -2.2329848e-01
 -3.3158943e-01
 -1.2330077e-01
 -1.6165259e-01
 -4.4480479e-01
  1.2359957e-01
 -7.8261130e-02
 -2.3499721e-01
 -1.4008677e-01
 -1.7092818e-01
  3.6904216e-01
  4.8120674e-02
  5.3391886e-01
  2.2348423e-01
 -7.2005808e-02
  5.1946983e-02
  1.8295543e-02
 -1.7925192e-01
  6.7160749e-01
  2.2957501e+00
  1.0716296e+00
 -4.3832320e-01
 -8.6444505e-02
 -4.0908821e-02
  9.7048426e-01
 -2.8071949e-01
 -9.6585698e-02
  6.6539830e-01
 -5.8580917e-01
  3.6236826e-01
 -2.9338521e-01
 -9.7217411e-02
 -6.1036086e-01
  2.0592707e-01
 -2.5483811e-01
 -3.8758108e-01
  1.0187843e-01
  4.2539394e-01
  1.6514939e-01
  4.2899072e-02
  4.2249344e-02
  7.7533174e-01
 -1.5697476e-01
  2.5186679e-01
  5.1255584e-02
 -1.9819663e-01
 -5.1726405e-02
 -2.1620829e-01
  8.6280204e-02
 -1.5828036e-02
  2.0413551e-02
  2.6292942e-02
  7.4820439e-03
 -9.1474138e-02
  2.4818504e-02
 -3.0249351e-01
  1.8998744e-01
 -2.8247198e-01
 -5.8035962e-02
  2.8844017e-01
  3.4342530e-01
  1.5634511e-01
  1.7093261e-01
  5.9782986e-02
  3.6901250e-02
 -1.6719934e-01
 -1.9518994e-01
 -1.8471864e-01
 -1.3719271e-01
  1.1884528e-02
 -3.3418730e-01
 -2.4522197e-01
 -1.8718085e-01
  1.3977523e-01
  2.5777800e-02
 -1.3857658e-01
 -1.9235186e-01
 -6.4846673e-03
  4.1677728e-01
  4.5363978e-02
 -4.7217882e-01
 -1.3889879e-01
  6.7223239e-01
 -8.8537969e-02
  4.3068337e-01
 -2.2617213e-01
  3.1240731e-01
 -4.1486806e-01
 -1.7863476e-01
 -3.4069127e-01
 -5.5308157e-01
  7.2347885e-03
 -5.2940164e-02
  2.0579605e-01
 -5.9553165e-02
 -7.1676597e-02
  4.9196199e-01
  4.8930451e-02
 -4.8881876e-01
 -2.3889844e+00
 -7.6235779e-02
 -6.2636025e-02
  1.4007790e-01
  3.0331361e-01
  8.5043326e-02
 -7.3115164e-01
  4.0252250e-01
  2.2696488e-01
  1.4852257e+00
  1.9498352e+00
  8.4924035e-02
 -1.1358531e+00
 -2.4341138e-02
 -7.0055169e-01
 -7.6478988e-01
  2.4349506e+00
 -2.8154235e-02
 -1.5954261e+00
 -7.7736275e-03
 -1.4402837e-01
 -5.4426658e-01
 -3.3254421e-01
 -1.2899524e-01
 -6.5495700e-02
  1.3609591e+00
  3.9504808e-01
 -3.5968575e-01
 -3.3919716e-01
  5.6016934e-01
 -1.4541520e-01
  7.2248375e-01
 -5.9301816e-02
  1.5299858e-01
 -3.4798717e-01
  1.7324226e-01
  2.7442476e-02
  2.0093897e-01
  1.7641160e-01
  2.5030673e-01
  1.4941822e+00
 -2.1229818e+00
 -2.1801320e-01
 -1.7551633e-02
  1.0951997e-01
 -3.3362216e-01
 -2.7613187e-01
  1.0132964e-01
  7.1975170e-03
 -7.0371413e-01
 -9.2955269e-02
  2.2030507e-01
  4.2430651e-01
 -6.9384709e-02
  1.6806056e-01
 -8.7904461e-02
  3.0798314e-03
  2.3893826e-02
 -7.8135747e-01
  2.3016636e-01
  4.7822408e-02
  1.0214009e-01
  6.5888546e-02
 -2.6607679e-02
  2.8998947e-01
  5.6623954e-02
  4.8185316e-01
 -1.8655574e-01
 -5.8812413e-02
 -5.9749311e-01
  9.7346401e-01
 -2.4162543e-01
 -1.1657549e-01
  2.6879996e-01
  2.2893114e-01
 -1.2329246e-01
  3.3724225e-01
  1.3653038e-01
 -3.1622842e-01
 -4.6358013e-01
 -3.0466810e-01
  5.1434118e-01
 -1.3653461e-03
  3.2939216e-01
  6.2502253e-01
  1.7639807e-01
  1.3819559e-01
 -7.4475564e-02
 -4.8061013e-02
  6.6295385e-02
 -5.7790671e-03
 -1.1965723e-01
 -1.7212656e-01
  5.2573651e-02
 -1.6256531e-01
  1.7077670e-02
  1.8416820e-01
 -4.0581841e-02
 -2.2465590e-01
  1.2081750e-01
 -9.1453254e-01
  4.3991023e-01
 -6.9500309e-01
 -1.8770566e-02
 -1.5184532e-01
 -7.3655061e-02
  6.3348517e-02
 -2.5888017e-01
 -3.2969955e-01
  1.7143631e-01
  1.6447368e-01
  7.1204185e-02
 -2.1238522e-01
 -1.2101602e-01
  4.4039735e-01
  1.7756730e-01
  3.0247670e-01
  2.6303861e-01
  2.4304546e-01
 -1.0265579e+00
  8.0359071e-02
 -1.4163537e-01
  2.0423871e-01
 -2.1050595e-01
 -1.4240488e-01
  2.8078025e-02
  1.7211103e-01
 -4.0412199e-01
 -1.3860041e-01
  9.7357802e-02
 -1.3674895e-01
  1.1709142e-02
 -1.1171468e-01
 -8.8235192e-02
 -6.7709692e-02
  3.1204939e-01
  7.9763278e-02
  2.6675192e-01
  1.1398477e-01
 -1.9032763e-01
  5.8505140e-02
 -1.1354405e+00
 -2.5483398e-02
  3.9433834e-01
 -4.3409940e-02
 -2.3982550e-01
  1.9105060e-02
  1.2841038e-01
  1.2702479e-02
  1.6998008e-01
 -3.4787253e-01
  1.0284203e-01
  1.4727731e-01
  2.8213097e-02
 -2.1849431e-01
 -2.3010901e-01
  7.1254946e-02
  1.1929753e-01
  5.0104022e-01
 -6.8136144e-01
  1.9125259e+00
 -2.1750624e-01
 -8.7001139e-01
  3.7594768e-01
 -4.8466197e-01
  3.0845284e-01
 -6.7822534e-01
 -7.0649624e-02
 -1.1545531e-01
 -5.8534122e-01
  2.2649819e-01
 -2.6522982e-01
  7.9899423e-02
  3.0949041e-01
  1.9818442e-01
 -5.6610666e-02
  2.3747876e-01
  2.1336745e-01
 -9.4623128e-03
  1.2084293e-01
 -2.1564575e-01
 -1.5219375e-01
 -6.0853869e-02
 -1.3281316e-02
 -3.5109586e-01
 -1.9303326e-01
  5.3733096e-02
 -7.9489283e-02
 -4.0749553e-01
  3.6366767e-01
 -6.7982638e-01
  1.6991025e-01
  1.3465586e+00
 -1.4163534e-01
 -5.2331012e-01
 -7.9438776e-02
  1.0192873e+00
 -1.5705027e-01
 -3.6319715e-01
 -8.8910824e-01
 -1.4989030e-02
 -8.1959046e-02
  9.3147248e-02
 -4.8085082e-01
 -3.1356055e-01
 -2.7910483e-03
 -2.2565097e-01
  3.1151557e-01
 -5.5826999e-02
 -2.0298816e-01
  3.0567104e-01
 -8.9381106e-02
  2.6104867e-01
 -4.3146425e-01
  2.4712078e-01
 -6.2789038e-02
  3.7105840e-02
  2.2089779e-01
  1.1446594e-01
 -1.0124137e+00
 -2.1673071e-01
  3.5090983e+00
  6.5316725e-01
  1.8284935e-01
  5.4888439e-01
 -3.2417665e+00
 -8.1656766e-01
 -5.8407408e-01
 -2.5451565e-01
 -5.8787137e-01
  1.4060116e+00
  6.9630492e-01
  9.6979153e-01
 -1.3499657e+00
  2.0515917e-01
 -3.6270258e-01
  5.7355779e-01
 -9.7062594e-01
 -1.1925324e+00
  3.6922181e-01
  2.6132041e-01
  2.0293641e-01
  4.4686419e-01
  5.0889885e-01
  8.5988635e-01
  2.6323304e+00
  2.1253163e-01
  1.6803055e+00
  2.1263740e+00
  6.3635036e-03
  8.8596779e-01
  1.2729837e+00
 -2.3422854e-02
 -1.1847451e+00
 -1.4453396e-01
  6.4200002e-01
  8.4085870e-01
  3.8760362e+00
 -7.3144549e-01
 -5.5816013e-01
 -1.6067271e+00
 -1.1913998e+00
 -1.0721798e+00
 -1.7903128e-01
  2.0719798e+00
 -9.9039370e-01
  1.9452044e-01
  1.4806200e+00
  3.6308885e+00
 -1.4622757e+00
  1.3283131e+00
 -1.6853977e+00
  8.6114395e-01
  9.9774346e-02
 -2.5786178e+00
 -7.1654612e-01
  1.9448206e+00
  1.3542732e+00
 -1.3843448e-01
  1.3149812e+00
 -1.0526187e+00
  9.3994290e-01
 -1.0878228e+00
 -1.3827821e+00
 -1.2844021e+00
 -1.3295300e+00
  9.0814763e-01
 -2.4664347e-01
  2.2661860e-01
  2.7478416e+00
 -6.9443971e-01
 -1.0300643e+00
 -6.4330745e-01
  1.0822846e+00
  1.2162387e+00
  2.1432176e+00
  3.2423481e-01
  1.0874498e+00
  9.0505160e-02
 -6.9773948e-01
  5.6804128e-02
 -3.0412242e-01
 -4.7585145e-01
  1.6061254e+00
  1.8933232e-01
  1.3814711e-02
 -1.1138032e-01
 -9.4925135e-02
  7.1661377e-01
  5.1365376e-01
  7.6006722e-01
  2.7142179e-01
  3.8573289e-01
 -3.6343357e-01
 -1.1684877e-01
 -1.0870757e+00
  1.4496391e-02
  6.9509852e-01
  1.7221566e-01
 -1.7538196e-01
  3.9845216e-01
 -9.4935673e-01
  1.7191119e-01
  4.3249419e-01
  1.2825370e-01
 -5.0686546e-02
 -4.4087008e-01
 -5.5509502e-01
  3.5586143e-01
  1.8900132e-01
 -1.2605108e-01
 -3.8010418e-01
 -3.5055831e-01
  3.1014189e-01
 -1.6685558e-02
 -4.9208015e-01
 -4.2077231e-01
 -1.7780575e+00
 -6.6918206e-01
  1.8148654e+00
  1.5409695e-01
 -1.6746039e+00
 -5.2284306e-01
 -9.9341698e-02
  2.5818959e-01
 -1.4321972e+00
 -4.4235897e-01
 -5.2751809e-01
  1.4499608e-02
 -9.6132439e-01
 -7.6190144e-01
 -4.1462430e-01
  9.2670614e-01
  3.3634660e-01
 -2.7687316e+00
  6.8822193e-01
  8.9601451e-01
 -1.2579534e+00
 -2.1437900e-01
  5.6485033e-01
  7.9360294e-01
 -5.8598411e-01
  9.0144205e-01
 -5.8036017e-01
  1.6317765e+00
 -6.0712641e-01
 -8.9386803e-01
 -1.0311557e+00
  1.2511864e+00
  6.4794183e-01
  4.9698094e-01
 -3.8721502e-01
 -2.1843117e-01
  7.6132691e-01
 -1.4705475e-01
  2.6859468e-01
  7.2124028e-01
  5.2337158e-01
 -2.6653686e-01
  7.8549668e-02
 -4.4816744e-02
 -6.3939817e-02
  5.6162927e-02
 -1.3969223e-01
 -1.8053290e-01
 -5.9909765e-02
 -3.2811008e-02
 -5.6113809e-02
  2.3640426e-01
  5.0811982e-01
  1.2287005e-01
 -1.9292759e-03
 -8.4577009e-02
 -1.8324809e-01
 -2.6219517e-01
 -1.0925737e-01
  5.0547149e-02
  4.6049181e-01
  1.7162888e-01
  9.5736638e-02
  7.1929321e-02
  6.0546905e-02
  1.0731650e-01
  3.5765033e-02
  4.1349164e-01
  2.3409328e-01
 -2.2765674e-01
  7.8725033e-02
  1.1457671e+00
 -2.0663733e+00
 -2.8397665e+00
 -1.7774352e+00
 -2.1314639e-01
 -4.8145691e-01
  6.2269098e-01
 -6.3777834e-01
  1.0848300e+00
 -2.6062253e-01
  5.2386528e-01
 -8.0561799e-01
  9.9882288e-03
 -2.5913293e+00
 -3.6868128e-01
 -1.7491682e-01
 -7.4993141e-02
 -1.1911748e-01
  6.8029565e-01
 -3.5681050e-02
  1.7670962e-01
  4.6692967e-01
  4.6406117e-01
 -6.6631690e-02
 -7.8122303e-02
 -2.0539066e-01
 -1.1805777e-01
  5.2920491e-02
  4.9146321e-01
  3.9036278e-02
  9.4009650e-01
  1.6418453e+00
 -8.4998620e-01
 -2.4165332e-01
 -1.0638177e+00
 -2.4769594e-01
 -4.2920503e-01
 -2.1856191e+00
 -8.6971253e-01
 -2.7780834e-01
 -3.5512980e-02
 -3.9624855e-01
  1.7493401e-02
 -3.3910453e-01
 -1.4782602e-02
  3.1080987e-02
 -2.9346728e-01
 -4.4482392e-01
  5.7939005e-01
 -2.6460850e-01
  3.5779795e-01
  4.2227408e-01
 -9.0065405e-02
  5.9164768e-01
 -5.0938672e-01
  1.3190307e-01
 -3.0916932e-01
 -3.0369821e-01
  8.3917730e-02
  3.3742473e-02
  1.5685893e+00
  7.7945554e-01
  3.4986404e-01
 -7.7493697e-01
  2.2802927e+00
  1.2260640e+00
 -2.1458714e-01
 -2.1819979e-01
 -4.2774789e-02
  6.9566864e-01
  2.2725017e-01
 -5.9425944e-01
 -1.4807084e-01
 -1.0753098e+00
 -2.1126086e-01
 -4.3954206e-01
 -8.8027090e-02
 -5.8273429e-01
 -1.3680299e-01
 -6.5654629e-01
 -7.4337655e-01
 -7.1335524e-01
 -1.6449383e+00
  7.9685020e-01
 -9.8545462e-01
 -1.4207649e-01
  1.5212876e-01
  5.1822704e-01
 -3.5165605e-01
  7.4011721e-02
 -2.2329952e-01
 -3.1894106e-01
  1.4057709e-01
 -4.8914954e-01
  9.7759403e-02
  6.7943782e-02
  1.1918253e-01
  1.3850115e-01
 -2.6658729e-01
  3.2859668e-02
 -1.5865795e-01
 -1.1561120e-02
 -2.4184731e-01
 -1.2385434e-01
  9.0255804e-02
 -3.5738621e-02
 -6.2119368e-02
  7.8104183e-02
 -3.8458866e-01
 -1.7828767e-01
 -1.3680150e-01
  5.5307513e-01
  1.0389099e-02
  1.2858668e-01
 -5.8569741e-01
  1.5674198e-02
  2.6643151e-01
 -3.5930237e-01
  1.1595718e-01
  1.1058030e-01
 -1.2436568e+00
 -2.6898018e-01
  3.2295668e-01
 -4.9492630e-01
 -9.4627589e-02
  1.9486811e-02
  2.3435262e-01
  3.8368005e-02
 -2.7974305e+00
  8.9585567e-01
  9.5571816e-01
 -3.7488186e-01
  1.4711630e-01
  1.6899896e-01
 -2.8403178e-02
  1.0447056e+00
 -2.4241839e-01
 -1.5307520e-01
  5.3051226e-02
 -3.9384171e-02
  3.6495668e-01
 -9.6153513e-02
  2.6022380e-02
  4.7300249e-01
 -4.7144014e-01
 -4.5841038e-02
 -3.5094655e-01
 -2.4975233e-02
  1.5852197e-01
  1.5223154e-01
  8.5860533e-01
 -2.6333668e+00
 -7.3755756e-02
 -2.0191159e+00
  9.8350400e-01
 -1.0469780e+00
 -6.0748029e-01
 -1.8791996e-01
 -1.5939720e-01
 -1.5311205e+00
  5.4001909e-01
 -2.1437654e-01
  6.8741727e-01
 -6.0522407e-01
 -4.6677163e-01
 -5.5475670e-01
 -1.3651816e+00
 -1.9934465e-01
 -6.5294105e-01
 -7.8434128e-01
  3.8307846e-01
  1.1525718e+00
 -1.2050764e-01
 -2.8310313e+00
 -6.4510268e-01
 -1.9805002e-01
  2.4674377e-01
 -1.2110818e-02
 -2.8884256e-01
  1.2553249e-01
  2.5032118e-01
 -3.1454396e-02
 -1.4122589e-02
 -3.6812484e-01
  1.1397702e-01
  7.6025352e-02
 -1.2826620e-01
  9.1929972e-02
  8.9870214e-02
  4.4180643e-02
  8.8442400e-02
  3.8942832e-02
 -4.2881954e-01
 -6.8495855e-02
 -8.4837995e-02
  8.9931317e-02
 -1.6260913e-02
  4.3826818e-02
 -1.4049089e-01
  1.6003187e-01
  1.2490991e-01
  2.2789018e-01
 -1.0510578e-02
  1.3830584e-01
 -1.5057079e-01
 -6.5600723e-02
 -3.2353970e-01
  7.7725686e-02
  1.6452144e-01
  3.6605217e-02
  1.5113233e-01
  5.6957740e-01
  1.9246984e-01
  7.3823661e-01
  2.2585694e-01
 -1.3536075e-01
 -3.3770692e-02
  1.9390288e-01
 -6.6214848e-01
  2.3725671e-01
  4.0555748e-01
  1.2154505e-01
 -9.1045387e-02
 -7.2474971e-02
  3.7565671e-02
 -1.8815497e-01
 -7.3937692e-02
  6.7073621e-02
 -2.3228362e-01
  7.8211360e-02
 -1.4617099e-01
  5.6461167e-02
  6.1550777e-02
 -4.7004923e-01
  9.9098697e-02
 -2.0375894e-02
  1.4482263e-01
  2.0552801e-01
 -5.0698567e-02
 -2.0593515e-01
  1.5229358e-01
  4.5987591e-01
 -1.0970515e+00
 -4.7758228e-01
 -2.9442966e-01
 -1.5194613e-01
  5.8233374e-01
 -5.3130299e-01
  1.5550044e+00
  6.1648354e-02
 -5.1591992e-01
  5.8827147e-02
  2.0544753e+00
  1.6674785e-01
 -2.5207621e-01
  1.1878294e-01
 -2.7764320e-02
  2.3826194e-01
 -1.5897207e-01
  3.8062590e-01
 -3.1803998e-01
 -2.1300010e-02
  7.7945030e-01
 -3.6266193e-01
 -7.8983843e-02
  2.9119954e-01
  8.6192489e-03
 -1.5071568e-01
 -1.2223682e-01
 -1.5544969e-01
 -1.1469909e+00
  7.6227480e-01
 -1.9467856e-01
 -2.2319484e-01
 -6.6707358e-02
  1.2172953e-01
 -2.4111956e-02
 -2.2848597e-01
 -1.1294280e+00
  1.1482741e-01
 -1.3245022e-01
  1.8243232e-01
  5.6531727e-01
  4.3617058e-01
 -2.0841117e-01
 -2.7810264e-02
  9.4750151e-02
  3.5143423e-01
 -2.1399987e-01
  4.7999838e-01
 -2.1395618e-01
 -3.5890382e-02
  5.4808128e-01
  1.5397701e-01
 -3.8218725e-01
  2.0912942e-01
  2.0879108e-02
 -2.5467151e-01
 -1.3166170e-01
  1.5197611e-01
 -3.8349077e-01
  3.4757668e-01
 -6.8414181e-01
  4.0776591e+00
  2.6668489e-01
  2.7860740e-01
  3.0763245e-01
 -5.0097519e-01
  9.6889883e-01
 -3.9400688e-01
 -8.6997628e-02
 -1.8879868e-01
 -5.2024812e-02
  1.7047577e-01
  1.8793440e-01
  2.5903520e-01
  2.1230571e-01
 -1.2589046e-01
  5.7413965e-01
  6.5567397e-02
  3.0701885e-03
  7.7578351e-02
  2.7310687e-01
  1.5349764e-02
  1.1679161e-02
  6.9558196e-02
  1.9539961e-01
  3.7241501e-01
  2.5690302e-01
  3.9586719e-02
 -4.5904538e-01
 -1.2681277e+00
 -9.5645584e-02
 -1.2846774e+00
 -2.0550331e-01
 -1.6648605e-01
  2.3213743e-01
  2.5943214e-01
  5.6549710e-01
 -2.1251382e-01
 -5.6095505e-01
 -2.6207091e-02
  1.5152483e-01
 -6.1181765e-02
 -1.4834085e-01
  1.5146512e-01
  5.3374685e-04
 -3.2339349e-02
 -1.0218851e-01
 -6.2094661e-03
  2.0985942e-01
  1.2452299e-02
  1.7168431e-01
  1.1728317e-01
 -3.4286931e-01
 -5.4105550e-02
 -1.1439421e-01
 -5.0264597e-01
 -1.0458200e-01
 -1.8783711e-01
  2.4319011e-01
  3.0329809e-01
 -6.1394310e-01
  2.4680686e-03
 -1.0923262e-01
 -4.2547107e-02
  1.6305871e-01
  4.4856685e-01
 -6.3557583e-01
 -1.9448586e-01
  6.6221304e-02
 -3.6951512e-01
 -1.7991772e-02
 -2.5066933e-01
  3.3156586e-01
  2.7635378e-01
  2.4630466e-01
  7.1026668e-02
  2.6904243e-01
 -3.0910951e-01
  2.3731767e-01
  4.8480209e-02
 -2.6978929e+00
 -3.2355729e-01
 -1.9102772e-01
  2.0658742e-01
  1.4974171e-01
  9.9466331e-02
 -5.8147516e-02
  4.2657459e-01
  1.5529451e-01
  2.5014212e+00
  1.1886755e+00
 -9.0572572e-01
  1.3049980e+00
  1.3864870e-01
 -7.7220658e-03
 -1.8332178e-02
 -1.3294597e+00
 -6.0168244e-02
  2.0897076e-01
  3.0959028e-01
 -1.3486632e+00
 -1.2010857e+00
  9.0760283e-02
 -2.5676817e-01
 -1.6222236e-03
  1.1675788e-01
 -4.9675390e-01
 -9.2693930e-03
 -1.5401584e-01
 -4.0004018e-01
 -5.9182733e-01
  2.5736016e-01
  1.1564188e-01
  1.7717351e-01
 -2.0533624e-01
 -5.7885379e-01
  2.1040043e-01
 -2.7660051e-01
  3.1889820e-01
 -1.1106492e-01
  3.7142310e-02
  3.7212234e-02
  1.0093598e-01
  1.2690036e-01
  2.4344103e-01
  1.1488008e-01
  7.0763558e-02
 -1.0598287e-02
 -3.4250414e-01
 -2.3168253e-02
 -3.6140572e-02
 -1.4109744e-01
 -1.2980099e-01
 -6.8187617e-02
 -6.4384460e-02
  5.2395612e-01
  4.9663660e-01
 -2.8553396e-01
  4.6276647e-01
  9.4535261e-02
 -2.0448858e-02
 -9.4520360e-02
  1.7863297e-01
 -1.3037644e-01
 -2.6796840e-02
  3.1498719e-02
 -2.2116354e-01
 -4.3709925e-01
 -2.6980484e-01
  9.7356208e-02
  9.1234393e-02
  1.0196628e-01
 -3.2020956e-02
 -4.1294277e-02
  6.4910345e-02
 -3.6081444e-02
 -9.4458230e-02
  2.4896890e-01
 -1.5138428e-01
  1.2722568e-01
 -5.1739997e-01
  3.5731944e-01
  2.2485292e-01
 -1.8451974e-01
 -3.6044225e-01
  2.3328342e-01
 -3.0988082e-01
 -9.0069956e-01
 -1.7848188e-01
  1.6249384e-01
 -1.9910413e-01
 -5.5123800e-01
  2.0779406e-01
 -1.4853074e-01
 -2.0663838e-01
 -8.5849458e-01
  2.0313382e-01
  3.0545482e-02
  9.1443993e-02
  3.3449097e+00
 -5.0150001e-01
 -6.7086393e-01
  2.9209523e+00
 -5.7032377e-01
  1.4281565e-01
  9.1092497e-02
 -8.3751988e-01
 -5.7382923e-02
  2.9186592e-01
  7.7823736e-02
  2.5998950e-02
  2.7273497e-01
 -2.2106440e-01
 -2.1905704e-01
 -2.4986064e-01
 -3.8241026e-01
  8.3200693e-02
 -1.5220673e-02
 -5.0755877e-02
  7.6229990e-02
 -3.0076802e-01
  4.3537444e-01
 -8.8894689e-01
  1.9215912e-01
  9.1843031e-02
 -2.1564342e-01
  9.1442214e-03
 -1.3175425e-01
  2.4525119e-01
  9.1117032e-02
  1.4111544e-02
  1.9709231e-01
 -9.9617809e-02
 -3.5156593e-01
 -1.6287796e-02
  1.6652342e-02
 -1.5373434e-01
 -3.4869081e-01
  3.7563989e-01
 -1.5473461e-01
  9.7185552e-02
 -1.2077757e-04
  1.7205238e-02
  2.4877350e-01
  4.2302188e-02
  3.5087176e-02
  1.6808741e-01
 -4.2844358e-01
 -2.9998241e-02
 -4.6880278e-01
  2.6492774e-01
 -1.3354246e-02
 -2.1207942e-01
  3.0426085e-01
  2.7109167e-01
 -2.6255526e-02
  2.4823109e-02
  2.4233407e-01
  8.0644393e-01
 -9.1797608e-01
 -2.2942464e+00
 -2.1466296e+00
  7.6282316e-01
  4.0512109e-01
  4.5346788e-01
  1.5983306e-02
 -7.4130905e-01
  8.3224201e-01
 -3.3973044e-01
 -4.3749083e-02
  2.7859619e-01
 -1.3045190e-01
 -1.0034408e-01
  3.2765560e-02
  3.2952526e-01
  4.2122516e-01
 -9.9351257e-02
  4.6593121e-01
 -2.8861135e-01
  4.6846771e-01
 -4.8665982e-01
  6.7565608e-01
  5.7377559e-01
  2.1898606e-01
  1.9679873e-01
  5.2334404e-01
  1.9156156e-01
  5.6638873e-01
  1.7717608e+00
  8.9761287e-01
  2.8238639e-01
 -2.6036491e+00
  6.6708416e-02
 -3.9672792e-01
 -2.3140992e-01
  3.1030136e-01
 -7.6288718e-01
  5.3585696e-01
  5.7802893e-02
  1.7072321e+00
  5.3200942e-01
 -7.5130194e-02
  2.3620686e-02
 -3.3173701e-01
 -1.7167763e-01
 -3.7684223e-01
 -2.9737440e-01
  1.0049551e-01
  1.5508866e-01
  8.5557915e-02
 -9.0832740e-02
 -1.5232986e+00
 -4.8873129e-01
  1.7962370e-02
 -1.2508893e-01
 -6.9530988e-01
 -2.9223351e-02
 -2.5551602e-01
  1.5238919e-02
  4.3594666e-02
  1.2122519e-01
  4.6840277e-01
  1.9253055e-02
 -1.6412508e-01
  7.5555086e-01
 -8.2668734e-01
  9.0178275e-01
 -6.1182114e-03
  1.2066358e+00
  2.5824919e-01
  4.2765009e-01
 -6.2562712e-03
 -1.1770003e-01
  9.2026629e-02
 -1.4590539e-01
 -1.4655054e-01
 -8.5691109e-02
  9.3958294e-03
  6.8005495e-02
  3.0140679e-02
 -3.2969490e-01
 -1.3182963e-02
  7.8798153e-02
  2.8789040e-01
 -2.8518984e-01
  2.7452454e-01
 -2.5261846e-01
 -5.3702101e-02
 -4.7053427e-01
  5.4672933e-01
 -4.4792369e-01
 -4.3860665e-01
  4.6197537e-02
 -1.8116963e-01
  7.5182915e-02
 -1.4535567e-01
 -1.4440407e-01
 -3.9846936e-01
  1.8459082e-01
 -9.4283588e-02
 -3.5782939e-01
  5.0370485e-01
 -3.0915143e-03
  1.2521761e-02
  2.0166036e-02
 -4.7654462e-01
  1.8991880e-01
 -2.9507461e-01
 -2.3201931e+00
  2.1373741e-01
 -3.0612075e-01
  1.3195240e-01
 -1.0897170e-01
 -1.2647225e-01
  1.1736364e-01
 -7.3360279e-02
 -1.2696338e-01
  7.0736513e-02
  1.1043569e-01
  9.7415730e-02
 -1.6693072e-01
  2.3724350e-01
  2.9116711e-01
 -7.6670028e-02
 -1.1148739e-02
  2.9766464e-01
  4.9555428e-02
 -3.1408679e-01
  3.4473270e-01
 -6.6551350e-02
  7.6776855e-02
  1.8219911e-01
 -1.2071560e-01
 -1.8931678e-02
  1.7755020e-02
  5.8405019e-02
  2.2084970e-02
 -4.0880117e-01
 -1.1801950e-01
 -5.0304219e-02
  8.4072642e-02
  1.1894680e-01
  1.3158774e-01
  3.0847345e-02
  2.2520183e-02
  1.9321178e-01
 -2.8643219e-02
  5.0240856e-02
  1.6026017e-01
 -8.2469610e-03
  1.2278047e-01
 -7.5830705e-02
  1.5213007e-01
 -1.8629418e-01
 -1.5471138e-01
 -1.6370063e-01
 -3.5298243e-01
 -3.6317515e-01
  7.5311929e-02
  1.1679731e-01
  2.8767946e-01
 -4.3062973e-03
 -9.4533302e-02
  1.8079658e-01
  7.8141712e-02
  1.0586441e+00
 -1.7689958e-01
 -1.7598137e-01
  1.9272698e-02
 -2.7450791e-01
  1.9464660e-01
  1.7861577e-02
 -1.7073931e-01
 -3.0188320e-02
  2.1907635e-01
  2.5388214e-01
  8.3973773e-02
  2.4634100e-01
 -1.0217792e-01
  8.4447697e-02
  5.7591520e-02
 -2.3452643e-01
 -4.8920330e-01
 -1.8615909e-01
 -1.1626234e-01
  5.8065467e-02
 -1.4740044e-01
 -2.0443846e-02
  1.0899979e-01
  8.3633101e-01
  5.5112865e-02
 -5.6005545e-02
 -1.6449438e-01
 -1.6116247e-01
  2.4804905e-01
 -1.5943490e-01
 -1.6829351e-01
 -2.1036917e-01
 -6.0734503e-02
 -1.0764197e-01
 -2.7627362e-02
 -8.1924936e-03
  7.2582453e-02
 -5.2177448e-02
  1.1154671e-01
  1.1738440e-02
  2.3158237e-01
  1.7424153e-02
  3.0079016e-01
  3.7328729e-01
 -3.5791218e-02
  6.7582709e-01
 -3.0716428e-01
 -2.0324419e-01
  3.0069025e-02
 -1.1686701e-01
 -6.3706350e-01
 -1.9247681e-01
 -3.4807524e-01
  1.4560457e-02
  9.5679224e-02
  5.0093198e-01
 -3.2908165e-01
 -3.6436293e-01
  1.9406885e-01
  2.0476630e-01
 -1.3071147e-01
 -2.8915015e-01
  5.5818669e-02
 -1.1595262e-01
 -5.8806587e-02
 -4.1044769e-01
 -4.5764521e-01
 -1.3078804e-01
  3.1134969e-01
 -1.0511772e-01
 -1.4075723e-01
 -1.9781385e-03
 -2.2829731e+00
  1.0277848e+00
  1.1135082e+00
 -1.1788658e+00
 -5.7212263e-01
 -2.1375920e-01
 -5.6810346e-02
 -8.4675588e-02
  2.6909852e-02
  5.6894106e-01
 -2.3048319e-02
  1.2621444e-01
 -5.0033468e-01
 -5.6371331e-01
 -4.6122488e-01
 -4.6737149e-01
  3.0329284e-01
  4.7190851e-01
 -1.0460357e-01
  3.8028821e-01
  8.7026209e-02
 -3.5473719e-02
 -7.7279717e-02
 -5.2058414e-02
  3.3660257e-01
  1.0118853e-01
 -8.5912645e-02
 -1.0004744e-01
  7.4334241e-02
 -7.3370069e-02
  1.9447368e-01
 -1.4764616e-02
  2.8809805e+00
 -5.6546563e-01
 -2.7121368e-01
 -1.6519004e-02
  1.8301654e-01
 -1.1007100e-01
  1.3789947e-01
 -1.5141422e-01
 -3.7392895e-03
  1.3799211e-01
 -1.8821149e-01
  4.2029697e-01
  6.0902536e-02
 -4.6470955e-02
 -2.9250899e-01
 -1.4942546e-01
 -4.2003710e-02
 -2.0553280e-01
  2.0336084e-01
  1.9824220e-02
  3.9111421e-02
  5.6882724e-02
  2.2230336e-02
 -1.8236217e+00
 -1.8213359e-01
 -1.8806148e-02
  2.0340317e-01
 -2.1610415e-01
 -1.3281205e-01
 -8.9420992e-01
  4.9043989e-01
  5.2938223e-01
  1.0101546e-02
  1.6038778e-01
 -1.2243043e+00
 -7.4084803e-02
  7.6140171e-01
  1.0082836e-03
  4.5648884e-02
  7.0172250e-02
 -1.9045152e-01
 -1.9293745e-01
  4.0411435e-02
  1.4739749e-01
  3.9670326e-02
 -2.7604837e-02
  1.6572888e-01
  1.1416643e-01
  2.0052801e-01
 -2.0807911e-01
  2.5569990e-01
  5.5346478e-02
 -2.0435607e-01
  2.2766410e-01
 -7.4323770e-03
 -2.4669293e-01
 -2.3440883e-01
 -5.1858264e-01
  2.3433763e-01
  9.4305068e-01
 -1.7883977e-01
  1.5057285e-01
  2.6746461e-01
  3.2363001e-01
 -2.0605393e-01
  9.0696961e-02
 -5.3348351e-01
  2.0537141e-01
 -3.5745826e-01
  2.1504760e-01
 -3.2644388e-01
  3.9823124e-01
 -1.1463159e-01
  5.4147979e-03
  9.0700127e-02
  1.6276999e-01
 -7.3456162e-01
  9.3679912e-02
 -1.1123704e-01
 -4.3941706e-01
  2.9372644e-02
 -6.2723505e-01
  2.2010008e-01
  4.3137467e-01
 -1.3147580e-02
  3.3692595e-01
 -3.3072052e+00
 -7.2448455e-02
 -2.4728425e-01
 -1.5721940e-01
  4.8640656e-01
  7.8121090e-01
  1.6043198e+00
  2.7448477e-02
 -1.7988816e-02
  2.1771578e-01
 -5.2409220e-01
  2.1412784e-01
  1.2283365e-01
  2.5765684e-01
 -2.9429603e-02
  1.8594058e-01
  1.7869700e-01
  1.7854175e-01
  1.8665147e-01
  1.9443965e-02
 -1.9502304e-01
  3.5398494e-02
 -2.1727459e-01
 -4.1022979e-02
 -8.5296169e-02
  6.0783032e-02
  2.6357597e-01
  1.5762524e-01
  2.7087453e-01
 -1.5862307e-02
  3.1701770e-01
 -2.4883993e-01
 -1.0649486e+00
 -3.5318771e-01
  7.1500853e-02
  1.3372771e-01
 -1.4693759e-01
  1.5816312e-01
  2.1501817e-01
 -1.6974507e-01
  1.6686641e+00
 -1.1048710e-01
 -1.6824020e-02
  2.1647006e-01
  2.0536830e-01
  6.4771347e-02
 -3.8758609e-02
 -2.2698353e-01
  2.3035556e-02
  1.5521988e-01
 -5.1918411e-01
 -5.3040441e-02
 -7.5373456e-02
 -2.5809035e-04
 -2.0241021e-01
  1.4587536e-01
 -4.1856091e-02
  6.1875150e-02
  1.7821720e-01
 -1.0185107e-01
 -4.2190948e-01
  1.2192714e-01
 -1.0188174e+00
  4.5641544e-01
  2.4193358e-01
  9.8630309e-01
 -4.1600621e-01
 -1.6489960e-01
  2.2797365e-02
  2.7500096e-01
  3.7217319e-01
  5.9878749e-01
 -5.5732661e-01
  2.3025547e-01
  2.3327412e-01
 -3.8058832e-01
  4.8045406e-01
 -2.0209581e-02
  1.1515550e-01
  6.9603634e-01
 -3.6634319e-02
  4.1446236e-01
 -2.1888395e-01
  1.2323866e-02
  1.4024125e-01
 -1.4422793e-02
  3.3184966e-01
  5.5611640e-02
 -1.5374014e-01
 -7.6877706e-02
  6.6881701e-02
  1.6606845e-01
  1.4315952e-01
  1.9930348e-01
 -7.2905451e-01
  1.7411472e+00
  2.7086201e-01
  3.1409299e-01
 -2.5608626e-01
  5.2340142e-02
  7.0291348e-02
  9.1641881e-03
  1.0391919e-01
  1.1196654e-01
 -6.1864454e-02
 -2.5722331e-01
 -7.9418108e-02
 -9.1967922e-01
 -8.3987989e-02
  4.2287037e-02
 -8.4350504e-02
  8.1401020e-02
  4.1064937e-02
  2.1351680e-01
 -1.9707721e-02
 -2.3480341e-01
  2.3490052e-01
  8.0666557e-02
 -1.2624948e+00
  2.9938683e-02
  1.0385704e-01
  5.2426796e-02
 -2.7360877e-01
  4.1052657e-01
  3.8914323e-01
  2.5639403e-01
 -9.7455636e-02
 -1.9729102e-02
  7.7460542e-02
  2.5910938e-03
 -1.3841639e-01
  7.9675131e-02
 -2.0936045e-01
 -2.0081997e-01
  2.2828075e-01
  3.7154939e-02
  1.3804924e-02
  2.9521960e-01
  4.4073205e-02
  1.2744997e-01
 -3.1912094e-01
  5.4615486e-01
 -1.0257585e-01
 -1.4181000e-01
 -2.4941583e-01
  1.4810968e-02
 -4.0921427e-02
  5.1689434e-01
 -1.5751502e-01
  4.3913537e-01
  1.1189157e-03
 -6.5643288e-02
  7.6332204e-02
 -9.1919082e-01
 -1.4952786e-01
  8.9078748e-01
 -1.0010300e-02
 -1.7773280e-01
  2.8994656e-01
  9.4390117e-02
  1.0282129e-01
  1.8795393e-01
  2.3482841e-02
 -8.8869728e-02
 -2.4184497e-01
 -8.2707897e-02
 -7.5387374e-02
 -1.1591543e-01
  3.0810010e-01
 -1.1775795e-02
  9.9298649e-02
  3.4081992e-02
 -4.8989671e-01
  1.7138101e-01
  1.1717274e-01
  5.2333981e-01
 -3.4134594e-01
 -1.0501143e-01
  8.1884220e-02
  7.7076428e-02
  3.3328560e-01
  2.0799933e-02
 -1.1295588e-01
  9.5486619e-02
 -5.9554201e-02
  9.3887165e-02
  1.0742247e-01
 -5.8412302e-02
 -4.8084956e-02
  2.4687555e-01
 -4.0136838e-01
  1.2429689e-01
 -2.8920518e-02
 -1.6114624e-01
 -2.2000978e-02
 -1.8414147e-01
  3.9661878e-01
  1.1510823e-01
  4.4423528e-02
 -3.4435943e-01
  9.7990736e-02
 -1.2605055e-02
 -1.0878984e-02
  1.6856502e-01
 -1.5438662e-01
 -2.0785783e-01
 -2.9007189e-02
 -4.2795384e-01
 -1.1866508e-02
 -1.5349702e-02
  2.4711886e-01
 -1.0773146e-01
 -1.3876058e-01
 -8.6494100e-01
  1.9167590e-01
  9.8829366e-02
  1.5807371e-01
 -8.3371788e-02
  1.7004578e-01
 -2.1189106e-01
  1.5120777e-01
 -1.2413578e-01
  2.2699745e-01
  1.2494968e-01
  2.9313873e-02
  4.0820485e-01
  1.9208513e-01
 -3.5394761e-01
 -1.3543712e-01
  1.9400348e-01
 -1.8724695e-01
  1.8134551e-02
  1.6390815e-01
 -3.9604878e-01
  1.6828206e-01
 -1.9985835e-01
 -4.9480297e-02
  4.9817234e-02
 -2.9733151e-01
 -1.1505047e-02
  1.2102558e-01
 -3.3948351e-02
 -6.5518534e-01
 -5.1379728e-01
 -3.4812206e-01
 -7.0760602e-01
  2.4451251e+00
  1.2004392e+00
 -8.4994906e-01
 -1.0164067e+00
 -5.4793489e-01
  1.6233182e-01
 -6.7251974e-01
  4.5566836e-01
  7.7074856e-01
 -5.6561041e-01
 -1.3661759e-01
  2.3772663e-01
 -2.0145231e-01
  5.3692651e-01
 -7.1959388e-01
  7.6081824e-01
 -7.3784292e-02
  1.1904356e+00
 -9.0836114e-01
 -2.7379951e-02
  4.4696331e-01
  2.3124936e-01
  8.2972199e-02
  3.4793463e-01
 -1.8852201e-01
 -5.0059933e-02
  6.1125660e-01
  3.4985462e-01
  7.0973313e-01
 -1.2704241e+00
 -4.7574079e-01
  5.7279464e-02
 -4.2589632e-01
 -2.3497695e-01
 -1.1893213e+00
  2.8075590e+00
 -1.3005574e-02
 -1.4265198e-01
 -1.0761069e+00
  1.2248411e+00
 -3.5494629e-02
  1.2669329e-02
 -2.1905424e-02
 -1.2472524e-01
  1.2543102e-01
 -2.2647670e-01
 -2.0883812e-01
  2.8132719e-01
 -8.1956017e-01
  1.2700875e-01
 -3.1441966e-01
 -4.3422022e-01
 -3.0172134e-02
  1.7425442e-01
  4.8698905e-01
  8.1824027e-02
 -1.1591318e+00
 -6.7430943e-01
  1.6456674e+00
  7.2249198e-01
  1.4753143e+00
  7.8382140e-01
  3.5975119e-01
  7.5533815e-02
  1.3443079e+00
 -4.7871250e-01
 -3.1231949e-01
 -2.0554699e-01
  1.2191452e-01
  2.5013110e-01
 -2.7681708e-01
  5.4536976e-02
  2.8722742e-01
 -1.2747267e-02
  1.8615025e-01
 -2.2226340e-01
 -8.6424440e-02
 -4.4723710e-01
  3.3242419e-01
 -4.1722661e-01
 -6.6857034e-01
  5.8957908e-02
 -2.7961731e-01
  4.5893994e-01
  5.1730788e-01
  3.2849604e-01
  1.0635290e+00
  1.2880863e+00
 -5.3686123e-02
  4.7062281e-01
 -5.2727234e-01
  2.2257864e-01
 -3.2637587e-01
  8.2700085e-03
 -1.9349459e-01
  2.2863655e-01
 -2.8233108e-01
  2.4790466e-01
 -2.2472815e-01
  7.9388954e-02
 -2.7752367e-01
  2.1131815e-01
  1.0928143e-01
  2.0024222e-01
 -2.5766721e-01
 -1.0883920e-01
 -3.0035606e-02
  9.1752214e-03
  7.7342547e-02
  7.4753776e-02
 -9.5229307e-03
 -2.4611403e-01
 -9.2368692e-02
  2.2793457e-01
 -1.1561111e-01
  2.6457083e-01
 -6.1001092e-01
 -7.8373587e-01
  8.6958992e-01
  1.6388010e+00
 -8.2123142e-01
  2.7160052e-02
  1.5763289e-01
  3.2901172e-02
  5.2391291e-01
 -2.9152292e-01
  6.3192837e-02
 -2.8544730e-01
  8.6689450e-02
  5.3885984e-01
 -2.1166815e-01
  3.1428728e-01
 -7.8021966e-02
 -2.7930027e-01
  3.3359730e-01
  1.2443228e-01
  2.7315989e-01
  2.0260879e-01
  5.9232229e-01
 -1.3054316e-01
  9.5416531e-02
 -8.1272356e-02
 -1.7075467e-01
  1.8742713e-01
  2.7524465e-01
  2.2075619e-01
 -4.3517590e-01
  1.1363835e-01
 -2.1074581e-01
 -2.5438088e-01
 -2.1847463e-01
  3.6752930e-01
 -2.6218572e-01
 -2.0578030e-01
  2.0851073e-01
 -2.8456402e-01
 -1.9010454e-01
  7.2564431e-02
 -3.9263511e-01
 -2.6632745e-02
  2.2838408e-01
 -2.9051542e-01
  2.3936185e-01
 -1.6928914e-01
 -2.2945127e-01
 -8.3205603e-02
 -2.8108376e-01
  8.4169082e-02
  9.8735712e-02
  2.5128967e-01
 -1.1500891e-02
 -2.4523675e-02
  1.0238384e-01
  3.5243109e-01
  1.0199944e-01
  8.6898664e-03
  6.8817645e-01
  9.0269852e-01
 -8.4091574e-01
  3.8220492e-01
  6.8499759e-02
  1.9168691e-01
  2.0728020e-01
  2.7297691e-01
  1.3543321e-01
 -1.7268764e-02
 -3.6279476e-01
  8.9012451e-02
 -1.7290680e-02
 -3.8616088e-01
  1.5770404e-01
 -1.9657479e-01
  1.0504568e-02
  3.2237571e-01
 -1.6543533e-01
  8.8649675e-02
  1.9580944e-02
  4.6224598e-02
  8.3068356e-02
  4.5193654e-01
  2.5763243e-01
  7.0869780e-01
  1.7121239e-01
 -1.3509583e-01
  5.8505565e-02
 -2.9750846e-02
 -3.5984895e-01
  4.5134101e-02
  1.3843150e-01
  3.1575668e-01
  8.9112408e-02
 -2.5801152e-01
  2.5082465e-02
  6.7264020e-01
 -3.1803238e-01
  3.1081760e-02
 -2.6205537e-01
 -4.3218911e-01
 -2.0560892e-01
 -1.7493723e-01
 -7.9543740e-02
 -1.8380961e-01
  4.6148323e-02
  3.3429223e-01
  3.6114049e-01
 -3.3139944e-01
 -4.6542011e-02
  3.1589192e-01
  4.0983838e-01
 -9.9603526e-02
 -1.9338629e-01
 -4.3223572e-01
  1.4498889e-01
 -1.7408526e-01
  2.9774535e-01
  9.0427607e-02
  6.2311247e-02
 -7.9963893e-01
  4.0455812e-01
  3.0291736e-01
  7.2487754e-01
 -9.0757541e-02
  4.1504881e-01
 -5.0783032e-01
 -1.2828099e+00
 -3.6444458e-01
 -3.8719451e-01
  3.9324498e-01
  1.4183743e-01
 -2.8821048e-01
  4.4121269e-02
 -3.6640428e-02
 -1.9565278e-01
  2.4675103e-01
  4.5320433e-02
  1.0121913e-01
 -3.9007224e-02
  3.0004367e-01
 -3.6109430e-01
 -5.4923482e-02
  3.3288699e-01
 -4.1035581e-02
 -2.1707879e-01
  2.1332459e-01
 -3.8712096e-01
  1.3219886e-01
 -8.7686551e-01
 -6.8215698e-01
 -1.2841274e+00
  6.9261312e-01
  4.2797127e-01
 -5.4009985e-03
  4.0476909e-01
  5.6349236e-01
 -1.3504760e+00
 -2.4797046e-01
 -1.7095245e-01
  1.1488353e-01
  9.7866002e-03
 -4.2163429e-01
  3.5820192e-01
 -6.7173868e-02
  2.5547698e-01
 -1.8914241e-01
 -2.1430784e-01
  1.4907764e-01
 -6.6183567e-02
 -1.9907163e-02
  1.1895767e-01
 -8.4936261e-01
  4.1833036e-02
  7.8842662e-02
 -4.9188618e-02
  1.2732929e-01
 -8.7420873e-02
 -5.6345671e-02
  1.0599297e+00
  1.5565766e+00
 -6.7202723e-01
  4.3474674e-02
 -1.8600787e-01
 -2.1985218e-01
 -8.0100530e-01
 -1.0809408e+00
 -5.8127832e-02
 -1.0882610e+00
  8.6260751e-02
 -1.2596594e-01
 -9.1423191e-02
  9.1246970e-02
 -5.6556737e-01
 -2.4511125e-02
 -4.0879694e-01
 -1.0371305e+00
 -2.5540677e-01
 -7.6429063e-01
  1.8359761e-01
  3.4712095e-02
 -7.9851228e-01
  2.9365903e-01
 -1.0069861e-01
 -1.2055387e-01
  2.9374230e-01
  2.8492160e-02
  1.0873580e-01
 -2.3099509e-01
  2.2916405e-01
  1.5548635e-01
 -1.8153580e-01
 -1.4708485e-02
 -7.4334554e-02
  9.7421482e-02
  1.5803970e-01
  1.1198840e-01
  1.6595956e-02
  2.9357883e-01
 -2.9282633e-02
  3.2823482e-01
  2.0147699e-01
 -1.4042303e-01
  1.8603437e-01
 -1.9156781e-01
 -1.1552795e-01
 -1.1374465e-01
 -9.8023042e-02
 -2.1792217e-01
  1.5005101e-01
  7.2415479e-02
 -4.9444087e-02
 -7.5275689e-02
 -2.3631243e-02
  1.0628329e-01
 -1.1320325e-02
 -1.8918964e-01
 -5.6019706e-01
 -2.7953875e-01
  1.6023201e-01
  1.5811553e-02
  1.3002361e-01
 -1.5176903e-01
  4.2013571e-01
 -2.5389478e-01
 -3.9773796e-02
 -1.1934521e-01
 -2.5534669e-01
 -2.9857445e-01
 -2.1032441e-01
 -1.8855353e-01
  5.1898438e-02
  1.5972933e-01
 -4.4057574e-02
  9.3083158e-02
  1.7474827e-01
  6.9361895e-02
 -1.7113100e-01
 -8.1455193e-02
  1.0265797e-01
 -1.1435226e-02
  4.1225255e-02
  3.2843331e-01
 -2.7882737e-01
 -1.4661828e-02
 -2.2412689e-01
 -1.0693738e-01
 -9.6764162e-02
 -1.1286161e-01
  6.3070291e-01
 -1.1009389e+00
 -1.5272506e-01
  7.3036158e-01
 -7.1151125e-01
 -5.1589543e-03
 -3.2168448e-01
 -6.2091094e-02
  2.3411398e-01
 -1.4757733e-01
  8.2345381e-02
  3.7575558e-02
 -1.3687736e-01
  9.0686247e-02
 -5.7550076e-02
  1.3391322e-01
 -2.3985200e-03
 -4.5624876e-01
  6.1041608e-02
  2.6217127e-02
  1.5232119e-01
 -1.4752357e-01
 -1.8295678e+00
 -3.0187336e-01
 -4.3452692e-01
 -1.8943824e-01
  1.3162358e-01
  1.4015028e-01
 -2.5998395e-02
  2.6740184e-01
 -1.5971576e-01
 -2.6012972e-01
  2.7464095e-01
 -3.2067023e-02
 -5.0600904e-01
  1.7668945e-01
 -1.1648283e-01
  2.2937274e-01
 -2.0383506e-01
 -2.8175163e-01
  1.2213666e-01
  4.0707890e-02
  7.5355299e-02
 -5.1217634e-02
  1.6170581e-01
 -6.9783956e-02
 -2.4838294e-01
 -2.5497976e-01
 -2.9529491e-01
 -1.4647047e-01
  1.9025289e-02
  3.8499361e-01
  3.1265700e-01
  9.7212829e-02
  1.9278947e-01
  1.2763944e-01
  4.7693229e-01
  6.2416900e-02
  2.3029172e-01
 -7.7203013e-02
  1.2860330e+00
  8.5197222e-01
  5.6596376e-02
 -1.2729942e+00
 -4.5511812e-02
 -3.1373975e-01
  1.5715905e-01
  1.9109169e-01
  3.7301838e-01
 -1.4863735e-01
  3.9246786e-01
 -2.1371104e-01
 -1.6932048e-01
  1.3936475e-01
 -1.2604509e-01
 -1.2621285e-01
  1.2012523e-01
 -7.8625396e-02
  8.6733572e-02
 -1.7999689e-01
 -2.3602447e-02
 -9.6891925e-02
 -8.0818310e-02
  1.2480905e-01
 -4.5339245e-02
 -2.7223233e-02
 -1.0646636e+00
  1.5093166e-01
  2.9168087e-01
  7.2236411e-02
  4.3230157e-02
  1.8119790e-01
 -1.5066607e-01
  5.2595671e-02
  3.9077142e-01
  4.8401836e-02
 -1.0359045e-01
  7.7478506e-02
  2.0031913e-01
 -3.2310616e-02
 -1.4683148e-01
 -2.2764558e-03
  3.6861241e-02
  5.3416169e-01
 -4.5751415e-02
  9.3580365e-02
 -7.0267037e-02
 -3.5212204e-02
  3.2785684e-02
 -3.1033620e-01
  3.1091359e-01
 -1.0235421e-01
  5.4367983e-01
 -2.3972900e-01
  2.5713006e-01
 -7.8446656e-02
 -2.1439199e-01
  3.6186519e+00
  2.3326446e-01
  3.2064136e-02
 -1.3146635e+00
 -1.4252299e+00
  6.9159456e-02
  2.5505583e+00
  2.9967570e-01
 -1.2807298e-01
  6.4405516e-02
  1.5767090e-02
 -5.2826196e-01
 -2.3136143e-01
 -2.4863642e-02
  3.4783721e-01
 -4.0150944e-02
  2.2574167e-01
  7.1893327e-02
 -1.1547631e-01
  1.0167191e-01
  2.6194566e-01
  2.0721538e-01
  4.7362334e-01
 -1.7267689e-01
 -9.8158844e-02
 -2.4856033e-02
 -2.7010387e-01
  7.2716303e-02
  9.8546423e-02
  1.9535145e-01
  2.4462341e-01
 -3.9439052e-01
  2.8144982e-01
 -1.3403319e+00
 -5.4803014e-01
  4.7079507e-01
  1.0743678e-01
 -1.1621265e+00
  7.8199536e-01
  1.2344480e+00
 -5.1317477e-01
 -1.5109737e+00
 -7.4298447e-01
 -7.9798412e-01
 -1.1724203e-01
  1.0223621e+00
 -2.1001608e+00
 -7.9486288e-02
 -3.9790519e-02
  7.2043926e-01
 -2.8799990e-02
  6.0196146e-02
  9.9592574e-02
 -3.0715165e-01
 -3.3990133e-01
  9.0122211e-01
 -8.5447395e-01
  5.6258136e-01
 -4.1433069e-01
  9.8504452e-03
  3.9623588e-01
 -5.2886796e-01
 -4.8596820e-01
 -1.0193049e-01
  3.5958534e-01
 -3.0938518e-01
  8.8542551e-01
  3.5584986e-01
 -2.3400098e-01
 -4.3576726e-01
  2.1981900e+00
  2.4563682e-01
  1.0397401e-01
  3.0164540e-01
  6.9767959e-02
  1.9813369e-01
 -2.3314701e-01
  3.0223939e-01
  5.4356236e-02
  3.5873827e-02
 -1.5034382e-03
 -4.8618671e-01
  8.2589798e-02
  6.0740449e-02
 -1.9368595e-01
 -2.6688051e-01
  5.4229134e-01
  2.5896385e-01
  3.5794351e-01
  1.5940300e-01
 -6.4301437e-01
  3.0885976e-02
 -4.1002128e-03
 -7.3259282e-01
 -2.4348418e-01
 -2.0557110e-01
  4.9551070e-01
  7.8752942e-02
 -1.3959605e-01
 -2.4203388e-01
  2.9235774e-01
  1.4872763e-01
  6.8432443e-02
  1.2967274e-01
  2.2676776e-01
  7.8891732e-02
 -1.8602630e-01
  4.6597418e-01
  1.4674571e-01
 -1.3480060e-01
  1.4738420e-01
 -3.0325264e-01
  7.1039326e-02
  8.5473582e-03
 -1.7694044e-01
 -1.0356101e-01
  1.2547559e-02
 -6.3942865e-02
  1.2172646e-01
  2.9593205e-01
 -2.3197249e-01
 -1.4318147e-01
 -2.1854948e-01
 -7.9851037e-01
 -1.0633619e+00
 -2.7196455e-01
 -4.7764160e-02
 -1.3684328e+00
  3.3372059e-02
  1.0731559e-01
 -1.5436200e+00
  3.1966332e-01
  8.6014038e-01
  1.7011334e-01
 -8.4545946e-01
 -3.3702102e-01
 -6.6218454e-01
  5.1070261e-01
  1.4967728e-01
 -1.8884493e-01
 -7.1485901e-01
  8.3757108e-01
 -1.1622117e+00
  2.4174039e-01
  2.1638855e-01
 -9.0202993e-01
 -7.1397597e-01
 -3.2450080e-01
 -2.8738543e-01
  4.9437833e-01
  5.3228471e-02
  5.8639973e-02
  6.6364382e-04
 -9.9832112e-01
 -3.2825230e-03
  4.4416955e-01
 -4.1106606e-01
  2.3282428e-01
 -4.7841111e-01
  8.8471949e-01
 -2.2238698e+00
  1.2021637e+00
  5.4975241e-01
  1.5785502e-01
 -1.0895666e-02
  8.2744962e-01
 -1.3363646e+00
  3.8330981e-01
 -6.7333445e-02
  4.5549318e-02
  1.9507964e-01
  2.6802283e-02
  2.5079098e-01
 -9.8667867e-02
  4.0139031e-01
  2.1659225e-01
  3.7003240e-01
  2.1501516e-01
 -2.2334719e-02
 -3.7296660e-02
 -2.9364190e-01
 -2.8265309e-01
 -8.4692955e-02
  5.9348589e-01
  6.2129325e-01
  2.0478265e-01
 -1.3639880e+00
  4.3808261e-01
 -1.9980556e-01
 -1.0438915e-01
 -1.0175869e-01
  3.8932875e-01
  9.4143070e-02
 -1.6441655e-01
  1.3041434e-01
  1.6719167e-01
  1.7651916e-01
  9.1893002e-02
 -8.5020199e-02
  5.0172925e-02
  1.2232386e-01
 -5.9477842e-01
 -6.0093101e-02
 -1.7807233e-01
 -1.4685892e-01
 -1.8547373e-01
 -4.1536900e-01
  1.7344858e-01
  3.6241923e-02
 -2.3727149e-01
  3.1569861e-02
  1.3982708e-02
  2.8668466e-01
 -2.7285665e-02
 -1.6163636e+00
  1.2560987e+00
 -3.2316651e+00
 -1.1662997e-01
 -1.5064548e-01
  9.7723866e-01
 -1.2572962e-01
  3.0044973e-01
  2.1805335e-02
  3.9832559e-01
 -9.8893508e-02
  1.3147765e-01
  1.0555228e+00
 -1.5502384e-01
  2.4695100e-01
  4.5915660e-01
 -8.4912367e-02
  8.4266943e-01
  1.9387497e-01
  1.8388031e-01
  3.0483073e-01
  4.6895054e-01
  1.6077381e+00
  1.6194113e-01
 -1.1366173e-01
  7.5211585e-02
  7.4492598e-01
  6.1777943e-01
  1.4466305e-01
 -1.7273595e+00
  1.6007107e+00
 -2.2084480e-02
  3.8191622e-01
 -8.6732352e-01
  3.9411983e-01
 -1.1460354e-03
 -2.7127022e-01
  1.4148467e+00
  4.6453086e-01
  5.2646530e-01
  2.8195915e-01
  2.1592692e-01
 -2.7535957e-01
 -4.5375213e-01
  3.5424778e-01
 -7.5970417e-01
 -1.1886945e-01
 -6.2084997e-01
 -4.2513052e-01
 -3.6920339e-02
  8.1828959e-02
  1.2252523e-02
  5.3786623e-01
 -2.1536645e-01
 -4.8061632e-02
  1.3866509e-01
  1.1141597e-01
 -1.2111671e-01
  1.9726892e-01
 -1.3536907e+00
  1.1767179e+00
 -7.0190907e-01
  2.8335867e+00
  1.8845852e-01
  8.8414222e-02
  1.0637634e+00
 -6.9759297e-01
  4.5344263e-02
  4.1043302e-01
 -6.9606960e-02
 -2.1667351e-01
  2.1237013e-01
 -2.6839701e-02
  8.7442383e-02
  6.5998696e-02
  1.5493967e-01
  7.9728764e-01
  4.6327063e-01
  8.3898318e-01
 -1.1294827e-01
  6.3530444e-03
  4.9493951e-01
 -4.4579548e-01
  3.9247477e-01
  2.5953418e-01
  8.2380094e-02
  3.4148568e-01
  3.4991577e-01
  2.4450515e-01
  2.4573520e-01
  1.7965555e-01
  2.4671783e+00
 -7.7191389e-01
 -5.7125818e-03
  1.0320964e-01
 -3.1429056e-02
  3.9662104e-02
 -1.6186829e-01
 -2.3765941e-01
 -3.4368347e-02
  7.9249732e-02
 -1.0227865e-01
 -1.8828838e-01
  2.1599619e-01
 -2.5675058e-01
 -1.2623215e-01
  1.3616109e-01
 -5.7934672e-02
 -2.6803038e-01
 -9.4252884e-02
  1.2006532e-01
 -2.2711775e-01
 -1.4342517e-01
 -3.8506120e-01
  3.1320058e-02
 -5.2691333e-02
 -3.4481589e-02
 -2.6788753e-01
  5.2408963e-03
  3.6037796e+00
 -6.3703096e-01
  1.3862960e+00
 -1.4963338e+00
 -5.5697656e-01
 -2.7676418e-01
  3.2283530e-01
 -2.8506702e-01
  8.3539575e-02
 -1.3171113e+00
  2.1530700e-01
 -7.1955973e-01
 -5.1560169e-01
 -9.1724473e-01
 -2.0211969e-01
 -2.7831212e-01
 -1.1339957e-01
  2.4482302e-01
  6.3146567e-01
  4.8106578e-01
 -6.1735440e-02
  1.3735826e-01
  3.0231801e-01
 -1.3727125e+00
  1.2411252e-01
  1.8692054e-01
 -5.5089068e-01
  1.0792032e-01
  1.8961769e-01
  1.3583598e-01
 -2.0986444e-01
  1.6053396e+00
  9.6152462e-02
 -5.8640331e-02
  8.9419506e-02
 -2.0188862e-01
 -1.7271824e-01
  8.9253457e-03
  6.7466629e-01
  1.5102428e-01
  7.4334800e-02
  2.8354573e-01
 -2.1595907e-01
  8.7551638e-02
 -1.5579391e-01
 -1.6711112e-02
 -1.4909394e-01
  3.7420973e-01
  3.3442622e-01
  1.5373087e-01
 -3.6864319e-01
 -1.3665910e-01
  3.0860943e-01
 -6.5801091e-02
 -2.4599646e-01
  7.4096080e-03
 -4.4941805e-02
  3.8249192e-01
  1.5975271e-01
 -1.5761326e-01
 -4.3270014e-02
  1.4959274e-01
 -4.0842423e-01
 -4.2429361e-01
  3.7690181e-02
  2.3512886e-01
  2.4478443e-01
  4.1839811e-01
  3.1031659e-01
  2.0306252e-01
 -2.4814989e-02
 -1.8847455e-01
 -3.4271321e-01
 -6.4491332e-02
 -4.8699684e-02
 -1.6729505e-01
  3.2413587e-01
 -3.2382613e-01
  1.5680061e-01
  7.3642090e-02
  7.6590084e-02
 -1.8024975e-01
 -3.4484547e-01
  2.1392170e-02
  6.2859252e-02
 -1.5979597e-01
  1.9581962e-01
  9.1463730e-02
  7.1029700e-02
  1.9733554e-01
 -2.4281441e-01
  1.4415479e-01
 -3.2065961e-01
  5.4172349e-01
 -5.8706212e-01
 -4.1955695e-01
  2.2989622e-01
 -4.5727644e-02
 -3.4110925e-01
  5.5964833e-01
 -1.7440580e-01
 -5.6625497e-02
 -5.7000679e-01
  2.5890702e-01
  8.8634066e-02
 -3.0369434e-01
  1.3441746e+00
  1.3995899e-01
 -7.1572070e-03
 -2.5595087e-01
 -1.6811147e-01
  1.2936465e-01
 -2.0907905e-02
 -1.0439131e-01
 -1.5091676e-01
 -5.0412484e-02
 -2.0546232e-01
  2.9123127e-01
 -6.0925782e-01
 -3.1868932e-01
 -4.1457707e-01
  9.5209204e-02
 -5.3942762e-02
 -1.7915375e-03
  1.8588500e-01
 -2.4659689e-01
  2.1864440e-01
  1.2972289e-01
  2.8370747e-01
 -3.6434487e-01
  2.3077786e-02
  6.5290727e-02
  2.5463411e-01
  1.4277330e-01
 -2.0613736e-01
 -1.1753298e-01
 -1.0188099e-01
  1.0243881e-02
 -3.4921598e-01
 -8.0589145e-02
 -2.9394424e-01
  7.2840117e-02
  3.3908930e-02
 -2.6292551e-01
  1.2088615e-01
  2.5053605e-01
  2.0169850e-01
 -1.4897236e+00
  2.1994522e-01
 -1.3616826e-02
  1.7906877e-01
 -2.6419502e-01
  7.4698128e-02
  4.2124000e-01
  2.6928421e-02
 -3.1608903e-01
  1.8024252e-01
 -2.0768866e-02
  1.2269404e-01
  5.7165008e-02
  1.1007906e-01
 -1.9788517e-01
 -7.7170455e-01
 -8.3592057e-02
 -2.5027847e-01
 -2.1362801e-01
  2.7544159e-01
 -5.7969648e-02
 -1.1095809e-01
 -1.7712499e-01
  5.7470733e-03
  1.1677160e-01
  2.1000948e-02
  4.7454238e-02
 -2.4189642e-01
  3.3796859e-01
  1.9515146e-02
  1.3414951e-01
 -1.7457208e-01
 -1.8183365e-01
 -3.4817615e-01
 -3.6533931e-01
  1.2744369e-01
  1.1116993e+00
 -3.9127770e-01
  4.9710732e-02
  2.9085016e-01
  1.8397358e-01
 -4.2647487e-01
  1.5031375e-01
  5.4425243e-02
 -4.3476012e-01
  2.1529981e-01
  4.6672970e-01
 -5.5385672e-02
 -3.0022588e-01
 -8.6726949e-02
 -5.8867376e-02
  3.9196333e-01
 -2.3860456e-02
 -3.4880111e-01
  2.0688705e-01
 -1.8003137e-01
  1.2177218e-01
 -2.4210767e-01
 -1.1921174e-01
 -2.3056433e+00
  4.3552827e-02
 -7.0488930e-02
  1.7364633e-01
  1.0243293e+00
 -3.5070911e-01
 -1.3624257e-02
 -8.5404344e-02
  2.2554535e-01
 -1.0297010e+00
 -3.2883775e-01
 -4.0900625e-02
  1.5113349e-01
  2.1272962e-01
  4.1679472e-02
  4.4608852e-01
  5.8845375e-02
 -2.1499367e+00
 -1.5194590e-02
 -3.7814170e-02
  3.9109141e-01
  2.2370538e-01
 -2.4113508e-01
  1.3152334e-01
 -2.3880703e-02
 -1.6550340e-01
 -1.4944488e-02
  2.6336098e-01
  1.7295699e-01
  4.6324108e-02
  1.3371055e-01
  8.2652852e-02
  1.0209087e-01
  9.4364502e-02
 -1.7913146e-01
 -2.4215555e+00
 -2.0198574e+00
 -9.5278102e-01
 -2.0235066e-01
 -2.5445557e-01
 -2.1804352e-01
  7.7114201e-01
  8.0972296e-01
 -5.3413516e-01
 -1.0136124e-01
  1.5167577e+00
 -9.5355374e-01
  4.2945943e+00
 -6.9607729e-01
  3.8502502e-01
  9.2555262e-02
  3.4091571e-01
 -3.0506945e-01
  3.2052544e-01
  1.2370057e-01
 -1.1955000e-01
 -1.6384223e+00
  4.3285275e-01
  1.5241832e-01
  1.9084977e-01
 -9.7695850e-03
 -1.9333966e-02
  5.7085687e-01
  2.7928582e-01
  2.3603097e-02
 -3.0207455e-02
  5.5541456e-02
 -3.9604443e-01
 -2.9974883e-02
 -1.2408336e-01
  4.2513430e-01
  5.8679275e-02
  5.8792256e-02
 -3.6103860e-01
  5.1210868e-01
 -1.2407064e-01
  5.2873243e-02
 -2.5247821e-01
  3.0410665e-01
 -2.1953185e-01
 -2.3718977e-01
 -1.3572760e-02
  1.8124449e-01
 -2.2258656e-01
  1.5278481e-01
 -1.2360698e-01
  2.6984391e-01
  3.7797868e-01
 -2.0966081e-01
  4.4526509e-03
  1.2602291e-01
 -1.3300277e-01
  1.0547886e-01
  7.8488477e-02
 -4.3359864e-01
 -1.7765908e-01
  9.2717841e-02
  2.7206417e-03
 -1.9106020e-01
  2.5585003e-02
  8.4900558e-02
  2.4373431e-02
 -8.0965906e-02
 -7.0426896e-02
  9.8880827e-03
  1.3216683e-01
  2.9663231e-02
  1.9327391e-02
 -3.5885542e-03
 -2.1465617e-01
  6.2693834e-02
 -6.9200799e-02
 -2.4503316e-01
  1.1337280e-01
  1.1245473e-01
  1.7193894e-01
 -5.2766424e-01
 -1.5597266e-01
  6.7515597e-02
 -1.1050574e-01
 -2.7248096e-01
  1.3448973e-01
  8.5346945e-02
  4.5374792e-02
  3.8232556e-01
 -2.3965558e-01
  1.2445330e-01
 -2.2574501e-01
 -1.6265300e-01
  9.5414050e-02
 -1.3435946e-01
  9.7049020e-02
 -1.5620652e-01
 -1.4073518e-01
  2.7900580e-02
 -1.7405924e-01
  3.7950054e-02
 -1.2677690e-01
  9.0843931e-02
  4.9589872e-02
 -5.4300547e-02
  1.7224105e-01
 -2.7408223e-03
  1.3495502e-01
  6.8924867e-02
  4.5119427e-02
 -1.9783574e-01
  1.9386496e-01
 -1.6295493e-01
 -1.6901389e-01
  2.1706124e-01
 -1.0580733e-01
  2.3169233e-01
 -6.1982125e-02
  9.1335781e-02
  7.1837761e-02
 -2.9542771e-01
 -3.8889624e-02
  1.4165816e-01
  9.4926506e-02
 -1.8988909e-01
  9.6931949e-02
 -5.2840196e-02
  3.1387755e-01
 -5.4349128e-02
  4.3719582e-02
 -1.6601836e-02
 -2.0072798e-01
 -9.8825363e-04
 -9.8900634e-01
 -5.3122662e-02
  2.8851962e-01
  9.5199898e-02
  6.9305167e-02
 -1.6812785e-01
  7.0138872e-02
  1.7847052e-02
  3.2110423e-01
 -4.6935204e-02
 -1.7186059e-01
 -1.6478696e-01
  9.0513967e-02
  7.3191725e-02
 -6.7794517e-02
 -1.8682866e-01
  9.8572063e-01
 -6.2371761e-01
 -1.3260897e+00
  5.6472623e-01
 -1.4660423e+00
 -4.1142234e-01
  2.1912727e+00
 -4.5737329e-01
  9.4160849e-01
 -1.6329123e-01
  3.7823248e-01
  5.4825816e-02
  4.5515159e-01
  9.2407204e-02
  1.9630258e-01
  1.2570135e-01
 -2.8562126e+00
  7.7781603e-02
 -1.8224245e+00
 -1.6276373e+00
 -5.9111502e-02
 -1.7398934e+00
 -1.1970817e-02
 -2.7999228e-01
 -1.1461359e-01
  2.9448649e-01
 -2.2451493e-01
  1.6719838e+00
 -1.8103762e+00
 -1.8122891e+00
  8.9087796e-01
 -1.2081391e+00
  1.6155686e+00
 -8.8546580e-01
 -3.8796905e-01
 -2.4378402e-03
  1.5369490e-01
 -1.2155201e-01
 -1.9335796e-01
  5.0903642e-01
 -7.9839474e-01
 -1.4374896e+00
 -3.6985758e-01
  5.0589822e-02
 -1.8293549e-01
 -1.3769300e-01
  1.1566325e+00
 -1.3382443e+00
 -1.8973398e+00
  1.8660977e-01
  5.3396527e-02
 -1.3736573e-01
 -1.3586920e+00
 -1.1463280e+00
  5.3237665e-02
  2.2295003e+00
 -8.7753922e-01
 -6.1221564e-01
 -1.5641853e+00
 -9.9413943e-01
 -7.9213184e-01
  5.4238744e-02
  1.4833661e+00
  5.5349506e-02
  1.6251472e+00
 -5.0824231e-01
  1.6065462e+00
  9.5439717e-02
 -7.1965349e-01
 -3.9072967e-01
  1.6497855e-01
  1.8630722e+00
 -1.1146752e+00
  1.8040069e+00
 -3.6722457e-01
  3.7496498e-01
 -1.8322748e-01
  2.0874393e+00
  8.3066307e-02
  5.9949342e-02
 -1.3017007e+00
 -6.4343828e-01
 -1.7758893e+00
  2.2605756e-01
 -3.8413450e-01
 -7.3312056e-01
 -7.1364152e-01
  7.3855147e-02
  1.2818475e+00
  5.6863552e-01
 -4.2577356e-01
  1.8155272e-01
 -4.2980236e-01
  1.1822680e+00
 -2.8254731e-02
  7.5039148e-02
 -1.2398493e+00
 -1.6577300e-01
  1.0521628e+00
 -3.6983466e-01
  8.2881279e-02
 -6.5902877e-01
 -3.3820387e-02
  9.4721571e-02
 -7.4646976e-03
 -1.7894393e-01
  1.7620469e+00
 -4.7155878e-01
 -1.2160653e+00
  1.3868085e+00
  2.3548689e-01
  3.9009723e-01
  1.5034351e+00
 -2.8182536e-01
  1.6825363e-01
 -2.1611338e-02
 -8.3347678e-02
  1.6171320e-01
  8.4564388e-01
 -7.2657633e-01
 -1.6732593e+00
  5.3912944e-01
 -1.5575736e+00
  6.0301453e-02
  1.6428845e-01
 -1.3798560e-01
  4.4912979e-01
  7.0629573e-01
 -1.3019528e+00
 -5.9850253e-02
  1.6471779e-02
 -6.1520004e-01
 -6.7473316e-01
 -2.4535806e-01
  5.1326651e-02
  2.3488514e-01
  8.0076540e-01
  4.9485746e-01
  8.0642325e-01
 -1.5739499e+00
  4.3968907e-01
  4.9501520e-01
 -2.5093522e+00
 -7.5616097e-01
  7.8421283e-01
 -1.5363650e-01
 -4.6980289e-01
  6.8697862e-02
 -4.4503164e-02
 -2.9372689e-01
  3.1067334e-02
 -3.7227336e-01
 -9.0643185e-01
  4.8493421e-01
  6.4567262e-01
 -1.4536053e-01
  8.1910841e-02
 -4.7920907e-01
  9.0035990e-02
 -2.5508993e+00
 -5.0025934e-01
  6.6346109e-01
  1.5508462e-01
 -2.7246408e+00
 -5.8028203e-01
 -7.1594596e-01
 -1.4247987e+00
 -9.9167168e-01
  4.1290565e+00
 -7.6798707e-01
  2.6661389e+00
  2.5105767e+00
  1.9245472e+00
  7.0714545e-01
  1.8577822e+00
 -2.0339084e+00
 -1.7146082e+00
 -4.2851239e-01
 -1.5728024e+00
  2.1014521e+00
 -2.0886843e+00
  5.2102244e-01
 -8.1061232e-01
  1.4235705e+00
 -1.0912024e+00
 -2.2694528e-01
  1.2082592e+00
  2.6558858e-01
  2.4878484e-01
  3.6394566e-01
 -1.3692040e+00
 -3.9734174e-02
  1.5060942e-01
 -8.5568112e-01
 -1.7404170e+00
  1.7498920e+00
 -9.1789961e-02
  1.9310264e-01
  5.1213044e-01
  1.6051658e+00
 -6.1520028e-01
 -1.4194922e-01
  2.2661656e-01
  2.3266691e-01
  2.0036502e+00
 -8.2142180e-01
  5.4996705e-01
  8.1337482e-01
 -1.1351318e-01
 -7.7706027e-01
 -3.1542185e-01
 -4.3931487e-01
 -3.8353330e-01
 -6.4367384e-01
 -1.9759502e-01
 -5.9542924e-01
  6.2510717e-01
 -3.0201840e+00
 -1.6549082e+00
  1.9236637e+00
  1.3305527e+00
 -2.5496421e+00
  1.8124776e+00
 -1.1492525e+00
 -9.6955031e-01
  8.6744845e-01
 -1.0273532e+00
 -2.0667958e+00
  6.0934323e-01
 -4.5216215e-01
 -2.1560788e+00
  1.0588955e+00
  1.5108318e+00
 -7.0836812e-01
 -5.2681230e-02
  3.0893264e+00
  1.5292902e+00
  9.2663038e-01
 -6.0300690e-01
 -3.2807931e-01
  3.9129958e-01
  4.8636532e-01
  6.4954269e-01
 -2.3494694e+00
  2.1267591e-01
  7.7682471e-01
 -8.9578885e-01
 -1.5366507e+00
 -5.6227410e-01
 -3.1647453e+00
 -3.1732506e-01
 -6.7275846e-03
 -6.7958705e-02
  9.2175728e-01
  1.6244375e+00
  6.6084191e-02
 -3.8483503e-01
  6.5675044e-01
  2.9734187e+00
  5.1905847e-01
  3.1684512e-01
 -1.2218324e+00
  1.0303940e-01
  8.7954718e-01
 -1.7237684e+00
 -1.6311716e+00
 -8.3839589e-01
  4.1752288e-01
 -8.4281147e-01
  3.0177182e-01
  1.0858096e+00
  9.1320086e-01
  7.1106499e-01
 -1.3095470e-01
  2.3925255e-01
  1.2467223e-01
 -5.3280503e-01
  1.1033487e-01
 -2.5975516e+00
  1.4432689e+00
 -7.1277320e-01
  1.0869521e-01
 -1.3881253e+00
 -3.3809283e-01
 -1.1072321e+00
 -1.4449947e-01
 -4.8238775e-01
 -3.6795035e-01
 -5.5698484e-01
  1.2820835e+00
  1.1434019e+00
  2.0264550e-01
 -5.4344702e-01
 -1.5840986e+00
 -5.8540171e-01
 -1.2995185e+00
  3.3066478e-01
 -2.8625062e-01
  2.5639727e+00
  1.0252598e-01
 -3.3359960e-01
 -5.6543195e-01
 -3.1803401e+00
  1.0571308e+00
 -1.0606654e+00
  1.6208344e+00
  1.5711114e+00
  4.1819826e-01
 -1.3659563e+00
  8.0225551e-01
  4.3844593e-01
 -2.7729097e-01
  1.1237662e+00
 -4.1203290e-01
 -1.7814382e+00
 -9.4271958e-01
 -1.3918047e-01
  7.4653989e-01
  1.4810776e+00
  1.0401919e+00
 -1.2896277e-01
 -1.9296173e+00
  3.0399284e+00
  1.7728497e+00
  1.0465749e-01
 -3.3313041e+00
  1.4437530e+00
  1.0959101e+00
  5.6357324e-01
 -1.4929945e+00
  5.9617686e-01
  2.4361672e-02
  4.6582168e-01
  8.5028231e-02
 -8.7947291e-01
 -5.4893118e-01
 -1.6409869e+00
  4.1176653e-01
 -2.2074018e+00
 -2.0408392e-01
 -6.1658466e-01
 -1.3273698e+00
 -1.6944673e+00
  2.9758459e-01
 -1.1241896e-02
  1.3718104e+00
  1.2076925e-01
  2.0213916e+00
  1.6254679e+00
  9.9567825e-01
 -2.3300385e-01
  2.1418982e+00
  1.0506364e+00
 -7.6387721e-01
  1.9984488e-01
  1.3405566e+00
  9.3154222e-01
  1.4234477e+00
  1.6176530e+00
 -5.0842237e-01
  1.9519562e-01
 -1.2313251e+00
 -4.4109923e-01
  2.2901185e+00
  2.8959870e-01
 -1.2175394e+00
 -5.6033987e-01
  2.5916865e+00
 -8.7256032e-01
 -9.6968822e-03
  2.4316259e-01
  1.6396114e+00
 -9.9262160e-01
 -8.7093973e-01
 -5.8588769e-02
  9.4651717e-01
 -7.3548442e-01
 -4.3238059e-01
 -2.5672438e-02
 -1.1212585e-01
  1.2391949e+00
 -1.7882457e+00
 -1.0506555e+00
 -2.1883259e+00
  3.0027180e+00
 -8.0423847e-02
 -1.4483533e+00
  4.9005678e-01
  5.2204478e-01
 -1.5440065e+00
  2.8871423e-01
 -1.7867872e-01
  7.8223091e-01
 -3.7593219e-01
 -1.2970724e+00
  1.5830526e+00
 -4.3326509e-01
  1.7001604e+00
  8.6080003e-01
 -2.7928982e+00
 -1.6153612e+00
 -1.3538836e+00
  1.3291694e+00
  8.0970627e-01
 -1.6146556e-01
 -1.4230548e+00
  9.9915057e-01
  7.1972913e-01
  3.7208903e-01
 -9.0435338e-01
  9.7986042e-01
  1.7641028e+00
 -9.4818330e-01
  1.2712182e+00
  9.7622275e-01
  4.5938173e-01
 -1.1980283e+00
  1.4764713e+00
  5.9990096e-01
 -2.9236042e-01
 -3.5366574e-01
  2.7816373e-01
  2.0101047e-01
 -6.1228079e-01
 -2.0971606e+00
 -1.7368727e+00
 -1.0020175e+00
 -3.2110041e-01
 -7.3322165e-01
  3.6501041e-01
  3.5162848e-01
 -1.9833727e-01
  2.7144983e-01
 -2.3120297e-01
 -4.4076061e-01
  3.5040373e-01
 -7.3582923e-01
  8.4149164e-01
  1.0017918e+00
 -1.0443779e+00
  7.2364956e-01
 -6.5638632e-01
  2.8251573e-01
  1.7901230e+00
  3.0132008e-01
  3.6297905e-01
 -1.0638930e+00
 -1.4990505e+00
  4.9157119e-01
  1.6240879e+00
  2.7408633e-01
  1.8083948e+00
 -1.5389182e-01
 -2.6234629e+00
  2.3888223e+00
  3.4323246e+00
  3.6738899e-01
  9.3721080e-01
  1.6888998e-01
  6.4595409e-02
  5.4684186e-01
  1.5191197e+00
 -1.0728346e+00
 -2.3917208e+00
  4.6640167e-01
  2.4489720e+00
 -1.1542219e+00
 -6.2257147e-01
  6.1671738e-02
  1.8819326e+00
  1.3793477e+00
  2.2213799e-01
 -2.9137105e-01
  1.1898272e+00
  1.1208988e+00
  7.2598889e-02
  1.0951730e+00
  1.3160684e+00
 -6.4611447e-01
  1.3221200e+00
 -6.5705204e-01
 -2.7585180e+00
 -4.4394419e-02
 -1.0187794e+00
 -1.9397570e-01
  6.5512884e-01
  1.6705981e+00
 -1.6083050e+00
 -8.4269416e-01
  1.3669318e+00
 -1.8410993e+00
  8.7799388e-01
 -3.6745957e-01
 -1.3562950e-01
 -4.4244134e-01
 -6.4819014e-01
  2.5217352e+00
 -5.1433116e-01
  7.5321084e-01
  1.0178990e+00
  2.6762779e+00
  6.7941064e-01
  1.7763283e+00
  1.1547037e+00
  7.2595179e-01
  1.6254950e+00
 -1.6321149e-02
 -7.5802219e-01
 -4.0060118e-01
  3.1588075e-01
 -1.5380004e-01
 -7.7765685e-01
 -6.0114914e-01
  1.8328815e+00
  1.8862145e-01
 -2.4809647e-01
  1.2681688e-01
 -6.1548251e-01
 -1.8298932e+00
 -3.7268129e-01
 -1.0031811e+00
  2.1433523e+00
  1.9661928e+00
 -2.7622509e+00
  4.7963314e-02
  2.0279309e-01
  1.3954010e+00
  1.5569309e+00
 -4.7135496e-01
  5.7802510e-01
 -2.1930066e-01
 -1.1219097e+00
 -3.9849564e-01
 -1.2372708e-01
  2.5278932e-01
 -6.5405899e-01
 -8.6309344e-01
 -2.8266919e+00
  5.2741611e-01
  1.1180968e+00
  1.7650531e-01
  5.6826574e-01
  3.1274971e-01
  5.9278572e-01
  1.4835663e-01
 -9.6200579e-01
 -5.7927221e-01
 -2.7737997e+00
 -6.5026402e-01
 -4.2917755e-01
 -7.7966523e-01
 -1.6662138e+00
 -5.0424981e-01
 -1.1807293e+00
 -2.6571566e-01
 -5.4350322e-01
  5.4415262e-01
 -2.7691007e+00
 -2.1817901e+00
  2.0661602e+00
  5.5707568e-01
 -1.1974393e+00
 -9.0995675e-01
  9.0134881e-02
 -1.2522441e+00
  2.8663945e-01
  1.7878857e+00
 -4.8929970e-03
 -2.5046405e-01
  1.2710758e-01
  1.4488864e+00
  3.2981268e-01
  2.0512981e+00
  1.1100729e+00
 -2.0641629e-01
 -3.6218795e-01
  8.6705130e-01
  2.8148083e-02
  4.5079541e-01
  7.4122643e-01
  7.3604774e-01
  1.3760941e+00
 -7.7179921e-01
 -1.6089797e-01
 -4.6334136e-01
  5.2884692e-01
 -1.2110387e+00
  8.0889732e-02
  3.2162005e-01
  7.9183239e-01
  8.5575193e-01
  1.6473293e-01
  4.9512649e-01
  7.4997365e-01
  7.7413136e-01
  2.3066865e-03
  3.3796394e-01
  1.0891339e+00
  5.4227638e-01
 -4.7003078e-01
  3.4049083e-02
  3.4049083e-02
  3.4049083e-02
  3.4049083e-02
  3.4049083e-02
  2.7589235e-01
  2.7589235e-01
  2.7589235e-01
  2.7589235e-01
  2.7589235e-01
  1.2731843e-01
  1.2731843e-01
  1.2731843e-01
  1.2731843e-01
  1.2731843e-01
  2.3199864e-02
  2.3199864e-02
  2.3199864e-02
  2.3199864e-02
  2.3199864e-02
  1.3322240e-02
  1.3322240e-02
  1.3322240e-02
  1.3322240e-02
  1.3322240e-02
  1.5837592e-01
  1.5837592e-01
  1.5837592e-01
  1.5837592e-01
  1.5837592e-01
