nep4_zbl 2 Mg Bi 
zbl 1.25 2.5
cutoff 7 4 81 16
n_max 4 4
basis_size 8 8
l_max 4 2 0
ANN 50 0
 -7.4972442e-05
 -7.2426358e-03
 -7.3785901e-01
 -1.0986890e-03
 -1.3809900e-03
  4.1151451e-04
  1.5906645e-03
 -4.1017219e-01
 -9.2518814e-03
  8.7523572e-03
 -4.0277787e-03
  9.3074199e-03
  6.5310532e-03
 -2.9459710e-03
 -1.5538871e-02
  3.8091377e-03
  3.6712165e-03
 -1.7238552e-02
  7.8962240e-03
 -6.1859906e-02
  4.5424755e-04
 -5.5950256e-03
  2.4312848e-02
  4.9345042e-03
 -1.1856319e-02
 -2.8543149e-03
 -4.5619593e-03
 -8.6394133e-04
 -5.4179203e-05
 -7.8686466e-03
 -3.8574154e-03
  1.1588181e-03
  5.2085078e-01
  2.8729662e-03
  5.9791878e-03
  9.6560400e-03
  6.1487459e-04
  6.0584657e-03
 -8.2159549e-04
 -6.5460766e-04
  1.1455844e-02
 -1.9381366e-03
 -6.7018380e-04
  3.8430013e-03
 -6.0869392e-04
  3.4192549e-03
 -1.0809868e-03
  4.7292402e-03
 -4.4286503e-03
  1.0521933e-02
 -2.9599306e-03
 -9.2491257e-04
 -3.7265811e-03
 -2.3594774e-02
  4.3421141e-03
 -4.3736785e-03
  2.5415618e-03
 -3.0030119e-03
  8.1731966e-03
  4.9958806e-03
 -5.7946324e-01
  5.2389759e-01
  1.6552009e-02
  3.0025533e-01
  5.0378120e-01
  6.0834891e-01
 -1.5858769e-01
 -4.5647591e-02
  6.4870054e-01
 -7.2356537e-02
  8.0649728e-01
 -2.2872267e-02
 -1.3941205e+00
  2.0946300e-02
  4.7099505e-02
  3.6109532e-03
 -2.9921332e-01
 -3.5041669e-01
 -1.1265364e-01
  4.4554967e-01
 -6.8212278e-02
  3.1470365e-03
 -6.0106874e-01
 -3.1122291e-01
  7.1539143e-03
 -5.0216395e-01
  4.1423976e-02
 -6.8170374e-04
 -1.0224395e-01
  1.1727635e-03
 -1.2660000e-02
 -2.0010366e+00
  2.9644722e-01
  5.4322886e-01
 -2.5076330e+00
  2.0993678e-01
  2.4630488e-01
 -2.9628390e-02
  1.0077666e-01
 -2.1112072e-01
  9.4104993e-01
  4.3887913e-02
  1.4582682e-01
  1.0425916e-01
  1.7510082e-01
  1.0406155e-01
  1.2674046e-01
 -7.1673113e-01
  1.3166581e-03
  8.0805290e-01
  2.9586668e-03
  7.2138637e-02
  8.5854055e-03
 -1.5011416e-01
  5.6594241e-02
 -5.9354600e-02
  5.6455128e-02
 -2.9232940e-01
 -1.3411133e-01
  5.1835969e-02
  1.7066132e-01
  7.4702925e-03
 -2.0417571e+00
  1.4624586e+00
  5.6158123e-03
 -1.8286371e-01
 -1.1770377e-01
  4.4734729e-03
  6.0634220e-01
 -3.1888988e-03
 -9.6027914e-04
 -1.5775998e-03
 -7.4250239e-01
 -5.2351546e-01
 -1.1871234e-01
 -1.0514763e-02
  4.7006268e-02
 -4.9301460e-01
  3.7119246e-01
 -8.9937794e-01
  8.4467599e-04
 -1.0520848e-02
  3.3606273e-01
  3.2032931e-01
 -3.3336374e-01
  8.6783944e-04
 -5.7643903e-03
 -2.5146718e-03
  3.8041577e-03
 -2.9176630e-03
 -1.0713657e-03
 -1.4080985e-03
  9.7992283e-04
  7.8132312e-04
 -4.9817893e-03
 -1.0896305e-02
 -6.2516113e-03
 -2.4507667e-03
  6.1218154e-05
 -2.3655046e-03
  1.5361457e-03
 -5.6943134e-03
  2.8042281e-03
 -5.9225678e-04
 -2.4461031e-03
  2.0461620e-03
 -9.7718707e-04
  7.2976602e-03
  3.2316996e-03
  2.7720504e-03
  2.3671407e-03
  2.4065813e-03
  4.9553649e-04
 -8.5315813e-04
  3.5135427e-03
  3.7093407e-03
  3.6929715e-03
 -1.2023521e-03
  2.3753042e-03
 -1.1850610e-02
  6.4363726e-03
  3.1642083e-03
  8.7671140e-03
 -3.3725780e-03
  9.6564583e-04
  3.6017259e-03
  3.8888950e-03
  7.1679666e-03
  1.8279582e-03
  3.8830831e-04
  2.0748626e-03
  8.6803183e-02
 -1.6291457e-03
 -2.9757908e-03
 -3.4709643e-03
  8.6931681e-04
  3.1158351e-03
  3.5737474e-03
 -8.2576368e-03
  2.2137067e-03
  1.2810627e-03
  2.6527399e-03
 -1.5293339e-03
  7.6166727e-04
  5.2184756e-03
  2.4794817e-03
  2.6241892e-03
 -4.6197800e-03
 -5.0430959e-03
 -1.8619002e-03
 -2.8759027e-03
  3.7009722e-01
 -2.1493269e-04
  3.9470472e-04
  4.1944673e-03
  2.0020263e-05
 -5.6825235e-04
  1.7126241e-03
  2.3585807e-03
 -4.6543666e-04
  3.1381033e-04
 -1.1467070e-04
 -4.4534691e-03
 -2.4034535e-03
  1.3959872e-03
 -4.5906664e-03
  2.2111132e-03
  2.3343419e-03
  6.4176503e-03
 -1.1500156e-02
  1.8542142e-03
 -4.0899750e-04
 -6.7271513e-04
 -4.0988568e-03
  6.0753371e-03
  6.6334596e-03
 -4.1698730e-03
  4.1203143e-04
 -2.2067132e-03
  1.6673740e-03
 -2.4877342e-03
  1.4259025e-03
 -4.8915343e-04
  7.3652063e-04
  3.4664390e-03
  9.0689893e-04
  4.0508513e-03
 -2.0774491e-03
  7.8042136e-03
 -2.1672782e-03
 -8.7611564e-04
  8.4400905e-04
 -2.1406305e-03
 -1.9492578e-03
  4.9228938e-03
 -2.9884975e-03
 -4.7284050e-04
 -3.8597039e-03
 -3.6577880e-03
 -4.1679908e-03
 -2.1129367e-03
 -1.5215442e-03
 -1.0798568e-03
 -7.7015539e-03
 -2.9544234e-03
 -4.0595978e-03
 -2.5665490e-03
 -6.1823294e-04
  7.0200907e-03
 -1.0941705e-03
 -5.2505877e-04
  5.6241435e-04
 -5.8943278e-04
  7.8294589e-04
 -4.0379590e-03
  4.2478223e-03
 -4.6091960e-03
  2.7111419e-03
  7.8843059e-03
  8.6647982e-05
 -4.0142788e-03
 -5.9658989e-05
 -4.4946703e-03
  1.3719584e-03
  7.8728711e-03
  1.8419781e-03
 -5.2702944e-03
 -6.8349512e-03
 -1.1738452e-04
  2.4894807e-06
  1.3310661e-03
  8.1878607e-06
  3.8369014e-03
  1.6683134e-03
 -4.0603313e-03
 -6.9733351e-03
 -3.7902817e-03
  1.4186947e-03
 -4.4734441e-03
  4.7690875e-04
 -4.0079420e-04
 -2.9817251e-03
 -2.9325555e-03
 -4.5071580e-03
 -1.5185245e-03
 -4.9310402e-05
 -1.8612930e-03
 -4.0400191e-03
 -2.2598193e-03
  6.1336812e-03
 -1.5412141e-03
 -4.1116942e-03
  1.7276204e-04
 -2.2484041e-03
  2.8649077e-03
 -5.7472540e-03
 -2.9546707e-03
  2.6437679e-05
  5.1954747e-03
 -5.4496276e-04
  2.7408687e-05
 -5.7158908e-03
 -3.0622012e-03
 -6.1286963e-03
  2.4047175e-03
 -3.9617643e-03
  5.5488176e-03
  7.8796066e-04
 -9.6726336e-04
 -1.2177271e-03
 -4.5889625e-03
 -8.6844625e-04
 -5.1709716e-03
 -8.8036776e-04
 -5.9925456e-04
 -1.5355822e-03
  3.3229665e-04
  8.2875998e-04
  1.7261392e-03
 -5.2482774e-04
  2.9619450e-03
  4.4246111e-03
 -7.5614086e-04
  1.6703209e-02
 -2.0989364e-03
  1.4933338e-03
  9.7483437e-04
 -1.9231251e-04
  3.6716063e-03
 -5.0508776e-03
 -2.1270537e-03
 -3.8802857e-03
  2.4439883e-04
  9.3298464e-04
  7.0291478e-04
  2.8600555e-03
 -5.5224029e-03
 -2.1473297e-03
 -1.9146416e-03
  8.1282057e-04
  2.3410670e-03
 -5.7473569e-03
  1.8291433e-04
  5.0146780e-03
  5.6036486e-04
 -2.4841097e-03
 -9.0807898e-04
  4.0443540e-03
 -9.2419633e-04
 -5.7389219e-03
  5.9082225e-04
  1.0451306e-05
  7.6812872e-04
  2.6484884e-04
 -2.2529003e-03
 -3.3346354e-03
  1.6181922e-03
 -9.6532161e-04
  7.8625919e-04
  3.0132798e-03
  2.9386026e-03
 -1.5593383e-03
 -1.0743226e-03
  1.7756247e-03
  2.2306976e-04
  1.5871760e-03
  5.2921876e-04
  1.0050857e-03
  2.1141856e-03
  9.1057299e-03
 -7.4501098e-05
 -1.3125372e-01
  3.2274204e-01
  2.1264444e-03
 -1.1305270e-03
  7.6194195e-04
 -4.8870145e-04
  1.9487086e-03
 -4.0193502e-04
  1.1573536e-03
 -1.7101770e-03
  3.1989467e-04
 -3.7377721e-04
 -7.2867334e-02
 -2.1286224e-04
 -1.4622840e-03
  8.5237790e-03
  1.9376731e-03
  4.0257834e-02
 -2.5882577e-03
 -9.0870950e-03
  8.9434371e-04
  2.6348813e-03
  2.7029186e-02
 -3.1570501e-03
 -7.0582051e-04
  2.5869731e-03
  3.5392898e-03
  7.4864407e-03
  1.5607261e-03
 -1.8876792e-03
  1.8585793e-03
  3.6779372e-03
  7.5679424e-04
 -1.4203854e-03
 -1.2786937e-03
  2.2705710e-03
 -1.4831200e-04
  6.6495431e-04
 -7.1508891e-04
  5.6893355e-03
 -9.8901312e-04
  8.2279625e-04
  1.4593599e-04
 -3.1301437e-04
  1.5637653e-03
 -5.2615353e-03
  4.0446609e-04
 -4.0770881e-03
  5.3784886e-04
 -1.1771640e-03
 -1.4966530e-03
  4.0938188e-03
 -3.9973361e-03
  1.0753262e-03
  9.4531581e-04
  5.5944378e-04
 -1.7359859e-04
 -1.8002727e-04
 -2.3859704e-04
  5.1924837e-04
 -1.2256189e-03
  2.8116000e-04
  4.3512830e-03
  7.4567081e-04
 -3.0518437e-03
  2.6385793e-03
  2.0154142e-03
 -3.2240681e-03
 -2.0831351e-03
  8.8641005e-05
  5.2359966e-03
  6.4821576e-04
  2.9637881e-03
  2.5754303e-03
 -6.5492163e-04
 -6.0949952e-04
  2.3337698e-03
  5.5018958e-04
  6.4244112e-03
 -6.2108804e-03
  6.4291997e-04
 -2.0108468e-04
 -1.0925364e-03
 -7.1703596e-03
  1.2306276e-03
  3.5620423e-03
  1.1450924e-04
 -6.1005948e-04
  8.2559476e-04
  1.2768207e+00
 -1.4385047e+00
  3.7835666e-03
 -4.5926452e-01
 -2.2990541e+00
  2.0011698e-01
 -1.3460772e-01
  2.7881344e-03
  5.2026108e-02
  1.0500800e-01
  1.9848931e-01
  4.5954973e-01
 -5.3795463e-01
 -1.0696106e-01
 -2.6833597e-03
  1.7150255e-01
  3.3602297e-01
  1.0393560e+00
  3.6274812e-01
  1.7619620e-01
  2.2929007e-01
  3.0090299e-02
  4.9384308e-01
  2.4991056e-02
  1.1542643e-03
  3.5445002e-01
 -1.2853353e-03
 -9.9472806e-04
  8.4441260e-02
 -7.2589546e-04
 -4.6710062e-01
 -4.1542616e-02
 -3.0941460e-01
  2.1137498e-01
 -6.9398278e-01
 -5.7171154e-01
 -1.4435581e-03
 -1.1192416e-02
 -3.1852812e-01
  3.0358189e-03
 -7.5670022e-01
 -5.4070968e-02
 -8.7169123e-01
 -1.0341677e-01
  3.7745656e-03
 -7.7103466e-02
  2.8687743e-03
 -2.2022521e-04
 -2.3940407e-01
  3.5801681e-04
 -2.1007079e-01
  1.6190702e-03
 -5.8958419e-03
 -2.0614432e-01
  7.5895106e-04
 -2.4501080e-02
  6.3213205e-04
 -7.6530963e-02
 -1.0149947e-03
 -3.2794711e-04
  3.2787439e-03
  4.4102877e-04
 -1.3009923e-03
  3.3100746e-03
  1.3331557e-03
  5.2690622e-03
  2.0299235e-03
 -9.2547969e-04
  2.0197437e-03
 -8.2438989e-03
 -4.1488593e-04
  3.4444995e-05
  6.6686654e-03
  8.3496759e-04
 -1.1710337e-03
 -2.4445432e-03
  6.0082140e-04
  8.3256647e-04
  7.6219435e-03
  3.5036460e-04
 -3.0144413e-03
  2.6114935e-03
  4.7530618e-04
  1.0382949e-04
 -1.3214386e-03
 -1.5824534e-03
  4.5059621e-03
  2.6396944e-03
 -4.9607679e-03
 -9.3831302e-05
  2.6338369e-01
 -5.8275992e-01
  7.9993665e-01
 -2.9934390e-04
  9.8265052e-02
 -1.5139347e-01
 -6.6292211e-02
 -6.9308591e-01
 -1.0531636e-01
 -2.0702760e+00
 -8.4826106e-01
  4.5870239e-01
 -1.3095616e-01
 -5.1099712e-01
  5.8888040e-02
 -3.1975511e-01
  4.8964154e-02
  3.1562597e-01
 -3.5244086e-01
  9.4565630e-02
 -2.5048223e-01
  1.3223732e-01
 -5.1758468e-01
 -6.3761961e-01
  5.7092208e-02
 -3.0165568e-01
  4.7921515e-03
 -3.4849721e-01
 -5.1227974e-04
  8.2069011e-03
  3.3631450e-03
 -1.5913772e-03
 -4.8618000e-03
 -5.9676523e-07
 -6.7647867e-04
 -1.5428091e-02
 -7.8852585e-04
 -1.3335722e-03
 -4.7256052e-03
 -1.3119467e-03
 -2.7606594e-03
 -3.1065868e-04
 -3.3992368e-03
 -6.3682924e-04
 -3.6787300e-03
  8.4943796e-04
 -2.6086208e-03
  5.3679763e-04
 -3.7540268e-04
  5.0202971e-03
  1.0752130e-03
  3.6480572e-04
  1.8527700e-03
  1.6537278e-03
 -5.1274314e-04
 -1.0287145e-04
  1.6134518e-03
  3.6508597e-03
 -8.7687687e-04
 -1.5256705e-03
 -3.4937816e-04
  5.2321877e-05
  3.9314884e-03
  4.2393361e-03
 -1.8894719e-03
 -1.0087863e-04
  2.5086643e-04
 -8.9921139e-04
 -1.3984387e-03
 -8.7165339e-05
  2.8952054e-04
 -2.5455869e-04
  4.0238248e-03
  3.0539639e-04
  7.7483696e-03
  6.0459448e-04
 -1.2675643e-03
 -6.2711386e-04
  2.1072817e-03
 -8.2017767e-04
  6.1199185e-03
 -1.7240252e-04
  4.9817201e-04
  7.9898341e-03
  7.1909302e-04
 -2.6534714e-03
  2.0119401e-03
  4.7889301e-03
  4.9964297e-03
 -1.8683441e-03
 -9.0715326e-03
  1.5078025e-03
  4.6632215e-04
  3.2626975e-03
 -3.4166276e-03
  2.0327209e-03
  2.3591316e-03
  2.2099153e-03
  3.0360699e-03
 -3.5958258e-03
  2.1730082e-03
 -3.3001665e-03
  3.1976956e-03
  2.4158689e-03
 -9.7860780e-04
 -3.0878449e-03
  9.5122412e-04
  1.4552147e-03
 -2.2201682e-03
  2.8756142e-03
  2.1696459e-04
  2.0006802e-03
 -2.6306764e-03
  1.0800311e-04
 -4.4252619e-04
  2.5592272e-03
 -3.2874269e-03
 -6.1806170e-03
 -4.0969700e-03
  3.9321994e-03
  2.2482820e-02
  1.1384562e+00
  2.6206102e+00
  1.4343816e+00
  1.8405129e-01
  3.6039431e-02
  4.1270267e-02
  2.7734983e-01
  6.7821316e-02
  6.1703843e-01
  3.1412730e-03
  4.8825824e-01
 -4.7911584e-02
  4.9370152e-01
 -1.0933747e-01
  2.1438164e-01
  7.6069292e-03
 -5.4176903e-01
 -8.8227866e-03
 -2.4949130e-01
  4.7492512e-04
  2.6476112e-01
  3.7146952e-02
 -3.9035434e-01
  4.5706806e-01
  2.5649155e-03
  4.8920219e-03
  6.0213858e-01
 -2.1066403e-03
 -2.0286244e-01
 -5.8331396e-03
  8.9475873e-04
  2.2838563e-03
  3.4052604e-03
 -1.0894814e-03
 -8.7215731e-06
  5.0858133e-03
 -3.8631554e-03
  5.9890458e-03
 -5.3406013e-03
 -3.3065777e-03
  1.5918963e-03
 -4.0198602e-03
  5.3643375e-03
  8.6288834e-03
  1.4584389e-03
  5.9321988e-04
  1.3809233e-03
 -7.9388061e-04
  4.9464256e-02
 -4.7407084e-05
  7.8138608e-01
 -1.6932926e-03
 -4.9420692e-02
  2.2180311e-03
 -8.6300157e-04
  8.3038472e-03
 -1.4133995e-03
 -6.9965217e-03
  1.9362162e-06
  2.4031741e-03
 -8.6965874e-02
  1.6369249e+00
  6.1276637e-04
 -4.4307001e-02
 -9.8353587e-03
  7.5269444e-04
 -1.3678943e-04
  1.3278069e-03
 -4.0194517e-04
  4.2250864e-03
  1.8797550e-01
  2.2410260e-01
 -1.7198118e-03
  2.9305760e-03
 -1.2667262e-03
  5.9985148e-04
  1.8672294e-03
  4.4050817e-03
 -2.8404442e-03
 -1.4812490e-03
 -2.8786302e-04
  3.9627743e-03
  1.1902917e-02
  5.8122487e-03
  4.5480588e-04
  2.9903145e-03
 -8.6040789e-04
 -2.7937752e-03
 -4.8544039e-03
  5.9995914e-01
 -3.7802318e-01
 -7.2464518e-02
  2.0581633e-02
 -3.6744811e-03
 -3.9856959e-02
 -2.7676653e-02
  6.5777376e-02
 -1.5496099e-01
  1.2193262e-02
 -7.3659321e-04
  1.5302595e-01
 -7.5792301e-01
 -2.5580176e-03
  4.1866899e-04
  1.1940775e-03
 -2.2496507e-02
 -6.8931229e-02
  2.0228750e-01
 -5.2254254e-01
  5.0784124e-04
 -1.9322986e-02
  3.1717709e-01
  2.0428279e-01
  4.6203460e-04
  1.5679864e-02
 -8.4773041e-03
 -3.6962685e-04
  2.1576868e-02
 -4.3332828e-03
 -9.2784822e-02
 -4.4706669e-03
  2.8529626e-01
  2.3612550e-01
 -2.7175480e-04
  1.5866797e-02
  1.2294634e-01
 -3.1373100e-04
  1.6687782e-03
 -1.5403256e-03
  3.0095610e-03
  4.9467999e-02
 -2.9820007e-01
  3.8543560e-02
  8.6447671e-03
  2.1983375e-04
  5.7409686e-04
  5.3112268e-02
 -2.6350759e-02
  2.0266339e-01
  7.5532378e-05
  9.9837994e-03
 -5.7805240e-02
 -2.1492410e-01
  3.3781584e-03
 -7.7178818e-03
  3.6287971e-03
 -4.8071048e-03
 -7.7955681e-03
  3.5702731e-03
  7.0518459e-04
 -3.9092160e-04
  6.5871375e-04
 -5.9897680e-04
  7.1444207e-05
 -1.4448444e-03
  7.9487860e-03
 -5.6727772e-04
  1.4740641e-03
 -1.6440452e-05
  9.8819216e-04
 -9.4317095e-03
 -6.1011757e-03
  1.6890757e-04
 -3.7337295e-03
  5.2256102e-04
  1.9392608e-03
 -1.3827313e-03
  4.5161336e-03
 -1.1046272e-02
 -5.8057038e-05
  5.6318501e-03
  5.0572422e-03
  3.8633314e-03
  2.0169953e-03
 -3.3721279e-03
  5.3231288e-03
 -5.8014295e-04
  1.0898835e-03
 -3.0189892e-03
  3.1858936e-03
  7.0649553e-03
 -2.0660668e-04
 -2.2681423e-05
 -1.4846683e-03
  3.1974977e-03
 -1.0127994e-02
  2.5488454e-04
  4.7836071e-03
 -7.0297456e-04
 -6.3773007e-03
  6.3495059e-04
  2.8070644e-05
 -3.7733132e-03
 -5.0757979e-03
  2.9755230e-03
  8.1423676e-04
  1.5188624e-03
  3.2312112e-04
  3.1531877e-03
 -6.4881973e-04
 -1.9174846e-03
 -3.2234422e-03
 -1.2423103e-03
  5.2143834e-03
 -1.3986173e-03
 -8.1150368e-04
  2.3599355e-03
  1.4145321e-03
 -1.0663256e-02
 -5.6961109e-03
  2.1317209e-01
  1.3776677e+00
  1.4996139e+00
  2.3622066e-01
  7.5907886e-01
  2.3366434e-03
 -7.9567540e-01
 -7.4757892e-01
 -5.4658841e-02
  5.5776253e-02
 -6.3247964e-02
 -8.0457145e-01
 -8.0588019e-01
 -1.1013467e-01
  7.0403022e-04
 -2.7678013e-03
  5.5486888e-02
 -4.3650380e-01
  2.1933335e-01
  3.2673983e-04
  9.1326861e-03
 -2.8392541e-01
 -5.2423048e-01
  3.1481296e-01
  1.8627015e-03
  3.2472593e-01
 -6.5065594e-04
 -5.7561044e-03
 -4.9793422e-03
  2.0217779e-03
 -1.9859055e-03
  1.6887610e-04
 -1.2775270e-03
 -2.5936528e-03
 -6.4932357e-04
 -7.0846768e-04
 -2.1666610e-03
 -2.0431038e-03
  7.2972925e-04
 -1.7555860e-03
 -2.8551756e-03
  1.8911810e-03
  2.0483584e-04
 -3.7323972e-03
 -2.1478992e-03
 -1.4048925e-03
  1.1184523e-04
  3.1038511e-03
  1.0634145e-02
  7.9187192e-04
 -8.9126748e-05
  9.2608724e-03
 -1.7615706e-03
 -4.9946439e-03
 -3.2501866e-04
  4.6930211e-03
  6.6318747e-04
 -6.7781601e-03
 -9.8848355e-04
 -3.0389469e-04
  5.0942390e-03
  4.2457664e-03
  9.0688444e-04
  2.4990460e-03
  1.2956754e-02
 -3.8958883e-03
  9.0188552e-03
  1.3050460e-03
  1.2712913e-04
  7.8869256e-04
  4.4501675e-03
 -1.4799080e-03
  1.0431601e-04
  7.0237502e-04
  1.5780053e-03
 -7.6456688e-04
  7.1753995e-03
 -1.9500416e-04
  3.7209035e-03
  1.7822473e-03
 -8.1880001e-04
  3.8333789e-03
  2.2792101e-03
  1.6074560e-03
 -1.6120316e-03
 -3.2620132e-03
  2.0040916e-03
 -4.4166384e-04
  1.5741549e-04
  7.0687756e-04
  8.0797188e-03
 -8.3719281e-04
 -6.8498298e-04
  1.8899464e-03
  1.0411449e-03
  4.2304015e-03
  1.5415583e-03
  3.5904135e-04
  4.8141801e-04
 -1.8028590e-03
 -2.7810859e-03
  3.0355416e-03
 -1.1637242e-02
  3.2781065e-03
 -9.7228267e-04
  6.6072389e-04
  4.5534133e-04
  7.2749972e-04
  1.4131716e-03
 -1.3796453e-03
 -1.4153813e-03
  3.2927862e-03
 -1.5583144e-04
  8.3044218e-03
 -6.3382200e-04
  3.0227762e-04
 -2.4408367e-03
 -4.8290398e-03
 -5.9470269e-03
 -2.8472331e-03
  1.0431957e-03
  1.3869541e-04
  6.6236197e-03
 -4.5389647e-04
  5.5614822e-03
  4.8604206e-04
 -1.9624960e-03
 -2.4095832e-03
  1.5866664e-03
 -7.7520893e-04
  7.9572998e-04
  8.5849978e-04
 -2.5977759e-04
 -2.4092349e-03
  2.4790664e-03
 -2.9173004e-03
 -2.0411878e-03
  9.1421017e-03
  4.2037171e-04
  1.5087284e-03
 -2.4568294e-03
 -3.4465452e-03
 -3.6497295e-03
 -2.6812279e-03
 -4.8050322e-03
  2.3747284e-03
  1.1293729e-03
  2.0556983e-03
 -5.5609527e-04
  3.6300078e-01
  3.1981184e-03
  4.2049514e-04
  3.5190186e-01
  2.6073103e-04
  3.6399200e-04
  5.3397035e-03
  2.8298874e-03
  4.0015411e-03
  1.1171983e-03
 -2.4686060e-03
  1.8361626e-03
 -2.7080630e-03
 -7.7646662e-04
  1.0470119e-03
 -5.2141477e-03
  1.4361649e-04
  1.7300327e-04
  1.1434340e-04
 -3.4613265e-03
 -3.7503117e-03
  4.5790891e-03
 -2.2669036e-03
 -1.2046678e-03
 -2.6737584e-03
 -2.7718119e-04
 -8.5887546e-04
  5.3525163e-04
 -2.8017084e-03
 -1.9987361e-03
  7.8996830e-04
 -1.5211841e-01
  1.2975973e-01
 -7.9013603e-03
 -4.0944195e-03
 -2.5603122e-01
 -4.5636781e-03
  1.0104965e-02
  4.5318678e-01
  2.3039621e-03
 -1.9903708e-01
  3.7376806e-02
 -1.2692448e-01
  8.9303315e-01
 -3.8625115e-01
 -1.8823369e-03
  9.0202652e-02
  2.8269850e-03
  4.7058579e-01
 -1.9346306e-01
  8.3697597e-03
  8.4385282e-04
  2.5087160e-01
  5.5492502e-01
 -3.8507838e-02
  2.3946383e-03
 -2.0110632e-01
 -5.0544245e-03
  4.8663463e-03
 -1.5185471e-03
  1.5965293e-03
  6.1299256e-03
  1.2142814e-03
 -6.1252655e-04
 -1.0202181e-04
 -1.0570445e-03
 -1.1867727e-03
 -1.7099889e-03
 -2.3381663e-03
 -2.8250457e-03
  3.8358981e-03
 -9.7707401e-05
 -6.9312574e-03
  3.3526483e-03
  1.8711276e-03
 -2.5226306e-03
  1.2267074e-03
 -1.3578734e-03
 -1.4999101e-03
  5.4932706e-04
 -2.2291178e-03
 -4.2874292e-03
 -3.5245677e-03
 -5.8164415e-03
 -1.8495517e-03
  1.6359376e-03
  4.7479174e-03
 -4.2106463e-03
 -1.2059498e-02
 -1.0421336e-02
  1.2581397e-03
  1.7958604e-03
 -1.2836119e-03
  1.9290689e-03
 -5.1445042e-04
  3.6693967e-03
  3.7806716e-03
 -3.6134007e-03
  8.0368081e-03
 -1.1315257e-03
  2.7910536e-04
 -9.7349141e-04
  3.1437277e-04
 -1.2698536e-03
 -4.1202125e-03
  3.1527257e-04
  3.4582037e-03
 -2.7755802e-03
 -1.1453836e-03
 -2.8184894e-04
 -7.9111796e-04
  3.5657450e-03
  1.0533863e-03
  1.4926296e-03
  5.3723133e-03
 -4.0154057e-03
  1.3906813e-03
  7.4002641e-04
 -4.1240558e-04
  1.3184896e-03
 -2.0388984e-03
  5.9034610e-01
 -2.7645079e-03
  6.1434829e-03
  8.0342739e-05
  1.2637991e-03
 -7.6253088e-03
  9.6160322e-03
 -5.9723030e-03
  1.6300872e-03
 -7.3365746e-03
 -2.6237625e-03
  6.5423048e-04
 -5.1414641e-03
 -6.4328150e-03
  2.8052449e-03
  6.9758366e-03
  2.2645721e-03
  1.0490202e-03
 -2.6686001e-03
 -3.1514259e-03
  1.2787770e-03
  4.4418275e-04
 -1.9899507e-03
 -1.1209893e-03
  1.6726585e-03
 -1.0022384e-03
 -1.3806240e-03
  3.3472746e-04
 -5.0506229e-04
 -4.4589438e-03
 -8.3728768e-03
 -7.3765160e-04
 -2.6886512e-03
 -8.3111413e-04
 -5.8307173e-04
 -1.2886524e-03
 -1.7884305e-03
  9.9672349e-03
  1.4761557e-03
 -1.0403483e-02
  7.6167838e-05
 -1.9329784e-03
 -2.1480718e-03
  6.1371917e-04
  1.9882354e-03
  1.3630871e-04
 -1.4362456e-03
  1.4082530e-03
 -1.0046522e-03
 -2.4207977e-03
 -3.3831156e-03
 -1.0349703e-03
  1.9823334e-03
  1.7415354e-03
 -6.8477942e-03
 -7.0716371e-04
  9.4980979e-04
  1.0426565e-02
 -5.7707607e-06
  1.8843540e-03
  5.6905096e-04
  2.6291208e-03
 -7.4626046e-04
  5.4666884e-03
 -5.8853423e-04
 -1.7365024e-03
 -7.7770213e-03
 -4.3370510e-03
  1.3057386e-03
 -5.7386546e-03
 -9.9468147e-05
 -5.3222053e-04
 -5.8945140e-04
 -2.6698650e-03
 -8.2187252e-03
 -1.5591090e-03
 -2.5048980e-03
  3.2373934e-04
 -2.0219707e-03
  3.6915066e-03
  1.2376918e-03
 -9.4063807e-04
  4.5429668e-03
  2.7708844e-03
  2.9019017e-03
  4.4325315e-03
 -6.6046724e-03
  5.6683552e-04
  3.9142943e-03
  4.6274890e-03
  1.0407478e-04
 -1.3181553e-04
 -1.3786239e-04
 -3.4044308e-04
 -3.5154170e-04
  2.4399522e-04
 -3.2794692e-03
 -8.8155421e-04
 -1.0483178e-03
  7.6076486e-03
 -1.3635103e-03
 -3.0105340e-03
  6.8852277e-03
  4.7815139e-03
  1.4985556e-03
 -3.6241405e-03
  1.3150997e-03
 -1.8443614e-03
  4.0046247e-03
  1.7926964e-03
  5.1306561e-04
 -3.2129146e-03
  7.3182129e-04
 -3.0865290e-03
 -3.6292106e-03
  4.8204581e-03
 -7.0736962e-03
 -3.0187990e-03
 -2.4668307e-03
 -1.2731748e-03
 -3.2497703e-03
 -2.3043904e-05
  4.4151361e-04
 -1.0037068e-03
 -6.8918924e-04
 -1.6968099e-04
  3.5259782e-04
 -9.4144549e-03
 -1.9257721e-03
 -1.7054762e-04
  1.1204943e-03
  6.8060998e-03
  3.5212846e-03
  3.5931671e-03
  2.5808907e-03
  5.0833955e-04
 -3.1671182e-03
 -7.1448629e-04
 -1.0342970e-03
  4.1657264e-04
 -1.2297161e-02
  7.6295668e-04
  1.8458684e-03
 -1.6920903e-03
  1.4799243e-02
 -1.3499308e-02
  3.4070390e-03
  1.5099040e-02
 -2.2033383e-03
 -8.8155561e-04
  3.7229869e-03
  3.5236824e-01
 -3.2695103e-03
  2.3016082e-03
  4.4990769e-03
  1.6960691e-03
 -2.4044609e-03
 -7.7692615e-03
 -1.5199841e-04
 -2.7281430e-03
  2.1003920e-03
 -3.0777842e-02
  4.2892229e-03
 -4.7367677e-04
  8.8772801e-04
 -8.2612839e-03
  5.7812184e-02
 -1.0934511e-02
  1.5654087e-01
  2.5818008e-03
  1.3703579e-02
 -6.8062171e-04
 -3.1332464e-03
 -2.9405393e-05
 -4.5700930e-02
  4.9544981e-04
 -4.1727759e-03
  3.4273968e-03
 -2.6942913e-03
 -1.7343338e-04
  2.5279264e-03
 -1.8095912e-03
  8.5621960e-03
  1.7186719e-03
  1.6744228e-03
  6.9160699e-03
 -6.0541020e-03
 -2.7782028e-04
  8.7879138e-04
  4.2177475e-04
 -2.0273821e-03
 -1.8154660e-03
 -2.2737721e-03
  1.8137525e-04
 -1.0056417e-04
 -1.8052796e-03
 -7.5764819e-03
 -2.7465557e-03
  3.0752495e-03
 -1.7214438e-03
 -2.4678274e-03
  6.0095866e-03
 -2.1514683e-03
 -1.0014280e-02
 -1.1562622e-04
 -1.2925112e-03
  8.4425195e-04
 -7.7332871e-04
 -7.8357552e-04
 -2.2526321e-03
 -1.1408540e-02
 -4.4310610e-03
  7.6323389e-03
 -9.8219130e-04
 -2.6471391e-03
  2.0449036e-03
 -7.2755152e-04
 -2.0196158e-02
  4.4679157e-03
 -2.6314133e-03
  2.3206081e-03
 -2.7738970e-03
 -6.6162921e-03
  6.3918502e-04
  1.3909801e-03
 -6.4445729e-04
 -6.0752835e-03
 -6.0818420e-04
 -6.0899224e-02
 -3.8034577e-04
 -1.9363191e-03
  3.4771196e-03
  1.6498012e-02
  1.8121854e-03
  3.6745705e-03
  1.2424351e-03
 -2.1674554e-03
  4.6644657e-04
  1.9546316e-04
  5.1784358e-04
  5.8662817e-03
 -8.7239651e-04
  9.3259644e-03
  2.3521280e-03
 -8.3458355e-05
 -1.0514697e-03
  5.5348822e-03
 -6.6784985e-04
 -1.4187410e-03
  2.3206752e-03
 -2.2826309e-03
  3.3961574e-03
 -1.8355765e-04
 -1.3881272e-03
 -3.8449236e-03
 -1.5932519e-03
  5.4424549e-03
 -9.3388380e-03
 -1.1181735e-03
  2.2620130e-03
 -1.3700196e-03
 -5.1703758e-04
 -1.3550821e-03
 -2.0776601e-03
  3.9831456e-03
 -5.4431865e-05
 -2.4151795e-04
  2.5081602e-03
 -1.0575773e-03
 -8.3576232e-02
 -2.6787676e-02
 -2.3452067e-01
  3.7903380e-01
 -4.9933296e-04
  3.6439099e-03
  1.7644468e-03
  4.5967437e-03
  1.1060250e-05
 -6.6804973e-04
 -7.1952431e-03
 -1.0212676e-03
 -1.0158749e-02
 -2.9473295e-03
 -1.6210583e-03
  1.1701834e-03
  1.2574585e-01
 -1.0117956e-03
  2.9130226e-03
 -1.6466074e-01
  9.9750643e-04
 -1.4040890e-03
  3.7199128e-02
  9.6059870e-03
 -5.5573494e-03
  9.6836044e-03
 -2.0351005e-03
 -1.7130503e-04
  1.0369383e-03
  9.0613544e-01
  2.5964377e-03
  1.9991196e-05
 -1.0080003e-03
  2.7114069e-04
  1.4482276e-03
 -5.2332543e-03
  1.6670290e-03
 -8.3560897e-03
 -5.1952903e-03
  1.6228920e-04
  1.5769695e-03
 -2.1224129e-03
  2.8978505e-03
 -2.3603761e-04
  9.2761364e-04
  7.5242617e-03
 -2.9442031e-03
 -1.6870830e-02
  7.8103957e-03
  1.2113464e-03
 -3.0508975e-03
 -1.3054989e-03
  2.8435702e-03
 -5.4017575e-03
 -8.7416597e-04
 -3.1214702e-04
  5.6476044e-03
  6.1586598e-04
  3.5024437e-03
 -1.8300498e-03
  6.0995267e-04
 -2.4948403e-04
 -1.6090432e-01
 -1.5171750e+00
 -9.1573866e-03
  1.0754285e-02
 -5.0362653e-01
 -1.7328181e-03
  3.0512828e-03
 -1.7761366e-03
 -4.9608606e-03
 -6.7923088e-03
  4.9724069e-04
  8.8681197e-01
  2.8532045e-03
 -4.4309618e-03
  3.3493802e-02
 -1.3263479e+00
 -4.0393000e-04
 -4.4360912e-01
 -1.5714742e-03
  1.1186666e-03
 -9.2405891e-05
  1.6380951e+00
  3.4229297e-04
  1.2814810e+00
 -4.6691552e-01
 -1.1546358e-02
  1.1602005e-03
 -6.8930292e-04
  8.5604745e-01
 -9.3708874e-04
  3.7640508e-03
  7.3453477e-03
 -2.3635137e-03
  3.0628785e-03
 -6.6162634e-01
  7.3036663e-03
 -2.3354739e-03
 -1.4949191e-03
  3.3314647e-03
  9.0129831e-04
 -4.6240063e-03
 -1.3079083e-03
  4.3907363e-04
 -2.9261971e-03
 -2.2260130e-04
 -9.3998702e-04
  4.2469653e-01
  4.1363765e-03
  4.6260357e-01
 -2.8352183e-01
 -1.1548798e+00
 -1.2852225e+00
  1.0033673e+00
  4.5638378e-03
 -1.0477407e-01
 -7.6610115e-03
  2.3664108e-04
  7.5703007e-05
 -1.5532724e-03
 -2.1195635e-03
  3.0108253e-03
 -8.5282477e-04
 -2.4074411e-03
  1.5143867e-04
  1.3071798e+00
 -9.0661639e-01
  3.0027595e-04
 -1.0998433e+00
  1.7185153e-03
  3.1048614e-03
 -6.8320267e-02
 -1.9925275e+00
 -2.8033248e-01
  6.4536446e-01
  9.3301177e-01
 -5.2416623e-01
  1.6408678e-03
 -1.3165720e-03
 -9.2185903e-01
 -7.3335851e-03
 -9.4339944e-04
  7.7058328e-05
 -1.8468486e-03
  2.0992816e-03
  1.2565544e+00
 -4.3110223e-04
  1.8227319e-03
  1.3953681e-03
  1.8102302e-04
  1.9984553e-03
  1.9456767e-03
 -6.1161368e-04
 -3.4994659e-01
 -4.5431562e-04
  2.8734386e-01
  2.2263841e-03
  4.0926412e-01
  1.7783990e-02
 -4.8624870e-01
  9.1180789e-01
 -1.8765599e+00
 -1.1065048e-01
  1.9902651e-01
  5.4833549e-04
 -2.2824290e-01
  3.0465463e-01
 -8.9059651e-01
 -3.6354989e-02
  5.8538202e-02
 -1.4575469e-02
 -5.7370991e-01
 -4.3942176e-02
  1.3328785e-01
  7.4120485e-03
 -6.9082867e-05
  2.7995306e-01
 -1.2215531e+00
  3.7180616e-05
 -3.4242577e-03
  1.3946282e-03
 -3.6870936e-01
 -2.3745506e-01
  4.0865146e-02
  1.0905106e-05
 -3.1669433e-03
  1.8984132e-02
  1.3114697e-01
 -2.3771594e-01
 -1.0203454e+00
  1.2800099e-01
 -6.5260965e-01
  2.3576586e-01
  1.7420520e+00
  1.9638774e-03
  8.8949792e-02
  6.6168774e-03
 -1.2469740e-02
 -1.5171363e-02
  5.5802297e-03
 -1.5474744e-03
 -3.5111204e-01
 -2.2281648e-01
 -5.3837313e-04
 -4.4708746e-03
 -3.3292955e-01
  1.4682914e-01
 -1.7979239e-01
  3.6132228e-01
 -2.0750128e-03
 -7.3146471e-04
 -2.7623448e-01
 -3.4682670e-01
 -1.5084694e-02
 -3.1316211e-03
  4.6367440e-04
 -3.3088523e-05
 -1.2938180e-03
  1.0998275e-04
  5.5379879e-01
 -3.2138990e-03
  2.1569431e-04
 -1.2499733e-03
 -4.5678164e-03
  3.0759138e-03
 -1.9883391e-02
 -1.7138631e-03
 -2.7615079e-04
 -1.3681049e-04
  5.5562747e-03
 -1.1022099e-05
  4.0492397e-03
  2.4230811e-03
  3.5614178e-03
  2.7933738e-03
  1.4055390e-03
 -1.8544544e-03
  1.5786326e-03
 -1.2158542e-03
  2.0615021e-03
  1.4903358e-03
 -2.0588916e-04
 -2.2815404e-04
  9.9624864e-05
 -3.5572072e-04
  5.0493743e-04
 -2.1497000e-03
 -5.8248043e-03
  3.1142468e-03
  7.6226168e-04
 -4.0326188e-03
 -4.1203035e-04
  2.1608664e-01
 -2.1963883e-03
 -2.9852425e-03
 -5.2423398e-03
 -6.2068366e-03
  3.2713774e-04
  3.3283634e-03
  7.7540963e-03
 -5.0191948e-04
 -1.7564654e-03
 -3.6874150e-03
 -3.1296606e-04
 -2.5984966e-03
 -4.3998002e-03
 -2.5797707e-03
  5.7624266e-03
 -5.4356944e-05
  1.1678444e-03
  1.9162704e-04
  6.1785481e-03
 -5.1391119e-04
 -3.4477790e-03
  1.9892815e-03
 -1.8524907e-03
  1.1994746e-03
 -3.6279201e-03
  2.5599962e-03
 -8.0465293e-03
 -2.0436670e-03
  2.5770217e-03
 -4.1753291e-03
 -1.5442601e-03
  8.2407285e-05
  2.3196793e-04
 -4.6049412e-03
  3.3594150e-04
  1.1873171e-03
  3.0748553e-03
 -8.8685012e-04
  3.9319466e-03
  3.0785589e-03
 -1.2230438e-03
 -1.0651815e-03
 -2.0937149e-03
  1.1543688e-05
 -4.0114704e-03
  2.1768030e-04
 -2.6470795e-04
  1.2249483e-03
  6.9210627e-03
 -3.7606721e-04
  4.8681302e-03
  9.9179312e-04
 -2.6216029e-04
 -1.8342501e-03
  8.1432564e-04
 -4.4349278e-03
  1.4617171e-03
 -1.6064488e-04
 -1.0363204e-04
 -4.2207716e-03
 -6.1563577e-04
 -9.4031839e-04
 -6.5759197e-04
 -8.1553851e-04
 -1.2729795e-03
  5.5775559e-03
  2.0148803e-03
 -7.6885585e-04
  5.5994843e-03
  8.4484622e-05
 -5.1110568e-03
  5.2229459e-03
 -3.6738166e-03
  5.3384021e-04
 -3.1418765e-03
 -3.2112084e-04
 -3.7243324e-03
  3.0267846e-03
 -7.0130575e-04
  1.1572310e-03
 -5.2498891e-03
 -6.0404441e-04
  5.7440170e-04
  3.7083196e-04
 -3.5607131e-04
  2.0692945e-03
  9.7421156e-03
  3.7889488e-03
 -1.6367182e-03
 -2.4891710e-03
 -5.9711998e-03
  1.5914723e-03
 -7.8899518e-04
  2.8013783e-03
 -1.0695475e-01
  1.7499009e-02
 -3.5176582e-03
 -5.4692994e-03
  3.0142562e-03
 -2.5350391e-04
 -5.6592776e-03
 -1.4213842e-03
 -9.4040285e-04
  1.2185687e-04
 -7.2138198e-04
  1.1217174e-03
 -9.6149677e-03
 -7.3405304e-03
  1.3255024e-03
  2.6187458e-04
 -3.9895093e-03
 -6.5747445e-04
  3.8243551e-03
  3.9720028e-03
  3.5438538e-03
  1.4463990e-03
  3.2376286e-04
 -6.1240131e-03
 -4.8648275e-04
  3.4776034e-03
  2.2732865e-03
  5.3139572e-04
  4.4587487e-03
 -3.8989985e-03
 -6.2034330e-03
  7.8380859e-04
  1.3264131e-03
  7.5061396e-03
 -4.0088343e-03
  1.3124397e-03
  5.9727561e-03
  7.0853881e-04
  1.1877627e-03
 -5.6615612e-03
  1.8727636e-03
 -3.2263582e-03
 -2.7490628e-03
 -2.2937669e-03
  1.2318422e-03
 -1.0053018e-03
 -1.0594883e-04
 -4.9849790e-05
  7.6304114e-04
 -1.3325991e-03
 -2.9164751e-03
  1.1888508e-03
 -1.3472361e-02
  1.8487675e-03
  5.6679058e-03
 -2.2945361e-04
  1.3417833e-03
 -4.3753278e-03
 -4.0108405e-04
  8.0167287e-05
  6.7861401e-03
  4.8361756e-03
  3.3127430e-03
  4.9739110e-04
  5.4869597e-04
  1.1283121e-04
 -7.4722683e-03
 -5.4022875e-03
  1.4990759e-03
  6.7426771e-04
 -1.7886776e-03
  1.2580932e-03
 -2.6809624e-03
  5.4687024e-03
 -2.0730086e-03
  1.6705347e-03
  5.0803181e-04
  7.9550846e-05
  1.5328728e-03
  3.2590880e-05
  1.4004236e-04
 -3.5571109e-03
  8.6144674e-01
  1.3432206e-02
 -6.8586744e-02
  1.1356999e-04
  1.2409264e-02
  2.3063754e-03
 -1.3959450e-04
 -1.6530104e-03
  7.7664396e-03
 -3.0342432e-02
  3.7034075e-03
 -2.0453125e-02
 -4.3806832e-02
  5.0077792e-02
  3.8263511e-03
 -5.4397597e-04
  8.8681979e-03
  5.4442062e-04
  1.1749790e-03
  6.6109392e-04
  2.4149118e-03
  1.1206311e-03
 -1.7143402e-03
 -1.6752057e-03
 -1.5964170e-03
 -1.7146097e-03
  6.9418396e-03
  3.0091850e-03
  3.8811482e-02
 -1.1425022e-02
  1.0212195e+00
 -2.7061313e-01
  2.2580248e-01
 -1.1786819e-01
 -3.9460356e-03
  2.5709681e-03
  6.2806108e-03
  1.1488221e-03
  6.2782601e-05
  6.4397734e-03
 -7.6261797e-04
  2.9231504e-02
  1.1102831e-01
  5.1885750e-04
  4.0452178e-03
 -3.9811619e-03
  1.7138999e-02
 -1.1548958e-02
  1.5064712e-01
 -2.9938205e-03
  9.6274406e-04
 -3.7502140e-02
  4.7553621e-02
  7.0979066e-02
 -7.0491101e-04
 -6.8126817e-04
  1.5354948e-03
 -7.0645483e-03
 -1.1792211e-03
  9.2951726e-04
 -1.6302358e-03
  2.9066694e-03
  5.1754851e-05
 -6.7229808e-04
  9.3797443e-04
 -2.0829018e-03
  1.3565459e-02
 -2.5226877e-03
  7.6846755e-03
  1.4644989e-04
  1.2573974e-03
  4.2995084e-03
  2.2760457e-04
 -5.1163201e-04
 -2.0236177e-03
 -8.7520489e-03
 -1.8810451e-03
 -2.1943764e-03
 -3.0454851e-03
 -3.2461495e-03
 -4.6815421e-03
 -2.1465150e-04
 -5.6336413e-04
 -5.5252941e-04
  3.0038641e-03
 -4.4668289e-03
  3.2011995e-03
  1.4975736e-03
 -3.3367253e-04
 -5.3590641e-04
 -2.3621973e-03
 -1.3495922e-03
 -1.0466123e-03
  5.7505746e-04
  1.2498382e-02
 -3.5813837e-03
  1.2198703e-03
  1.4474710e-03
  3.5284029e-03
  1.6281735e-03
  9.5667219e-04
 -1.9928725e-03
  1.0991486e-03
  1.2251999e-03
 -1.4870731e-05
 -7.5680681e-04
 -3.0588318e-04
 -2.7777694e-04
  5.2352883e-03
 -8.8887871e-04
 -8.1986317e-04
  1.1238850e-03
 -2.4747459e-04
 -8.4760983e-04
 -1.1891860e-02
 -1.3527116e-03
  9.5646307e-03
 -6.5184303e-04
  2.6795216e-04
  4.6924041e-03
 -1.4198613e-02
 -1.0869214e-03
  3.3913739e-03
 -2.4287067e-03
 -3.7312186e-03
 -1.4666911e-03
  3.1068029e-03
 -2.7482508e-04
 -2.8170985e-03
  1.5347711e-03
 -3.2224012e-05
 -1.3609560e-03
 -2.9808157e-03
 -3.0295443e-04
  7.0232851e-03
  8.6822361e-04
 -2.9200355e-03
  1.3841678e-03
 -3.1029747e-03
  4.5641069e-03
  5.2197808e-03
  3.0048669e-03
 -1.1281659e-03
  2.1165290e-03
  2.6899239e-03
 -5.2529383e-03
  4.8084268e-03
  9.8393101e-04
 -2.0099597e-03
  1.3534970e-03
 -3.7628359e-03
 -4.0482450e-03
  2.6768772e-03
 -8.8783568e-03
  1.4468957e-03
 -1.0044267e-03
 -1.2547019e-03
  4.5264718e-05
  3.5580278e-03
 -2.2501263e-03
 -4.3437923e-03
 -2.0910699e-03
  3.3800831e-04
  9.9155528e-04
 -9.6846983e-04
  4.2925798e-03
  2.4297696e-03
  1.3652215e-03
  2.6269224e-03
  2.1898444e-04
 -1.4327476e-03
  7.5511361e-04
  1.3505489e-03
  2.8565787e-03
 -5.9924657e-03
 -2.5839449e-04
 -2.8537163e-03
 -6.5280998e-04
 -2.4560993e-04
  1.9981069e-03
 -2.3579006e-03
  3.0021507e-05
 -3.4042676e-03
 -4.9273153e-03
 -2.9325963e-03
 -5.0690905e-03
  4.4633946e-03
  2.5414892e-03
  1.7885000e-03
  7.4175913e-03
 -1.0811688e-03
 -8.3561745e-03
  2.6330634e-03
  4.0725179e-04
 -2.5735172e-03
  5.7092570e-03
 -1.5722662e-03
 -3.1522596e-03
 -6.4516817e-03
  7.2907795e-05
  2.7430775e-03
  7.3242758e-04
 -8.2559453e-04
 -7.4865925e-03
 -7.9454426e-03
 -1.9434340e-03
 -3.8523616e-03
  1.5425301e-03
 -7.2167860e-03
  4.5066322e-03
  5.0064921e-04
 -4.5463799e-05
 -1.1337653e-03
  9.1877105e-03
  3.4680597e-03
 -1.1408400e-03
  1.2123772e-02
 -8.4050815e-04
 -2.9564384e-05
  1.4621140e-03
  3.7751361e-03
  6.1535104e-03
  9.9311746e-04
 -2.0760226e-03
  8.9218654e-04
 -3.1037426e-03
 -1.0487768e-03
 -2.1181218e-03
 -1.7714100e-03
  5.6559122e-03
 -1.0680420e-03
 -4.3912418e-03
 -4.5036581e-05
 -2.1972482e-03
 -4.3674367e-03
 -3.4362252e-04
  1.8333144e-03
  9.8318281e-04
  1.7292234e-03
  1.6965932e-03
  9.9804113e-04
  9.3257474e-03
  1.1263669e-03
  1.4581496e-03
 -3.5071759e-03
  6.6774560e-04
  3.4735019e-03
  3.6662822e-03
  5.4559606e-04
 -7.4487278e-04
 -2.3547108e-03
  7.8912219e-04
 -2.8854278e-03
  4.3429181e-04
 -5.5784297e-01
  4.9119367e-04
  1.5450151e-03
  3.3025213e-03
 -6.5873063e-04
  2.5155183e-03
 -2.3607617e-04
 -4.9282187e-03
  1.9047223e-03
 -1.2124373e-03
  3.3653853e-03
 -2.5770543e-03
 -5.6717306e-04
 -1.3624117e-03
  1.0305441e-03
  3.8588089e-03
 -6.0744327e-03
 -4.3437551e-03
  3.3208139e-03
 -1.1440802e-03
 -6.1647518e-04
 -1.2839943e-03
 -1.6478278e-03
  4.6926974e-03
  5.8937841e-03
 -5.9473510e-03
 -1.3044749e-03
  3.3581962e-03
 -1.7396078e-04
  5.1821782e-05
  7.7098561e-04
  8.2365582e-03
 -4.1412371e-03
 -1.2742630e-03
 -4.6211858e-03
  4.7463714e-03
  1.9833522e-03
  2.2934917e-03
  8.8046465e-05
  2.4242071e-03
 -3.4489711e-03
 -1.0954258e-03
 -1.9671828e-03
  9.4537798e-04
  2.5987020e-03
 -2.5903110e-03
  2.2658387e-01
  1.8480296e-01
 -1.1635734e+00
  2.9299870e-01
 -1.1210667e-03
  2.8243598e-03
 -3.2485083e-03
 -2.3098041e-04
 -1.0069914e-02
 -3.2893572e-02
  5.3069079e-03
 -1.3991964e-01
 -8.8513516e-02
  2.1466920e-03
 -2.5682054e-02
  8.3929475e-04
  2.6720767e-03
  1.1769832e-02
 -3.5589714e-02
  6.6835885e-03
  1.7014554e-03
  2.9259117e-02
 -1.5417339e-03
 -3.2534949e-02
  3.6103841e-02
 -3.6766722e-03
 -6.5390295e-03
  2.6008140e-03
  3.6962150e-04
 -3.4318820e-02
 -4.7833556e-03
 -6.3490332e-03
 -1.9654708e-03
 -7.5458158e-03
 -7.8434302e-03
 -3.0512109e-03
  6.4699911e-05
  4.9723978e-03
  4.9837031e-03
 -3.1852259e-04
  7.7531198e-03
 -3.1559705e-03
 -4.0134863e-04
  2.0166682e-03
 -4.5817266e-03
  3.0748122e-03
 -5.4405851e-04
 -1.5705286e-03
  2.8082781e-04
  5.9605618e-03
 -2.2276307e-03
  1.0187763e-03
 -4.9897219e-04
  8.0869636e-03
 -1.3524612e-03
  6.6922116e-04
 -9.3075365e-04
  2.1624663e-03
 -2.6839919e-04
  2.5700859e-03
 -1.4255226e-01
 -5.1353282e-01
  4.3554869e-01
 -5.7493860e-01
 -2.5914015e-02
 -3.0255949e-03
  4.0307973e-04
 -7.4398913e-03
  3.2644207e-03
  1.6233586e-01
 -6.3445725e-02
  4.7735719e-04
  2.4238540e-01
 -3.2566391e-02
  6.8873877e-04
 -1.2505202e-03
  3.2065660e-02
 -7.7898674e-02
  7.1034484e-02
 -2.5177971e-03
  1.8347292e-03
 -1.9541970e-02
  5.4810350e-03
  1.6007905e-01
 -1.1578655e-02
  6.4938022e-03
  1.0825735e-02
 -1.3867611e-02
 -5.8183577e-03
  9.0260636e-03
 -1.4177427e-02
  2.4991143e-03
  8.7156828e-04
 -2.7416991e-03
 -1.5049308e-03
 -2.0948559e-04
  6.5203622e-04
 -4.7293765e-05
  2.7156537e-03
  1.9124221e-03
  1.1942432e-03
 -7.5538577e-05
 -3.1010429e-03
 -7.0697285e-04
  1.9799450e-03
 -6.2249856e-05
  3.1967242e-03
  1.2285131e-03
 -1.5722372e-02
  1.6244232e-03
 -4.4938023e-03
  7.0811436e-03
  8.2585332e-04
 -3.4744915e-04
 -7.5239362e-03
 -4.1415589e-04
 -6.3570112e-04
 -1.0928162e-03
 -3.2613904e-03
  2.5310898e-03
  4.7327208e-05
  5.1894868e-03
 -2.4497027e-03
  7.6321252e-03
 -2.4565270e-03
 -1.1818014e-05
 -2.4565638e-03
 -1.3173155e-03
  2.5684233e-03
  4.1327585e-04
 -7.3594431e-04
  1.7219796e-03
  2.0809949e-04
  5.8928956e-03
  6.6383724e-04
 -1.3188949e-04
  1.7852676e-03
  1.5085589e-03
  2.6809264e-04
 -3.1559884e-03
  3.9359607e-04
 -1.3237396e-02
 -4.9573835e-03
 -3.6189400e-04
 -1.5028244e-03
 -4.3790202e-04
  5.6461612e-04
  9.3585625e-04
  1.5537186e-03
  1.3021034e-03
  3.0822631e-03
 -2.0410111e-03
  2.1723860e-04
  2.1575436e-03
  7.7049603e-04
  8.5715977e-03
  3.6924726e-03
  3.8882548e-03
  2.0492917e-03
  6.4965046e-04
  2.3634583e-03
 -3.9973622e-03
 -3.4190531e-04
 -1.3398171e-03
 -7.8691711e-04
 -3.4195278e-04
 -1.4416425e-03
  9.5112430e-04
 -6.7785312e-04
 -1.0368328e-03
 -1.2970867e-03
  5.7127248e-03
 -6.6047366e-04
 -5.6418749e-03
  5.3723161e-03
 -1.2717170e-03
  8.2774628e-03
  2.6150504e-03
  3.3792439e-03
 -9.3958732e-03
  1.9280937e-03
  5.3668926e-03
 -4.3199674e-04
 -4.0898020e-03
  3.2050553e-04
 -4.8264093e-03
 -3.7359218e-03
  5.2803559e-03
 -4.2347680e-03
  6.4995815e-04
  1.3641366e-04
  8.5202642e-03
 -1.0151283e-03
  6.3379366e-06
 -8.5388351e-04
  4.1508810e-03
 -1.9652618e-03
 -5.8424990e-03
 -6.1614970e-05
 -1.1868795e-03
 -4.2954469e-03
  3.3760539e-04
  9.3249913e-04
  3.1883479e-03
 -1.6141958e-03
  5.8497731e-03
 -8.3873211e-04
  5.3273067e-03
 -6.5939483e-04
  5.2656571e-04
 -7.3306803e-03
  1.2162834e-01
 -2.3655451e-03
  2.7539691e-05
 -4.9333919e-02
  1.8247565e-03
 -4.8799226e-01
  1.2864319e-03
  4.3444135e-04
  2.0708295e-03
 -3.5547261e-04
  9.4102451e-04
 -7.6535703e-03
 -6.6979327e-03
  1.0872364e-04
 -6.2968261e-03
  7.7232224e-05
  7.1859220e-04
 -3.4443566e-03
 -3.6539282e-03
  1.0781051e-03
  6.1155078e-03
  1.2560575e-03
  5.1155235e-03
 -1.7643181e-03
  4.4562388e-03
 -4.4816438e-04
 -2.1228655e-03
  1.6677416e-04
  2.5986339e-04
  1.1310967e-03
 -4.7573615e-03
 -6.9538609e-04
  4.2603334e-04
  7.6208496e-04
  2.0800596e-03
 -8.8965474e-04
  1.4369831e-03
 -6.3552539e-04
  5.3290580e-03
 -3.2300202e-03
  1.9664045e-02
  5.6088547e-04
  2.6745903e-03
 -3.4785953e-03
 -7.7307932e-03
 -4.6649005e-04
 -1.3075613e-03
  1.0262338e-02
  4.0041450e-03
 -1.2329743e-03
  5.7365821e-04
  9.7326115e-03
  1.5086660e-03
  9.3598366e-02
 -4.1922303e-03
  4.0601203e-03
  1.1131879e-03
 -3.4155170e-04
  7.2697509e-04
  7.4550975e-04
  5.4154065e-03
 -9.2186676e-03
 -2.2171296e-05
  4.1674278e-03
  2.4370322e-04
  5.5390145e-03
 -1.2627662e-03
 -3.9260979e-03
  3.7273020e-04
 -2.7562520e-03
 -1.8682017e-03
  3.7594682e-03
  2.6447524e-04
 -1.2284230e-02
 -1.3999254e-04
 -3.5738727e-04
 -3.0655519e-04
  3.7476302e-03
  1.6268705e-03
 -2.1692670e-03
 -5.7692686e-03
  1.8062890e-03
  3.6200050e-03
  9.9841517e-04
  1.0192144e-03
  1.1978690e-03
 -3.2415232e-03
 -7.7383094e-03
 -2.1322515e-04
 -2.6576349e-01
 -6.8241507e-01
 -5.0154507e-01
  1.2589360e+00
  2.4675188e+00
  1.1664514e-03
  3.4459315e-02
  3.1614965e-03
 -9.4021042e-04
 -1.4042057e-01
  1.0629416e-01
  6.0009840e-03
 -5.2803117e-01
 -1.5371093e-01
  1.2842593e-03
  1.0752039e-03
 -1.1118710e-01
  3.5824466e-01
 -2.2398541e-03
  5.3462112e-01
 -4.1123093e-03
  1.1917946e-03
 -1.7839688e-01
 -2.9684305e-01
 -1.9625172e-01
  2.2534128e-04
 -1.1340233e-02
  2.1953341e-03
 -1.6534715e-03
 -7.8712612e-02
  1.0768402e+00
  1.8441287e+00
  4.2118758e-02
  6.9341463e-01
 -1.7071916e+00
  3.0584681e-01
  1.3418454e-01
  4.3700969e-01
  4.0855435e-01
 -5.4947037e-02
  2.4610676e-01
  2.4888209e-01
 -7.2442198e-01
  3.5568562e-01
 -9.1097172e-04
  3.5431126e-01
  8.3557956e-02
  4.9397576e-01
  5.6558345e-03
  7.0186831e-02
  1.3727692e-03
  4.6209085e-01
 -2.3724812e-01
 -1.2059009e-01
  1.9404972e-01
 -1.2036949e-02
 -5.6453948e-03
  3.2006751e-04
  1.4548671e-02
 -2.0691630e-01
  1.3637892e+00
 -9.8383844e-02
  4.6974131e-01
 -2.7291200e-01
  5.6462490e-04
 -1.8828100e-03
 -2.2152453e-03
 -3.7744495e-03
  8.7519139e-03
  9.1893238e-04
 -8.3585735e-03
  1.3885538e-03
  1.5763152e-02
 -8.6199436e-03
 -6.4724414e-03
 -2.5520073e-03
  4.8956310e-04
 -1.2180146e-03
  6.0539331e-02
 -5.8909217e-03
 -5.4117632e-03
 -1.8749039e-03
 -5.3369801e-04
  3.4496289e-02
 -4.7511184e-03
 -2.0298820e-03
  6.3692615e-03
 -3.0688290e-03
  1.5428405e-03
  2.1400393e-03
 -2.1574029e-01
 -5.5653089e-01
  1.0033560e+00
 -7.3592222e-01
  9.8928995e-02
  5.3423230e-02
 -7.0949429e-01
  8.8150811e-01
 -1.6715569e-02
  2.6640937e-01
  1.6967599e-01
 -5.2402025e-01
 -7.0969594e-01
  3.4465555e-03
 -3.4298423e-01
  2.2986233e-02
 -6.4510387e-01
  4.4950348e-01
 -4.3109494e-01
  1.2257487e-01
 -3.4676762e-03
 -5.0174177e-02
 -4.2642346e-01
 -4.8534304e-01
  7.6774204e-01
 -2.2772105e-02
  3.3214025e-03
  3.8571893e-03
  7.8520235e-03
 -1.0451297e-01
 -1.1860704e-01
 -1.4282654e-01
  2.7175865e-01
 -4.4601768e-01
 -2.5986266e-01
 -5.1547945e-03
 -1.1403067e-01
 -3.8476910e-02
 -4.3759164e-03
  1.7476946e-02
  9.9806790e-04
  5.2711565e-02
  2.9014635e-01
 -2.3886738e-03
  1.6709105e-03
  4.0527937e-04
 -8.9792255e-04
 -4.6291254e-02
  1.4262284e-01
 -5.2740006e-04
  6.5606893e-03
  6.4525381e-02
  1.5034846e-03
  7.4974135e-02
 -7.8074879e-04
 -2.2862543e-04
 -9.7737927e-04
 -8.3853854e-03
 -1.8337071e-03
  6.7430772e-02
 -1.0324974e-01
  6.6483967e-02
 -1.1115336e+00
  7.2976291e-01
  4.9203786e-04
  1.9100263e-03
 -2.4045761e-01
 -6.4042484e-04
  4.6269819e-03
  2.1434876e-03
  2.7173923e-03
 -7.3625813e-03
 -3.1983419e-03
  2.7280634e-03
 -4.6326667e-03
  6.7432155e-04
 -3.1698490e-03
  1.4223188e-02
 -6.8860672e-06
 -4.1479635e-04
  2.6641225e-03
 -1.6308940e-03
  2.0411361e-03
 -1.8144634e-03
  3.0986339e-04
 -3.7590801e-03
  5.5098650e-04
  3.2330954e-03
  1.2355775e-03
 -2.0781048e-03
  1.6501185e-03
  4.7686114e-03
 -2.8758703e-03
 -3.3466581e-03
 -1.3857165e-04
  8.2065404e-04
  3.2608805e-04
 -9.5540559e-04
  6.1432580e-03
  1.2399143e-02
 -1.5730248e-03
  3.4204191e-03
 -1.0245852e-03
  1.7145311e-03
 -1.7092796e-03
 -6.9850618e-03
  4.4239854e-04
 -5.8254423e-05
 -5.3058326e-04
  4.6427693e-04
  2.8283203e-03
  3.6652081e-03
  3.5971464e-04
  1.4040351e-04
 -4.1972548e-03
  6.9167791e-03
  4.1804262e-03
 -2.0294099e-03
 -8.6850335e-04
 -4.1864964e-04
 -8.5474026e-01
  3.9748762e-02
 -5.7408684e-01
  1.8879223e-01
 -2.2212663e-04
  3.6762005e-03
 -6.8363087e-04
 -4.1217306e-03
 -3.3583923e-03
 -7.6480522e-03
  1.0434675e-02
 -3.7216941e-01
 -3.5806082e-02
 -1.7343950e-02
  7.7940598e-03
  6.0454854e-03
 -1.2424114e-02
  3.4757964e-03
 -7.0157401e-02
  1.0733783e-02
 -1.5458433e-03
  3.1718391e-04
 -8.2191238e-03
 -3.3148970e-02
 -6.4412509e-03
 -1.3560086e-02
 -6.1144801e-03
 -9.9792273e-04
  8.9946818e-03
 -1.0548884e-02
 -2.8779600e-03
 -3.8100868e-03
  3.1750628e-03
 -5.6468787e-05
  1.3817692e-03
 -1.1790162e-03
  4.8807822e-03
 -3.4465676e-03
  3.8504375e-03
  1.4847077e-03
  1.0620678e-03
 -9.0193906e-05
  1.8021007e-03
  5.6193164e-04
  3.9312949e-05
  8.7689186e-05
  1.1147506e-05
  1.1981305e-03
 -3.9085536e-04
 -3.1422981e-04
  1.0147050e-03
  3.9742421e-03
  5.7918602e-03
  4.4292386e-04
  2.6384997e-04
  7.7476753e-03
  1.1008198e-03
 -4.1726753e-03
 -2.7741812e-04
 -1.7279461e-03
 -8.2101231e-04
  3.4259629e-04
  1.8696246e-03
 -2.0543667e-03
 -1.4116790e-04
  6.0043377e-03
 -2.5598677e-03
  8.7195979e-03
  2.0492976e-03
 -1.7266606e-03
  1.3096479e-03
  1.3366423e-03
  2.9784716e-03
 -6.8710414e-03
  3.3846484e-03
  2.6642578e-03
 -5.8628628e-03
 -3.2260144e-04
 -8.6263160e-04
  3.8158250e-04
 -3.6008420e-04
 -3.1659796e-04
 -2.3130360e-03
  2.0821283e-03
 -1.2924427e-03
  9.6935488e-04
  3.6073881e-04
  3.5641009e-01
 -2.7652164e-03
 -3.3060361e-03
 -8.9346414e-04
  4.8860316e-03
  5.1565948e-03
 -1.7428697e-03
 -3.3871594e-03
  1.9411396e-03
  6.7515817e-04
  1.0587361e-03
  4.2914285e-04
  2.4015238e-03
 -3.5501560e-03
  3.1715510e-03
 -7.0086215e-04
  6.3708038e-03
  4.6648178e-04
  1.0116870e-03
 -2.4985379e-04
 -2.9006379e-03
  7.9294936e-05
 -4.0175398e-03
 -1.0611451e-02
  2.3401310e-04
 -1.4273218e-03
 -3.1067913e-03
 -3.9586984e-03
  5.4426167e-05
  2.7557093e-05
  1.8611150e-03
  2.2398692e-03
 -4.1405852e-03
 -2.4742353e+00
  9.8707534e-02
 -5.9864622e-01
 -3.5507035e-01
  9.8187506e-01
 -8.2059903e-03
  1.8588504e-01
 -5.8669376e-01
 -4.1776273e-02
  1.2325130e-01
 -2.6586842e-02
  4.8927460e-02
  2.7314600e-02
 -8.7717319e-01
  4.6152767e-02
 -8.0681920e-02
 -6.6780001e-01
  2.0414399e-04
 -8.9905180e-02
  1.6779725e-01
 -6.0518680e-04
 -4.5327807e-04
 -1.1745130e-03
  7.8516416e-03
 -2.0394756e-01
  6.6115991e-03
  9.5244888e-03
 -1.1947139e-02
 -5.5703789e-02
  1.4136508e-02
  1.2903339e-03
  2.1321843e-03
 -1.5622579e-03
  6.0438306e-05
 -1.8658616e-03
  6.8578782e-04
 -9.3685347e-04
 -3.9120726e-03
  2.9601562e-03
  3.9980896e-03
  2.1160499e-04
 -2.4038912e-03
  1.8466170e-03
  1.8182455e-04
 -6.8226890e-03
  3.8870706e-03
  1.4262655e-03
 -4.0997751e-03
  1.5106082e-03
  1.8751104e-03
 -2.6422736e-04
  5.9113861e-03
 -8.8317273e-03
  9.1880612e-04
  1.1214463e-03
  7.3109670e-03
 -2.6542373e-04
 -6.9337589e-04
  6.0637463e-03
 -2.0693215e-04
 -1.0103766e-01
 -3.3911574e-01
  7.3886722e-01
 -5.5510819e-01
 -6.5794322e-03
 -3.6492671e-03
 -1.6615441e-01
 -1.4063186e-02
 -7.8860426e-04
  1.2828074e-01
 -1.0110698e-02
  1.2112892e-02
  2.2876014e-01
 -4.7020316e-03
 -1.2526389e-03
 -1.3313864e-03
  8.1145698e-03
 -1.0134425e-02
  6.7564383e-02
  4.8159002e-03
 -4.2119459e-03
 -4.6527445e-02
  8.1280340e-03
  9.8435834e-02
 -3.7658007e-03
  1.6343031e-03
  3.5590709e-03
 -1.1911194e-03
 -9.4355298e-03
  4.2135338e-03
  2.1396778e+00
 -9.4121391e-01
  1.0479450e+00
 -2.4559672e-01
 -1.4496133e+00
 -1.1711352e-03
 -8.5796550e-02
  2.0791669e-04
 -4.5094526e-01
 -5.1790942e-03
 -8.8362949e-04
  1.3309643e-01
  2.7006796e-01
  3.4465078e-01
 -6.3476920e-02
 -2.6870545e-03
  2.1108775e-01
 -2.7700779e-01
  8.6817898e-02
 -3.9027002e-01
 -4.7336775e-04
 -4.5823185e-03
  5.2298689e-01
  6.5570718e-01
  1.7542626e-01
  2.6452767e-03
  7.9343645e-03
  3.9062824e-04
 -1.1791469e-03
  2.9882140e-02
  1.6121222e-03
 -3.8875518e-03
  2.0311403e-03
  7.8232971e-04
  3.6239047e-03
 -1.5458462e-03
 -7.8347279e-03
 -1.6342713e-03
 -1.8156352e-03
  3.7747102e-03
 -1.8673598e-04
 -3.3089923e-04
 -1.6344813e-04
 -2.3248710e-03
  1.3963068e-03
  2.2391248e-03
 -2.8535398e-04
 -9.6772891e-03
  4.0332674e-05
 -1.5130964e-03
  2.1377676e-03
  9.8700868e-04
 -1.1697187e-03
 -4.6209021e-05
 -6.4766696e-03
  3.5907337e-03
 -5.6789622e-06
  7.2023639e-04
  9.3010982e-05
  2.4455035e-04
 -2.8052475e-04
  1.4982895e-03
 -3.5860452e-03
  2.1765353e-03
  1.2240340e-03
 -3.9142277e-03
  2.0203341e-03
 -1.9099172e-03
 -7.2373715e-03
  7.9591147e-04
  4.7116801e-03
 -4.3244460e-03
 -1.0160089e-02
  9.8233309e-04
  4.7778464e-03
  2.1430729e-03
  2.5603271e-03
 -4.3024868e-04
 -2.1274444e-03
 -4.8055899e-04
  6.1017643e-03
 -3.1154952e-03
 -1.5573257e-03
 -6.0305623e-03
  2.2583154e-03
 -1.9225297e-03
 -3.3756439e-03
  4.7078694e-04
  9.5605612e-04
 -5.1367586e-04
  7.5239182e-04
 -4.1918387e-03
  1.2881508e-03
 -1.7637797e-03
  4.5093508e-03
 -1.3381854e-03
 -2.6633807e-03
 -2.2158935e-03
 -6.6702012e-03
 -2.6547676e-04
  3.5038050e-03
 -4.9625727e-04
 -2.5613510e-04
 -1.2246259e-03
  6.2721170e-04
  1.3665654e-03
  3.0837774e-03
  4.0282481e-03
  1.9429093e-03
  4.4845263e-03
  6.9136551e-04
  4.9066828e-03
 -7.4172993e-03
  2.1857729e-04
  2.9535086e-03
 -1.8224411e-03
 -3.0932445e-03
 -5.2049925e-04
  4.2483206e-03
 -3.0886065e-03
 -4.2246785e-03
  2.6547545e-04
 -1.3773440e-04
  1.2251986e-04
 -3.6484962e-03
  2.9798469e-03
 -7.7093072e-04
 -2.0945340e-03
 -8.2072878e-04
 -2.8596907e-03
  5.0191125e-03
 -4.1309688e-03
  4.0643668e-04
 -3.4434691e-03
 -4.8376698e-04
  1.1713635e-03
 -5.7972415e-04
  1.0547261e-03
 -3.5402706e-04
 -1.0906138e-03
 -1.2039209e-03
  1.8120863e-03
  1.4062562e-03
 -7.0709181e-03
  7.2059350e-04
 -3.4279903e-04
 -4.4440923e-05
  2.3751374e-04
 -4.5360561e-04
 -6.7732567e-03
 -1.4270492e-03
 -3.1256652e-03
  1.4957368e-03
  1.1944770e-03
  9.9923098e-03
 -1.4435083e-03
  9.1413088e-04
 -1.0614251e-03
  3.7140585e-03
 -6.8787178e-03
 -1.1569132e-03
 -2.0861026e-04
  4.5722726e-04
  6.1690742e-03
  6.6248234e-04
 -1.1805302e-04
 -1.9793613e-03
 -2.8283799e-03
 -1.5673928e-03
  3.7953847e-03
  6.5439683e-03
 -3.2113178e-03
 -1.0264015e-03
  2.2253713e-03
 -2.5134969e-03
 -6.5097115e-03
  9.2960475e-03
  3.7443142e-03
  8.1860792e-04
  5.7090051e-03
 -6.5582744e-03
  2.5637841e-03
 -1.0805361e-03
 -6.8606884e-04
 -8.4298057e-04
 -1.4984543e-03
 -2.2833080e-04
 -1.2422333e-03
 -8.6106162e-04
  5.9574778e-04
 -5.5391886e-03
  8.6439250e-04
  5.8552827e-04
 -4.8330802e-04
 -2.8205693e-03
  3.9887209e-03
  2.2173401e-03
  1.7749306e-03
  9.1621518e-04
  3.8501243e-03
  1.6455227e-03
 -3.1891849e-04
 -2.5474371e-03
  2.4961447e-04
 -1.9825220e-03
  3.3191594e-03
  8.5495511e-04
  3.4119443e-03
 -7.8291325e-03
  1.1182455e-03
 -7.4909496e-01
 -1.2098184e+00
  1.7160769e-01
 -5.7856631e-01
  1.6705648e-03
 -2.0269481e-03
  3.5314714e-03
  5.4938807e-03
 -6.8453979e-03
 -1.4613315e-01
  7.6670438e-01
  2.6478625e-05
  4.1305642e-03
 -9.8950136e-04
  8.9965889e-04
 -7.6501159e-04
  4.4060778e-03
  4.1654995e-03
 -9.3751129e-05
  8.3549898e-03
 -6.1600527e-04
 -2.1923421e-04
  7.8563084e-04
  2.5804895e-03
  1.0463754e-01
 -3.0168577e-03
  1.0202787e-03
  6.6012942e-04
 -1.0351599e-03
 -1.3145238e+00
  5.4871760e-02
  1.0466498e+00
  8.2198662e-01
  2.0522319e-02
 -3.8389239e-01
  7.9370499e-02
 -8.2335335e-01
 -5.7840776e-03
 -8.2813506e-04
 -1.6552666e-03
 -1.5377094e-01
 -4.4580693e-03
 -1.3436158e-03
  1.6417214e+00
 -9.8536524e-04
 -4.3485823e-04
  1.4257730e-02
  1.0181012e-03
  2.2263017e-03
 -1.4521663e-04
 -1.6189299e+00
 -1.2358733e+00
  2.5132731e-01
  3.0611369e-01
  6.1978302e-03
  1.7014518e-01
  3.4127139e-02
  2.7578166e-03
 -2.1137674e-03
 -9.1140175e-01
  8.0826241e-01
  1.5779054e-01
 -1.0698412e-02
  8.1316400e-03
  9.5959499e-02
 -4.0602905e-04
 -1.4649632e-03
 -2.2461221e-03
  8.6651063e-03
 -7.3007303e-01
  7.3280209e-03
  1.0586005e+00
 -2.2178045e-03
 -3.5431320e-03
 -1.7717716e-04
  4.2981422e-03
 -1.6114981e-01
  3.4012955e-01
 -2.2866421e-03
 -1.6246115e+00
 -1.8087554e+00
  6.0834271e-01
 -2.2144449e+00
  1.0477778e+00
 -5.9635639e-01
 -4.3384061e-05
 -8.2909167e-01
  3.6263277e-04
 -5.2848573e-05
  3.1115036e-03
  1.9576869e+00
  1.0020089e-02
  1.0353475e+00
  1.1531768e+00
 -8.5212034e-04
 -4.5028707e-01
  7.6265610e-04
 -2.4642120e-03
 -1.2395501e-03
  3.4180199e-04
  3.3480799e-01
  4.0836588e-01
  1.6915208e-01
 -1.7260851e-01
  2.4051240e-01
  3.4360668e-01
  4.6452917e-02
  2.1074398e+00
  4.7887131e-03
 -7.3369318e-01
 -1.2769668e+00
 -2.4002528e+00
  1.5218788e+00
  5.1874340e-01
 -6.6651726e-01
  4.4437143e-01
  6.4323372e-01
  1.3368782e+00
  6.9939703e-01
  1.4076611e+00
  4.0845770e-01
  7.6644123e-02
  2.1022588e-01
 -5.7965982e-01
  8.4690182e-03
 -8.3434778e-01
 -3.8490169e-02
  6.4678121e-01
  4.4535717e-01
 -4.0109652e-01
 -5.0009751e-01
  1.2566150e+00
 -2.5351083e-01
 -1.5246290e+00
  4.6669841e-01
  2.7940544e-01
 -8.5286361e-01
  9.8486364e-01
 -6.6372812e-01
  3.3124477e-02
 -7.4617577e-01
  3.1181075e-02
 -3.4689689e-01
 -4.2327549e-02
 -7.4869382e-01
 -1.0950705e+00
  6.8024623e-01
  9.5302892e-01
  3.1331375e-01
  6.2350577e-01
  1.2695732e+00
 -1.0025151e+00
 -6.8099296e-01
  6.8159068e-01
 -2.0993283e+00
  5.4336447e-01
 -8.8996416e-01
  3.4043947e-01
  1.7449325e-01
 -1.7951919e+00
  6.5378465e-02
  8.1579573e-02
  7.3616914e-02
  6.6096812e-02
 -1.8219936e-01
  1.4358978e+00
 -1.3672732e+00
  1.2451344e+00
 -3.7896982e-01
 -2.5963879e-01
 -6.7486197e-01
  1.5410415e+00
 -2.5079250e-01
 -1.5309983e-01
  7.8682697e-01
  5.9222752e-01
  4.4369280e-01
 -1.3092486e+00
  3.4323871e-01
  1.2626568e+00
  3.7242184e-04
  1.2296541e+00
 -3.4197289e-01
 -1.9908664e-01
 -1.3758240e+00
  1.7889620e-01
  9.4391143e-01
  3.5354257e-01
 -1.0563636e+00
 -1.7785258e+00
 -8.8033706e-01
  8.5255778e-01
  6.2093157e-02
 -1.0472946e+00
 -1.3358971e+00
  8.7449819e-01
 -1.7824297e-01
  9.2689788e-01
  3.0079010e-01
  6.8047345e-01
  2.4697205e-01
  1.0538378e+00
  1.3616142e+00
 -6.9074726e-01
 -3.4590968e-01
 -2.9427153e-01
  3.1289807e-01
  4.7028515e-01
 -3.7209985e-01
  5.3564304e-01
  1.1731005e+00
 -1.4820427e+00
  9.6910214e-01
 -4.0101595e-03
 -1.7353994e-01
 -9.9755246e-03
 -8.0623524e-04
 -2.5180364e-03
  1.9175187e-01
 -7.2338504e-01
  2.9959533e-02
 -1.1719574e+00
  1.0015328e-02
 -2.1871710e-01
  1.8568296e+00
  2.1678787e-01
 -2.1328969e+00
 -4.3782738e-01
 -4.1757140e-01
  7.5396514e-01
 -1.5281894e+00
 -6.9778705e-01
  6.4184833e-01
 -1.6768323e-01
  4.9572968e-01
 -5.5094177e-01
 -2.3920836e-01
 -1.5142299e+00
  1.1238526e+00
 -2.6962405e-01
  3.7619106e-02
  4.5714980e-01
  1.6401157e-01
  8.0066711e-01
 -1.2560198e+00
  9.8237544e-01
 -4.2296031e-01
  3.5596746e-01
 -1.4790587e-01
  1.7276296e-02
 -2.8933558e-01
 -1.1191959e+00
  3.0179486e-01
  7.0367843e-01
  1.0313832e+00
  1.6768334e+00
 -2.2594935e-01
 -8.4104615e-01
 -4.6620246e-02
 -5.8997566e-01
  1.9378629e+00
  3.7492916e-01
 -1.0280783e+00
 -1.7110622e+00
  1.5079316e-01
  4.7382843e-01
  1.5226643e+00
 -6.8956502e-02
  2.3731479e-01
  1.4244670e+00
  5.9529549e-01
  3.5608038e-01
  9.4124174e-01
  9.8167086e-01
 -1.5952860e+00
 -1.1123227e+00
  5.3864127e-01
  5.9343386e-01
 -9.3982363e-01
 -4.1579571e-01
  5.5070382e-01
  2.2438446e-01
 -7.0653063e-01
 -7.0079356e-03
 -1.4798985e-03
 -1.1736496e-03
 -5.3784762e-02
 -4.6316432e-03
  1.9210071e-03
  1.5341105e-01
 -1.1283346e-01
  5.3490501e-05
 -5.0994183e-04
  8.2240336e-02
 -1.1048539e+00
  3.1054525e-02
 -3.4892283e-04
  2.3010899e-01
 -1.3974574e-01
 -1.3385009e-03
  1.0238823e-02
 -9.2869505e-02
  2.1664143e-01
  7.9268470e-02
  3.6829527e-04
  2.6561159e-01
 -1.5490341e+00
 -2.5096565e-01
  4.7459630e-03
  7.3125136e-01
  4.2075053e-01
  3.7635127e-01
  3.1185293e-04
  3.1338862e-01
  1.6678959e+00
 -9.3709457e-01
 -7.9676002e-04
 -2.1397134e-03
  1.8924453e+00
 -7.5247723e-01
 -7.2324788e-03
  1.6922917e-03
  5.4742002e-05
 -1.5896423e-01
 -9.2571732e-05
 -2.1167502e-01
 -6.4289503e-02
 -1.8558693e-01
 -1.0012006e-01
  1.6470414e-01
 -5.7884091e-01
  1.9358741e-01
  2.0304297e-03
 -4.2572796e-01
 -2.8376332e-03
  3.9685377e-01
 -2.6855817e-01
  9.2442557e-02
 -3.7229881e-02
 -7.7838081e-01
  1.1398217e-02
 -4.5744501e-02
  5.3468603e-01
 -1.3563565e+00
 -3.2790107e-01
 -1.6676294e-02
 -1.4787147e+00
 -1.4826341e-01
  1.0258398e-02
  4.0755814e-01
  8.0560857e-01
 -3.1358317e-01
 -2.0075426e-01
 -1.6545398e-03
 -1.5999410e-02
 -8.8826291e-02
 -6.8126506e-01
  5.9583742e-04
 -1.4539464e+00
 -8.8989985e-01
  4.9918932e-03
 -2.5292751e-01
 -1.1717091e+00
  1.4097928e+00
 -7.5822455e-01
 -9.5633585e-03
 -8.2182133e-01
  1.9858059e-02
 -1.0896720e-03
 -1.4071274e-01
  6.7683235e-02
  3.2850213e+00
 -5.8049518e-01
 -1.1009547e+00
  4.2495775e-01
  5.9426278e-01
 -7.2477786e-03
 -5.7177424e-01
 -1.0493616e+00
 -1.8175328e-01
 -5.6175530e-01
  1.6355079e-01
 -3.9715621e-01
 -5.5624098e-01
 -3.0631567e-03
  1.5835911e-01
 -9.7063011e-01
  2.1565098e-01
 -6.9835514e-01
 -1.9019989e-02
 -3.3383545e-02
  1.6159142e+00
 -1.3524419e+00
 -3.4580890e-02
  4.6533093e-02
  1.6482970e-01
 -6.4963070e-03
 -1.0756925e-01
  8.8727522e-01
  2.6637331e-01
 -9.5406538e-01
 -9.7181970e-01
  8.7800741e-01
 -3.1363404e-01
 -3.8044608e-01
  9.7350188e-02
  2.6572406e-01
 -2.5996035e-01
 -2.6560792e-01
 -2.0904268e-01
 -5.7044286e-01
  5.6083572e-01
 -9.0521961e-01
 -1.3903371e+00
  1.7249306e+00
  1.0709189e+00
 -6.1130114e-02
 -5.4100078e-01
 -1.1772406e+00
  1.8521002e-01
 -6.2670761e-01
 -1.7917293e-01
 -7.2942175e-02
 -4.4807765e-01
 -7.4850249e-01
 -2.0065683e-01
  1.1644967e+00
 -7.0652819e-01
 -5.4601720e-04
  4.7693803e-04
  3.6208328e-02
  5.9736543e-03
 -5.5694450e-03
 -2.2599007e-01
  1.0111156e+00
 -9.2221427e-01
  1.7999655e-03
  2.4409755e-03
 -8.7750041e-01
  1.1782331e+00
 -2.0460819e-03
 -5.4853636e-01
  6.2743986e-01
 -1.9180239e+00
  9.1657182e-03
 -4.6649480e-01
  1.9949898e-01
  2.1865526e-01
 -1.5290281e-03
 -1.3256897e-01
  9.0312892e-01
 -1.5816602e-01
 -8.1317658e-03
 -1.0785225e-01
  7.9210997e-01
 -1.6067903e+00
 -3.1568572e-05
  1.0818435e-01
  3.9678234e-01
 -8.9413422e-01
 -1.6005554e-03
  2.7734071e-02
  2.7734071e-02
  2.7734071e-02
  2.7734071e-02
  2.7734071e-02
  4.5671934e-01
  4.5671934e-01
  4.5671934e-01
  4.5671934e-01
  4.5671934e-01
  3.2051027e-01
  3.2051027e-01
  3.2051027e-01
  3.2051027e-01
  3.2051027e-01
  7.1556397e-02
  7.1556397e-02
  7.1556397e-02
  7.1556397e-02
  7.1556397e-02
  3.7431113e-02
  3.7431113e-02
  3.7431113e-02
  3.7431113e-02
  3.7431113e-02
  5.2305448e-01
  5.2305448e-01
  5.2305448e-01
  5.2305448e-01
  5.2305448e-01
