nep4_zbl 2 Mg Bi 
zbl 1.25 2.5
cutoff 7 4 81 16
n_max 4 4
basis_size 8 8
l_max 4 2 0
ANN 50 0
 -3.8917910e-03
 -6.2325648e-03
 -7.8708142e-01
  3.9562252e-03
  6.0732733e-04
 -2.0718901e-01
  1.5224637e-01
 -4.3561497e-01
  9.3466779e-03
  8.0681797e-03
  2.0523446e-03
  6.9287103e-03
  2.9642612e-03
 -6.6068661e-03
 -3.6705958e-05
 -7.7820886e-03
 -6.2627569e-03
 -2.6535324e-03
  3.8798598e-03
  1.3427975e-04
  6.7250952e-03
 -2.0884734e-03
  8.8927094e-03
  1.5500024e-03
 -1.5362076e-02
 -5.4078540e-03
 -7.1323137e-03
 -5.3612824e-04
 -1.0314836e-04
 -3.0395007e-03
 -1.0633600e-03
  2.5405400e-03
  8.5220957e-01
 -3.7153612e-03
 -2.2244873e-03
  3.2211666e-04
 -2.6960552e-03
 -1.4911339e-04
 -1.1282215e-02
 -4.2984202e-03
 -3.1709237e-04
 -1.8367744e-03
 -1.2369501e-02
 -8.3409635e-05
  3.4677510e-03
 -1.2553834e-03
 -6.5944809e-04
 -2.1849636e-03
 -2.0579356e-03
  1.8938647e-04
  1.2573166e-03
 -9.3069617e-03
  2.9936368e-03
 -2.5686884e-02
  7.0967467e-04
 -2.3039253e+00
 -4.1370732e-03
 -6.8532262e-04
 -4.4378503e-03
 -3.9832909e-03
 -9.0848756e-01
  5.2468669e-01
  4.8424499e-03
  4.1938022e-01
  5.0581634e-01
  6.1291307e-01
 -1.6009231e-01
 -1.8237647e-02
  7.0087302e-01
 -7.2396956e-02
  1.0093106e+00
 -1.2764855e-02
 -1.4162097e+00
  1.7578404e-02
  6.6104844e-02
  7.9312436e-03
 -3.0219308e-01
 -4.0972912e-01
 -7.9963110e-02
  4.7130337e-01
 -5.0520185e-02
  3.8796963e-04
 -6.0187179e-01
 -2.7696589e-01
  7.0785563e-03
 -1.3092571e-01
  9.2850871e-02
  1.5539437e-03
 -1.1020476e-01
  1.2444353e-03
  3.4656553e-03
 -1.9729488e+00
  2.7283430e-01
  4.8439002e-01
 -2.5156250e+00
  3.8067070e-01
  2.4231760e-01
 -2.5909031e-02
  9.9770211e-02
 -1.4824581e-01
  1.1187247e+00
  4.4059839e-02
  1.6640441e-01
  1.0354433e-01
  2.6408446e-01
  1.4036599e-01
  1.1792308e-01
 -1.1170653e+00
 -4.8554097e-03
  7.6491988e-01
  2.7961978e-03
  2.4024967e-02
 -2.8676603e-02
 -1.4402217e-01
  3.8335364e-02
 -4.9644569e-03
  2.6295444e-02
 -2.8265062e-01
 -9.0716921e-02
  4.2266387e-02
  2.0851496e-01
  2.2242205e-04
 -2.0089388e+00
  1.5321670e+00
  5.5961683e-03
 -1.5914054e-01
 -8.7176740e-02
  1.0318466e-02
  6.0783708e-01
  2.0500740e-02
 -5.6390441e-03
  2.2141237e-03
 -7.6807421e-01
 -5.9206635e-01
 -1.0783817e-01
 -1.6920598e-03
  4.9435165e-02
 -4.8590192e-01
  4.1319138e-01
 -8.1119174e-01
  2.2248294e-04
 -5.3391961e-04
  3.3467188e-01
  3.2055241e-01
 -3.0869335e-01
 -4.4304291e-03
 -5.5575818e-02
 -5.4787499e-05
 -2.2624049e-03
  1.5759185e-03
 -8.0424524e-04
  4.4997246e-03
 -1.8930404e-03
 -7.8261987e-04
  2.0867591e-03
  6.8400363e-03
 -2.3490116e-03
 -4.0806471e-03
  1.0492734e-03
  2.7151583e-03
  2.3318550e-03
  1.6597495e-03
 -5.0076796e-03
  2.3106452e-04
 -1.0020436e-03
 -4.4979239e-04
  2.2828804e-02
  1.1124793e-03
  8.9701056e-04
  3.3045090e-03
  4.7347494e-03
 -9.3708583e-04
 -1.2868796e-03
 -5.7041249e-03
 -1.8914874e-03
  4.3299998e-04
 -1.0774856e-02
  2.3590194e-03
  3.4444726e-03
 -3.4628806e-04
 -6.7654685e-03
 -3.1602944e-03
 -3.7528558e-03
  5.5758767e-03
  6.7510265e-03
  1.2213526e-03
 -3.4275126e-05
  2.5328547e-03
 -2.0402991e-03
 -7.4461340e-03
  1.2651816e-03
  7.3614919e-01
 -2.6338084e-03
  6.8315044e-03
  9.9090468e-03
  9.2239596e-04
 -3.3442159e-03
  7.3915260e-04
 -5.2483904e-04
 -6.2004174e-03
 -1.1605112e-03
  4.2256514e-05
 -5.0828797e-03
  4.5892361e-04
  8.6510327e-04
  2.2331518e-03
  3.0818474e-04
  9.8563742e-04
 -1.5276303e+00
 -3.5012898e-03
 -7.0992886e-04
  3.9253753e-01
 -1.0738450e-03
  7.4821431e-04
  2.1349954e-04
 -7.0480841e-05
  2.1564690e-03
  1.1810398e-03
  2.1479888e-02
 -6.7490910e-04
 -1.3439703e-03
  4.5011961e-03
 -3.2836988e-03
  8.5742149e-04
 -2.4969680e-03
  3.9661801e-03
  4.3292311e-03
 -1.0661253e-02
  1.3811651e-03
 -4.0138946e-03
  2.9914416e-03
 -4.8938738e-03
  8.1030186e-04
 -3.6643986e-03
 -8.0216089e-03
  1.4642488e-03
 -1.8031361e-03
 -3.4448106e-03
 -1.9309060e-03
 -9.6561207e-04
 -7.9830093e-03
  1.5707491e-03
  1.1524044e-03
  8.0643436e-03
 -7.1343931e-04
 -2.2507396e-03
  1.3195614e-03
 -2.4235630e-04
 -1.4235774e-02
 -5.3535006e-03
 -1.7435243e-04
 -8.7173149e-04
  5.2139600e-05
 -8.1914233e-04
 -3.0476574e-05
  8.4995443e-04
 -1.2580201e-03
  1.3327147e-03
  7.7960483e-04
 -4.0740785e-03
 -9.7005945e-03
 -2.4901498e-03
 -2.8959364e-03
  1.7688161e-03
 -2.6264039e-03
  6.6948300e-03
  8.1334735e-04
 -9.3417062e-04
 -1.6382305e-04
 -2.4625361e-03
 -9.9809822e-03
  2.5726866e-03
 -2.5538020e-03
 -1.4093561e-03
 -1.9045470e-03
  1.8770793e-04
  1.0057158e-03
 -4.1887327e-03
 -1.4431981e-03
  7.8420801e-04
  3.4323876e-04
  8.2133920e-04
  9.3779981e-04
  2.4568406e-03
 -2.6702837e-03
 -3.3182960e-03
 -2.0330537e-03
 -1.9398023e-04
 -1.4075332e-03
  3.8902991e-04
  1.6918608e-03
 -2.5251313e-05
 -2.4999003e-03
  2.0630131e-03
 -1.4087115e-02
 -2.3294735e-04
 -1.0877078e-02
 -3.2401960e-03
  6.9148121e-03
 -1.1270292e-04
 -5.0013687e-04
 -4.6015945e-03
  3.2110992e-03
 -4.0201582e-03
 -4.2861491e-02
 -4.0226430e-03
  2.0926425e-04
 -5.5875918e-03
 -6.8520308e-03
  4.2023603e-03
 -1.3851502e-04
  2.0344157e-03
  8.4925275e-03
 -3.4448267e-03
  3.8523725e-03
  2.3532577e-03
  4.1139857e-03
 -3.4829762e-05
 -1.1918898e-03
  2.7957263e-03
  8.3404855e-04
  1.0225328e-02
 -7.6703908e-04
  1.2643361e-03
 -4.0367781e-03
  8.3047310e-03
  6.6548949e-03
 -7.4563950e-04
 -2.2309711e-03
 -4.0335660e-03
 -6.3536066e-04
 -3.5971352e-03
 -2.1042144e-03
  3.5495940e-03
 -1.3441331e-03
 -2.0037575e-03
  7.7103986e-04
  1.1841017e-03
  1.7343719e-03
  3.7966766e-03
 -6.5886146e-05
  1.0046552e-04
  1.1629484e-03
  2.9559134e-02
 -2.4349247e-03
 -4.3768845e-03
 -3.7952104e-05
 -2.9262097e-03
  1.4010788e-03
  3.0690283e-03
  5.8368463e-03
  7.9305405e-03
  3.2356915e-03
  4.7198725e-03
  6.5291016e-03
  5.1755481e-04
  5.2628061e-03
  2.7524252e-04
  9.6824709e-03
 -1.9228695e-03
 -8.2293553e-03
 -1.2214889e-02
  5.0196884e-04
 -3.7114669e-03
 -3.3370280e-04
 -3.0970178e-04
  8.2082354e-04
 -2.7394490e-03
 -1.2923796e-02
 -1.0767940e-03
 -2.2783796e-03
 -5.9552566e-04
 -1.5811977e-03
 -3.2104310e-03
  3.2601968e-04
 -1.5625859e-03
 -3.9208145e-03
  2.0208410e-03
  7.4329588e-04
 -2.4517154e-04
  5.2770372e-03
  1.7287940e-03
 -3.1451194e-03
 -1.2468169e-03
  1.5068824e-03
 -4.4002226e-03
  1.4286161e-06
 -1.9877392e-03
 -8.7883640e-03
 -4.0360522e-03
 -7.6303013e-02
 -7.0716763e-01
  3.7430140e-01
  4.0576067e-03
 -6.7059449e-03
  2.7485576e-04
 -1.2370847e-03
  1.0886317e-01
 -1.5747718e-03
  1.4501056e-01
 -1.2900505e-03
  1.4793952e-01
  8.1107013e-02
 -7.8794152e-02
  8.6794663e-03
 -2.3191522e-03
  2.5212970e-03
 -4.5474027e-03
  5.4132521e-02
  6.1690724e-03
  9.2740692e-03
  5.2698003e-03
  1.1271891e-02
  1.7890709e-02
 -5.0568450e-03
  2.0916949e-04
 -1.4867751e-02
  7.2029635e-04
  9.4916439e-03
 -1.1630167e-03
 -1.0486281e-01
  1.6868842e-03
 -1.2864780e-01
  1.2399855e-02
 -1.0687769e-03
  4.7622393e-03
  2.1481179e-03
  3.6148774e-03
 -2.1168247e-03
  5.6794961e-04
 -2.1687220e-03
  3.3736948e-03
 -1.6133829e-03
  3.1687871e-03
 -9.4372826e-04
  1.2593096e-03
 -2.4130757e-03
 -1.1553642e-02
 -3.3637299e-03
  7.1859389e-04
 -2.5044175e-04
 -6.9138170e-03
 -1.5304916e-04
  1.6179072e-03
 -8.2333240e-04
  8.9014415e-04
 -2.2656823e-02
  4.5282490e-04
  1.2065407e-02
 -1.5840470e-04
  7.1375007e-03
  1.8537180e-03
  3.5755816e-03
  5.2355736e-04
 -8.4144734e-03
 -5.0026819e-04
  1.5529629e-03
 -5.0103418e-03
 -4.7745453e-03
  2.2895247e-04
 -3.0077635e-03
  3.2066938e-03
 -9.0766978e-03
 -1.2861468e-03
  3.6229035e-03
 -5.2555109e-04
 -1.2063790e-03
  8.8271924e-04
  4.6657287e-03
 -8.0054754e-04
  9.1890414e-04
  1.7696940e-03
  9.1769604e-04
  2.1657690e-04
  1.8599316e-03
 -2.4750952e-03
  7.7359173e-03
 -1.1062541e-03
  3.6343589e-02
 -4.3538497e-03
  1.1875094e+00
 -1.9632018e+00
 -5.8395736e-02
 -4.6370882e-01
 -2.0926638e+00
  2.8976807e-01
 -1.4509511e-01
  7.5232744e-02
  3.0434662e-03
  1.4500155e-01
  2.1253921e-01
  4.3870938e-01
 -5.4439729e-01
 -7.2795391e-02
 -8.3702737e-03
  1.5774015e-01
  3.2946238e-01
  1.1918229e+00
  3.9068890e-01
  1.6848785e-01
  2.1021625e-01
 -5.6210859e-04
  4.0602615e-01
  1.0519642e-02
 -3.9156783e-02
  1.7556120e-01
 -1.8104805e-03
  1.6574686e-02
  7.9727873e-02
  2.0225993e-03
 -4.6734652e-01
 -1.2282210e-02
 -4.1573423e-01
  1.2339723e-01
 -7.2696763e-01
 -5.7453930e-01
  2.3303414e-04
 -4.1376343e-03
 -3.3063331e-01
  1.5122375e-03
 -9.0745854e-01
 -1.6465116e-02
 -9.3154579e-01
 -9.6227273e-02
  4.0334591e-04
 -2.1805455e-01
  4.4018966e-03
  8.3063287e-04
 -2.3359066e-01
  2.5043520e-03
 -2.0255555e-01
  2.9325157e-03
  2.2295932e-03
 -2.3117806e-01
  6.6829263e-04
 -9.6507469e-04
  1.8836047e-04
 -3.5089437e-02
  1.0330559e-02
  1.4108634e-02
  3.6521940e-03
  3.9121252e-03
  6.5041338e-03
  3.3322410e-03
  2.3180293e-03
 -3.8199145e-03
  2.6578810e-03
 -7.2495867e-03
  5.8203978e-03
 -2.9462730e-03
  5.4324833e-03
 -2.3178773e-03
  6.3030008e-04
 -1.2085624e-03
  1.0960884e-03
  2.6608966e-03
  4.4967886e-03
  9.0443743e-03
  1.4152868e-03
  3.0267349e-04
  1.6900155e-03
  2.6922286e-04
 -6.1135297e-03
  2.4084577e-03
 -5.8584585e-04
 -6.0542962e-03
  3.0366010e-03
 -1.5158692e-03
 -8.1590284e-04
 -2.9868281e-03
  2.7181530e-01
 -5.8620054e-01
  7.9799891e-01
  7.5662471e-02
  1.4437072e-01
 -1.5108107e-01
 -1.1905422e-01
 -6.9197214e-01
 -7.3014967e-02
 -2.0767689e+00
 -8.4034854e-01
  4.8758456e-01
 -1.3112959e-01
 -5.7755512e-01
  9.7818501e-02
 -1.6025576e-01
  4.9953572e-03
  3.2854760e-01
 -3.7286693e-01
  9.2707306e-02
 -1.3074121e-01
  1.3404221e-02
 -5.2281123e-01
 -6.7473245e-01
  6.7779489e-02
 -1.9764116e-01
  3.9228763e-02
 -3.4704602e-01
  1.3292744e-02
  2.6707863e-03
 -1.5119502e-03
  3.7986259e-03
 -1.5021806e-03
  4.5448722e-04
  5.5819616e-04
  8.4758215e-03
 -8.1698624e-03
 -3.7289958e-03
 -3.2631800e-02
 -1.1873114e-03
 -5.0021097e-02
  1.2334387e-03
 -1.7130747e-03
  9.3997596e-04
 -4.4966731e-03
  1.0494562e-03
  4.7003669e-03
 -3.5862844e-03
  6.2030292e-04
 -1.9760416e-03
  4.0905001e-03
  4.1185911e-05
  3.8317351e-03
 -2.5744468e-03
  2.7402740e-03
 -5.8899606e-03
 -7.4756227e-04
 -1.9554760e-04
  4.5724805e-03
  6.7450670e-03
 -3.0776432e-03
  3.2498740e-04
 -4.3942472e-03
  2.3735361e-03
 -2.4050497e-03
 -1.5363932e-03
 -7.1759811e-03
  7.7554869e-04
  1.6988713e-03
  2.0921344e-03
 -4.5317732e-04
 -5.2020345e-03
 -4.1531641e-03
 -1.2550806e-03
  1.8951404e-03
  6.0698437e-03
 -4.9812328e-03
 -1.1382928e-03
  5.3596916e-03
 -2.1673513e-03
  2.2022775e-03
 -4.4025283e-04
  7.0654261e-03
  2.8870711e-03
 -6.9939257e-03
 -4.3042069e-03
 -2.6588975e-03
  3.7751530e-04
 -5.0754426e-03
 -1.0711632e-03
  7.4145250e-04
  9.0331334e-04
 -4.0183747e-03
  1.5845996e-03
  2.2577504e-03
 -8.7202917e-04
 -3.2744950e-03
  9.7526172e-03
  2.2656807e-04
 -1.9279952e-03
 -6.3538493e-05
 -1.0100861e-04
 -3.6357669e-03
 -2.2154711e-03
 -3.6446641e-03
 -4.2533656e-03
  2.7064330e-04
  3.9369034e-04
  9.3578768e-04
  4.0056226e-03
 -3.2397481e-03
 -2.3452807e-03
 -3.1546466e-03
 -3.8128796e-03
  2.4357047e-03
 -1.3805520e-03
  9.0881833e-04
 -7.5487141e-03
 -1.6555085e-03
 -6.9683134e-03
  3.4744833e-02
  1.2061858e+00
  2.6227555e+00
  1.4986260e+00
  1.8313374e-01
  3.8796771e-02
  5.0209790e-02
  3.1207857e-01
  7.9145841e-02
  5.3726894e-01
  3.9704302e-03
  5.1120061e-01
 -2.7401092e-02
  5.1633453e-01
 -5.0400868e-02
  2.9366571e-01
 -1.6161923e-03
 -5.3209108e-01
 -1.0615679e-02
 -8.0706105e-02
  1.1861197e-03
  2.3595726e-01
  3.4451276e-02
 -3.4106791e-01
  4.4986501e-01
  8.6834049e-04
  5.4457774e-03
  6.4269966e-01
 -2.4124340e-03
 -1.0267377e-01
  1.5068952e-02
  5.0170324e-04
  4.4606011e-03
  1.0631945e-03
 -2.0677331e-03
  1.9723279e-02
  3.5150312e-03
  8.6158444e-04
  5.8436291e-03
 -2.9705986e-04
 -2.2870351e-03
 -3.1080656e-02
  1.1649522e-03
  9.8160072e-04
  9.2322123e-04
 -2.5032014e-03
 -3.8370350e-03
  2.0880975e-01
 -3.9760415e-03
  1.4880038e-02
  6.4998167e-04
  7.9634458e-01
  2.5341500e-04
 -5.4027963e-02
  4.1354867e-03
 -2.6639181e-03
  2.6741934e-03
  1.7980020e-03
  6.7783968e-04
 -2.7178362e-04
  1.5957488e-03
 -8.8897839e-02
  1.8559766e+00
 -4.1209483e-03
 -7.4919671e-02
 -5.3754910e-03
  2.4470344e-02
  6.3738623e-03
  3.3795394e-04
  1.5926642e-02
  9.6495391e-04
  2.9880750e-01
  2.3302186e-01
 -5.3154510e-02
  3.7118476e-02
 -1.9265473e-02
  2.2447377e-03
  1.2908635e-02
 -1.0195144e-03
  6.9713127e-04
 -3.7082720e-03
 -2.4021352e-03
 -6.2395644e-04
  1.7331304e-02
 -1.2991401e-02
 -1.7137695e-03
  4.3417760e-03
  8.0013461e-03
  2.7142739e-02
  1.1018571e-03
  6.1011773e-01
 -4.5621818e-01
 -7.2729222e-02
  1.8240085e-02
  4.6074390e-02
 -5.5678204e-02
 -8.8411778e-02
  8.2872927e-02
 -1.7461456e-01
  2.0954160e-02
  2.5270451e-03
  1.6243002e-01
 -7.5799394e-01
  1.4528767e-02
 -1.1019055e-03
 -6.5368752e-04
  1.0434401e-02
 -5.2955225e-02
  2.3447886e-01
 -4.4112334e-01
 -7.0549932e-04
 -1.4205142e-02
  3.0552134e-01
  1.6169441e-01
 -7.0673260e-03
  1.8178085e-02
 -1.8455612e-02
  2.6259036e-03
 -1.9282928e-03
 -1.7845791e-03
 -1.5190937e-01
 -4.8914072e-01
  3.5422912e-01
  2.5431320e-01
 -3.7644019e-03
 -9.4978284e-04
  1.3285199e-01
 -4.5581613e-02
  2.3374096e-03
 -1.7984746e-01
  7.3143085e-03
  1.5473855e-01
 -3.0610600e-01
  5.7542813e-03
  1.9619659e-02
 -2.1782347e-04
 -2.4806755e-03
  3.4218635e-02
 -4.8025906e-02
  2.2960804e-01
 -2.5573459e-03
  9.2140147e-03
 -7.5412385e-02
 -2.2642326e-01
  6.5498255e-02
 -1.0972352e-02
  3.1572918e-03
 -4.8752660e-03
 -6.2278169e-03
 -2.8836778e-03
 -9.8198012e-04
  8.3083371e-03
  2.1871456e-03
 -9.8290166e-04
 -1.3943656e-03
  2.6559646e-03
 -7.7739274e-03
  1.0563409e-03
  4.0196112e-04
  7.3830946e-03
  1.1237003e-03
 -4.3621887e-03
  1.5840312e-03
 -1.6317236e-03
  1.1343313e-03
 -1.1280041e-02
 -1.8233034e-03
 -2.2778365e-04
 -2.9117439e-03
 -3.5909819e-03
 -1.8454922e-02
 -4.1737305e-03
  5.1274667e-03
 -2.5698764e-03
 -7.4723699e-05
  3.1219420e-03
  5.8994786e-04
 -2.3375680e-03
 -2.6970997e-03
 -1.3812642e-03
  1.5237462e-04
 -1.6505254e-04
  1.4118992e-03
  4.5718730e-04
 -1.0841348e-03
  1.5488785e-03
  8.0000609e-03
  4.7710366e-04
  2.0361955e-03
  2.6265951e-03
 -1.8121455e-03
 -3.3841180e-04
 -1.6585890e-03
  1.2643258e-03
 -1.4176834e-02
  1.8888926e-03
 -9.2071760e-03
 -3.1894848e-03
 -1.6432658e-03
 -1.7212267e-03
 -6.2389561e-04
 -1.7533383e-03
 -8.2552218e-04
  1.4326257e-03
  6.5083532e-03
  1.9196384e-03
 -2.3736136e-03
 -1.5780350e-07
  9.0952497e-04
 -9.4700130e-03
  6.2825140e-03
  2.3994355e-01
  1.5043774e+00
  1.5411909e+00
  2.7216864e-01
  8.1582844e-01
  9.1048311e-03
 -7.9205239e-01
 -7.6319766e-01
 -5.1428176e-02
  1.5784033e-02
 -6.5754719e-02
 -8.9342731e-01
 -9.0842575e-01
 -1.0901903e-01
  1.0449253e-01
 -2.5972968e-02
  8.3571725e-02
 -3.1331390e-01
  2.3292577e-01
  4.1365447e-03
 -1.6322711e-03
 -5.1624471e-01
 -4.9816740e-01
  2.9090920e-01
  2.4838934e-03
  3.4858018e-01
 -4.0462925e-03
  7.6677962e-03
 -1.2512540e-02
 -1.7308382e-03
 -6.5118400e-03
 -3.0540153e-03
 -3.2533502e-04
 -3.8714337e-03
 -6.3168658e-03
  3.7922731e-03
  4.1346764e-03
 -3.1490042e-04
  2.1127206e-03
  2.8120782e-04
 -2.4366986e-03
  4.1741349e-02
  4.3794038e-03
  2.0043130e-03
 -3.0480942e-03
  6.8592485e-03
  4.3706028e-03
 -3.8028813e-03
 -3.3446171e-03
 -3.1425885e-03
  4.0724450e-03
  7.3027425e-04
 -1.3417823e-03
  1.0998996e-07
  1.0405033e-03
 -1.6372413e-03
  7.2134985e-03
 -1.0488211e-04
  5.3715510e-03
 -2.8009948e-03
  2.4608301e-03
 -1.9933325e-03
 -3.1473444e-04
  5.6101129e-05
  2.9347336e-02
 -5.0280611e-03
 -3.4323777e-04
 -1.1570600e-03
  2.9006710e-03
 -1.5663059e-03
  6.2827617e-03
 -5.2870838e-03
  1.1533980e-03
 -2.6877741e-03
  3.5105699e-03
 -3.7220615e-04
  3.4717955e-03
 -1.4519719e-03
 -2.6420094e-03
  1.0660577e-04
 -3.2971823e-03
 -8.1634326e-03
 -4.1601742e-03
 -4.2599430e-03
 -5.2912454e-03
  2.8436007e-03
 -1.3927189e-03
  3.4577106e-03
 -1.5066632e-03
  6.9792909e-03
 -4.5080069e-03
 -2.3343645e-03
  9.8068966e-04
 -2.1255375e-03
 -2.6838116e-03
 -4.1176833e-04
 -1.2456271e-02
 -3.6396403e-03
 -6.7535853e-03
 -4.0768734e-03
  1.1831744e-03
  8.7537020e-03
  1.2904679e-03
 -1.2232151e-03
  4.5097051e-03
  8.0156010e-03
  1.9222454e-03
  4.5604906e-03
  2.0762007e-03
  5.6501031e-03
  6.2609133e-03
 -2.0952788e-03
  7.0767375e-03
 -4.6769888e-03
  1.5108305e-03
 -8.8280076e-03
  1.4666296e-03
  3.5128503e-03
  1.6445144e-03
  3.2633753e-03
  3.5151609e-03
 -1.2925426e-03
 -2.6747262e-01
 -8.1803510e-03
  7.7830767e-03
 -2.8859081e-03
 -3.5727648e-03
 -1.5922453e-03
 -3.9520310e-03
 -6.5760636e-03
  2.1376929e-03
 -3.3200611e-03
  1.9634515e-04
 -2.4452913e-03
  4.5856247e-03
 -1.8074971e-01
 -2.1133590e-02
  9.7937090e-04
  3.1103114e-05
 -6.3614752e-03
 -1.1581365e-03
 -3.8965200e-03
 -1.4776246e-03
  4.9927323e-03
 -4.6589812e-03
  2.2010359e-03
  6.5776580e-03
 -4.5326655e-03
  6.5959352e-03
  3.6395395e-01
  2.3970531e-05
  5.9330575e-03
  8.4045130e-01
 -2.6193280e-03
 -2.4040812e-03
  7.7269488e-04
  2.8782743e-03
  3.9640162e-03
  3.7875041e-06
  4.3414640e-03
  2.5429230e-03
 -2.1313420e-03
  5.6873227e-04
 -7.8719994e-04
  1.1420469e-03
  1.6031301e-03
 -3.9625657e-03
 -2.1340796e-03
 -8.8916481e-02
  1.2359476e-03
 -1.7271276e-03
  3.8748104e-03
  6.5568194e-04
  4.4808793e-04
 -9.6193142e-04
  1.3939231e-03
  6.1030933e-05
  8.3521307e-03
  3.1481853e-03
 -1.2192541e-01
 -1.5218841e-01
  1.4414367e-01
 -1.4287861e-03
 -3.8294973e-05
 -2.4575508e-01
 -1.6181597e-03
 -2.4043061e-03
  6.1577296e-01
  2.5949713e-02
 -4.3398943e-02
  3.0761652e-02
 -1.8745455e-01
  8.9738685e-01
 -1.8890873e-01
 -1.3264997e-03
  8.0389977e-02
 -8.9762313e-03
  4.1004983e-01
 -1.9114141e-01
 -1.3575386e-03
  1.1324235e-02
  2.5407556e-01
  4.6264383e-01
 -4.0843397e-02
 -4.9099522e-03
 -2.4911240e-01
 -9.6121803e-04
  2.8516280e-03
  2.5089406e-03
  9.2133554e-03
  8.7813232e-03
 -3.6529650e-04
  2.2211047e-03
 -3.3757838e-03
 -8.0258921e-03
 -3.8417414e-04
  3.0154905e-03
 -8.3525740e-03
  4.5304006e-04
  2.9996119e-03
 -1.4778398e-04
 -3.5400209e-03
  2.5586563e-03
 -2.4199954e-03
  1.9316086e-01
 -4.0872530e-03
 -2.4328392e-04
 -2.1622591e-02
  2.2424133e-03
 -1.6819185e-03
  1.2580978e-04
 -2.1248735e-03
 -8.0199650e-04
 -7.6531856e-03
  5.7070679e-03
  7.1911328e-03
  5.4881028e-03
  6.6046589e-03
 -1.1051800e-02
  2.7736721e-03
 -2.6250877e-03
 -4.5981287e-05
 -3.7778846e-03
  5.5830472e-04
 -8.3054771e-04
 -3.7801606e-04
  2.1548539e-03
 -3.1953685e-02
 -6.2664383e-04
  2.9622088e-03
  2.9580391e-03
 -4.1750949e-03
 -5.9509592e-04
  5.1484141e-03
 -1.0794488e-02
  2.9006330e-03
  4.4646612e-03
  9.8092249e-04
 -2.5887878e-03
 -3.7125926e-03
 -9.1074165e-03
 -9.4152205e-03
 -3.2700252e-02
 -3.9346912e-03
  1.4204714e-03
  1.7157034e-03
  3.6190168e-03
 -6.8378012e-04
 -1.0198509e-04
  3.4332868e-01
  6.4009637e-01
 -2.6207304e-02
  2.5465092e-04
 -4.0356945e-03
 -1.0956138e-03
 -4.8477757e-03
  2.2247618e-02
 -1.0719192e-02
 -1.9556915e-03
  6.5380293e-03
 -1.7359726e-03
  9.9316565e-04
 -1.0629754e-03
 -4.2033434e-04
  4.9559665e-03
  5.1126028e-03
  8.6961403e-02
  8.1254784e-03
 -1.3010965e-03
  3.7269669e-03
  3.1279054e-04
  3.0680362e-03
  3.3026298e-03
 -3.1665209e-04
 -2.4125953e-03
  2.0968097e-03
  1.1301029e-02
 -5.2266787e-03
  7.9381443e-04
 -4.1321665e-03
 -1.3191678e-03
  2.9837405e-03
 -2.5414031e-03
  1.7760639e-03
  3.5870407e-04
  2.0485874e-03
  2.9069043e-03
  7.6218748e-05
  2.0538331e-03
  1.6029630e-03
  6.4566405e-04
  1.4460883e-03
 -1.4971894e-02
  1.1608199e-03
 -8.3416089e-04
 -1.0392660e-03
  8.3738482e-03
  1.6842377e-03
 -1.7181745e-03
 -4.1422211e-03
  7.9033501e-04
 -4.9219844e-03
 -8.5747233e-03
 -3.1317589e-03
  9.1433647e-04
 -1.2555406e-03
 -2.2316051e-03
  4.9263111e-04
  3.9169351e-03
 -4.7988960e-04
 -2.5854309e-04
 -1.5333745e-01
  1.8292291e-03
 -2.4483170e-04
 -3.3737295e-03
 -3.5868722e-04
  5.3848018e-04
  3.0335188e-03
 -2.1293843e-03
 -1.9794521e-03
  5.2328040e-03
  3.3826940e-03
  8.4281969e-04
  2.6772111e-03
 -2.6513792e-03
 -1.0667759e-03
  2.5663322e-03
  1.4858091e-02
 -4.7655290e-04
 -3.3527967e-03
 -1.1032034e-02
  9.7498028e-03
 -5.4429175e-04
 -2.1709059e-03
 -2.9281327e-03
  1.3163015e-03
  3.1774965e-05
  9.3465479e-04
 -1.8871190e-03
  5.6378287e-03
 -8.4574602e-04
 -1.8619582e-03
  6.8081875e-04
  3.9143325e-03
 -1.9784598e-03
 -3.4825713e-03
 -6.2019839e-03
 -4.9555860e-03
  1.0947593e-02
 -5.8417255e-03
  7.3448895e-03
 -5.0663087e-04
  7.0594084e-03
 -1.9392199e-03
 -1.8512658e-04
 -4.3368936e-03
  5.1182893e-04
  7.0228521e-03
 -1.8605891e-03
 -2.6897537e-03
 -1.2260630e-03
 -1.5796416e-03
  2.8246057e-03
 -6.7086569e-03
 -9.4674921e-05
 -3.9288858e-03
  2.3616632e-03
  1.2584089e-03
 -3.6668777e-03
  3.4539538e-05
  1.5496197e-02
 -4.5704978e-04
 -4.6737837e-03
 -1.4332468e-03
 -4.1608945e-03
  3.0996188e-04
 -8.1910342e-03
 -2.8900029e-03
 -4.6694698e-03
  5.9715123e-03
 -5.5520437e-03
  2.2423104e-03
  3.0418541e-03
 -5.7165738e-04
 -5.0952048e-03
 -4.9488721e-03
 -2.6831345e-03
 -1.9454943e-03
  1.1668924e-03
  1.4216494e-03
 -9.4464299e-04
 -1.1143974e-02
 -2.4458787e-03
  1.3600498e-03
 -8.3397573e-04
  5.2166311e-03
 -3.2852197e-03
 -8.2919421e-03
 -1.6618605e-03
  9.4040576e-03
  8.1895730e-03
  3.6000422e-01
  1.3752563e-03
 -2.3838966e-01
  2.7444533e-03
  1.7656380e-03
  3.1854555e-03
 -1.8698645e-03
 -4.9235779e-03
  1.8785454e-02
 -4.4511105e-03
 -4.9042009e-02
  2.6717214e-03
  6.1133928e-03
  1.2932695e-03
  3.2959569e-03
  1.5712131e-02
 -3.5686340e-02
  3.5784069e-01
 -1.1560764e-02
  3.0658341e-03
 -7.4454974e-03
 -7.1527012e-02
  2.2713935e-02
 -4.7234014e-02
  8.2702565e-05
  1.7701957e-03
 -4.1277828e-03
 -4.0212399e-03
  1.4867181e-03
 -2.8724007e-03
 -3.4134460e-04
  4.8382073e-03
 -5.4586988e-05
 -4.0087942e-03
  7.8598363e-04
 -2.3460637e-03
  6.8372913e-04
  3.8290275e-03
  2.6780818e-04
 -2.1517011e-03
  9.2829333e-04
  1.7180383e-03
 -2.2237855e-03
 -3.6463296e-04
 -9.0395118e-04
  6.3503144e-04
  1.2775173e-03
 -2.6624007e-03
 -9.9927830e-03
 -4.2659044e-03
 -2.9957918e-03
 -1.7300720e-03
 -5.6891302e-03
  4.7022626e-03
 -6.9283275e-04
 -3.9052560e-03
 -5.5501191e-03
  7.9552131e-03
 -7.2269770e-03
 -7.2613782e-03
 -5.7326844e-03
  1.0502703e-02
  3.3692671e-03
 -1.7181816e-02
 -2.8979141e-02
 -2.5657227e-03
 -8.6101256e-02
 -1.6226640e-04
  2.8958821e-03
  1.7076092e-02
  7.3582877e-04
 -7.2964694e-04
  2.6000736e-03
 -1.6864677e-03
  4.1722744e-03
  1.6209829e-03
  4.1654646e-02
 -8.7926760e-02
 -1.8041765e-03
  7.1874284e-03
  1.0574332e-02
  8.2473904e-03
 -5.8096126e-03
 -9.7675402e-05
 -1.7192556e-02
  1.2000499e-03
  9.3341048e-05
 -3.2091609e-03
  5.5762231e-01
  5.2129079e-02
 -5.4260055e-03
 -5.1481673e-03
 -2.9536415e-04
  9.6986495e-04
 -2.0494506e-04
 -5.6606168e-03
 -1.0684992e-03
 -1.6836004e-03
  1.0004668e-03
  5.7265298e-03
  4.2812616e-04
  1.6040588e-02
  3.3154869e-03
 -2.9818332e-04
  1.2523239e-03
  4.0638441e-04
 -9.1728021e-04
 -5.6190179e-03
  1.7436842e-03
  1.2202447e-03
 -1.1237793e-03
  5.2174074e-03
 -1.1860011e-02
  5.1897294e-03
 -1.6382840e-02
  5.3668632e-03
 -4.8670592e-03
 -3.4440074e-03
 -8.0814593e-02
 -4.4711889e-03
 -3.0350545e-01
  6.0905200e-01
  1.7240168e-01
  4.6032155e-01
  9.6374936e-03
  8.8059215e-04
 -2.8839614e-03
 -4.2448058e-03
  5.9434469e-04
  1.7212141e-04
  6.8048853e-03
  3.1739129e-03
  1.5166962e-04
  1.3541237e-02
  1.2455843e-01
 -5.5105850e-02
  2.0925993e-02
 -2.2047246e-01
  9.4180478e-04
 -1.8019272e-02
  4.7264308e-02
  3.6052238e-02
 -9.8733446e-03
  2.9612859e-03
 -1.0147621e-03
 -2.2835147e-03
 -3.9052651e-03
  1.0865084e+00
 -1.7326170e-03
 -4.9588741e-03
  1.0323063e-03
 -3.3305192e-03
 -2.7479413e-03
 -9.6923104e-03
  9.8238212e-05
  1.3362622e-04
  4.9957365e-04
  3.3820557e-04
  5.1277936e-03
 -3.7948443e-03
  3.9270623e-03
  9.5098472e-04
  2.8163404e-04
  6.0922187e-03
 -3.0284749e-05
 -6.7626741e-03
 -3.1045850e-04
 -1.4933947e-04
  1.0801760e-02
  1.8866870e-03
 -5.0725823e-04
  1.5726171e-03
  1.6340049e-02
 -1.0363272e-02
 -3.6424082e-03
  7.6854508e-03
 -6.8157683e-03
 -3.3861410e-03
 -4.8430103e-01
  5.0827540e-03
 -1.5687208e-01
 -1.5170243e+00
 -6.2556979e-03
  4.1868258e-03
 -7.7304405e-01
  8.3863083e-03
  1.1540020e-01
 -6.8756177e-05
 -3.7134853e-01
 -1.9389497e-03
 -1.2393184e-03
  8.8656563e-01
  3.6812772e-04
  4.3363664e-03
  2.3068640e-02
 -1.3268723e+00
  4.6561752e-03
 -4.5561999e-01
  1.6663917e-03
 -1.5807981e-03
 -7.7193306e-04
  1.6675334e+00
  7.8712180e-03
  1.2863556e+00
 -5.4276079e-01
 -8.4530367e-03
  5.4664083e-04
  2.1159872e-02
  8.6328906e-01
  4.6643284e-03
  1.2746732e-02
 -2.8500189e-03
  2.5979930e-03
  4.0902672e-03
 -7.4676961e-01
  1.2929640e-03
 -8.9197019e-03
  1.2725860e-02
 -3.2547356e-03
 -4.9215588e-03
 -1.6135190e-03
 -8.0597255e-04
 -3.0890882e-03
  4.7573638e-03
 -3.1907347e-03
  8.1764336e-04
  4.9734738e-01
  2.3413207e-03
  4.7692737e-01
 -2.8731415e-01
 -1.1477250e+00
 -1.1161183e+00
  1.0000273e+00
 -4.1195503e-03
 -1.4196539e-01
  2.6963890e-01
 -8.3571654e-03
  9.7451061e-03
 -1.2309885e-03
 -1.3916275e-03
  4.1118008e-03
  8.4212089e-01
  2.9757887e-01
  3.2987949e-02
  1.3025987e+00
 -9.3248796e-01
  1.9735883e-03
 -1.0937277e+00
 -4.4491690e-02
 -3.2903291e-03
 -7.6840103e-02
 -2.0374355e+00
 -3.3577171e-01
  6.4711052e-01
  9.4344103e-01
 -6.2211847e-01
 -3.2849896e-03
 -7.1250293e-03
 -9.1141808e-01
  2.2788288e-03
 -8.7081879e-02
 -8.3701853e-03
 -3.6398794e-03
 -2.0429889e-02
  1.2918732e+00
 -3.1549153e-03
 -4.8593516e-03
  3.1162328e-01
 -4.8245778e-03
  3.7468585e-01
 -3.0628524e-03
 -3.6976571e-04
 -5.4865742e-01
  1.0881967e-04
  4.2868882e-01
  3.7547283e-02
  5.3494191e-01
  1.7960163e-02
 -4.9129564e-01
  9.4978541e-01
 -1.9406922e+00
 -1.1187321e-01
  2.9492131e-01
  1.5716182e-02
 -2.2904067e-01
  3.3726621e-01
 -9.3336350e-01
  1.9002426e-01
  4.4483405e-02
 -1.7156712e-03
 -6.4308387e-01
 -2.4632214e-01
  8.1158496e-02
  2.6849919e-04
 -4.0085386e-03
  2.8203085e-01
 -1.3522831e+00
  5.0752997e-02
  4.1817743e-03
  1.8751201e-03
 -3.7034348e-01
 -2.3849787e-01
  4.4314701e-02
 -4.7131907e-03
 -3.8959399e-02
  3.0605413e-03
  5.7992760e-02
 -2.4524432e-01
 -1.0217137e+00
  1.4437696e-01
 -6.7944533e-01
  2.3947823e-01
  1.9860067e+00
  7.6894206e-04
  6.4389236e-02
  1.0663128e-02
  1.2095326e-03
 -1.7255558e-01
  2.7345506e-02
 -1.0298810e-02
 -4.8290974e-01
 -2.6783499e-01
  1.4519267e-02
  2.6402981e-03
 -3.3260405e-01
  2.4228632e-01
 -9.1655239e-02
  5.7387471e-01
 -2.3047518e-04
 -4.9299735e-04
 -3.2268384e-01
 -3.4072885e-01
 -1.9823132e-02
 -8.1035234e-03
 -3.3909298e-02
  5.4896893e-03
 -1.0345255e-04
 -1.8313903e-02
  1.4278953e+00
  1.2366431e-03
  3.4544764e-03
 -5.3555146e-03
 -3.3427172e-03
 -4.7143213e-03
 -2.1719864e-02
 -1.7754219e-03
  3.6661401e-03
  3.5308301e-03
  1.0389664e-03
  7.3038018e-04
  2.4303205e-03
  2.0599191e-03
 -7.3110852e-03
 -1.1574512e-03
  6.3898205e-03
 -2.5800487e-03
 -2.1351691e-04
 -3.6973734e-03
  5.9695169e-03
  2.8370658e-03
 -8.7719847e-04
 -3.8345665e-04
 -1.6912977e-04
  2.6238724e-03
  7.0716831e-04
 -5.1404093e-04
 -8.2014371e-03
 -1.7290615e-03
 -2.7135257e-03
 -4.7821805e-02
 -4.6358161e-04
  4.0838313e-01
 -1.9971970e-03
  1.2924346e-03
 -3.3490781e-03
  6.3644999e-05
  1.0313762e-03
 -3.6562756e-03
  1.3509806e-04
  5.5453745e-03
  1.5776424e-03
 -5.6054420e-04
  3.6234054e-04
 -6.0471403e-03
 -1.0550447e-03
 -9.8070735e-03
 -8.5313957e-05
 -7.4511804e-03
 -2.3684367e-03
 -1.8110098e-02
 -2.0397519e-04
 -1.6589310e-03
  2.3591006e-03
 -2.9001879e-03
 -1.5690378e-03
  4.3723543e-04
 -6.1126298e-04
 -2.8616784e-04
  4.4347611e-03
  8.3551189e-04
 -2.6981942e-03
 -5.4669887e-04
 -4.8264596e-03
 -1.8675006e-03
  3.4649060e-03
  2.3858598e-03
 -6.2290934e-04
 -3.0080165e-04
 -1.4611026e-03
  6.7187025e-04
  1.9506882e-03
 -5.8495812e-03
 -1.7871774e-03
 -3.8929627e-04
  1.2376589e-03
  1.0037393e-03
  2.4669152e-04
  1.8266941e-03
 -2.8754229e-04
 -1.3007858e-03
 -3.7287323e-06
 -2.3488014e-04
  2.7906446e-04
 -1.2584906e-03
  6.8830820e-03
 -4.8816926e-03
 -1.4688269e-03
 -2.9203387e-03
  9.7068008e-03
 -2.7744356e-03
  5.0361021e-03
  5.5873726e-04
 -5.8975000e-02
 -2.3594487e-03
 -2.8750038e-02
 -3.6832008e-03
  3.7425454e-04
 -1.5251227e-03
  1.5558775e-03
 -1.9261673e-03
 -3.8868454e-04
  4.3571397e-04
  3.0037479e-03
  9.9650788e-05
 -1.6606709e-03
  1.6932553e-03
 -6.6507459e-03
 -3.3791066e-04
  7.9241777e-03
  2.1394351e-03
  2.0587344e-03
  8.1934165e-03
  5.7778292e-04
 -1.3674324e-03
  5.8416184e-03
  4.6542813e-03
  2.7086074e-04
 -3.0689612e-03
  1.8011043e-02
  9.8157395e-04
 -3.6949498e-04
 -1.7354916e-03
  3.2158846e-03
  4.3811142e-03
 -9.1042370e-04
 -3.1333554e-03
 -1.4841890e-01
 -4.7666491e-03
 -7.5265933e-03
  2.4943054e-03
  8.5137486e-03
 -5.8579212e-01
  2.2967693e-03
 -6.6170242e-04
 -1.7165762e-03
  4.7479123e-03
 -1.9451650e-04
 -3.0605064e-03
 -4.4932254e-03
 -6.8533287e-04
 -3.0101638e-03
  6.2187336e-04
  8.6697092e-04
 -2.3300825e-03
  9.0986304e-04
 -1.7287083e-03
  1.5701830e-03
  9.3030296e-03
  7.0219225e-04
  1.5270256e-03
 -4.5905910e-03
 -1.9485243e-04
  2.6229748e-03
 -1.9450356e-03
 -4.0043955e-04
  7.1447174e-04
 -9.2568835e-03
 -3.5281414e-03
 -4.2882347e-03
  7.2737001e-03
 -2.6489152e-03
  6.5466100e-03
 -1.0394526e-03
 -1.8887845e-03
 -2.1344402e-03
  1.5216055e-03
 -2.9912975e-04
 -2.6977519e-03
  2.9153153e-04
  2.9691947e-03
  4.6078322e-04
 -1.3101692e-03
 -5.5335200e-04
 -3.8729000e-03
 -8.0411608e-04
 -4.1568028e-03
 -1.1915868e-03
 -3.1677845e-03
 -1.4437563e-03
  2.2158294e-03
 -5.1751179e-03
  1.2036880e-02
  2.0053612e-04
 -3.4764931e-03
 -7.2902776e-07
  3.8014576e-05
  2.8996482e-03
  5.4469868e-03
  7.7696180e-01
 -5.1202916e-04
 -1.4185542e-03
 -2.0303000e-03
  5.7480001e-01
 -1.4323901e-03
  1.7180937e-04
 -4.8491755e-03
  3.4136667e-03
 -2.1116608e-03
 -4.4019191e-04
  2.1301550e-03
 -4.3025939e-03
  6.9727562e-04
 -1.5581163e-03
 -1.8462545e-03
  4.6559775e-04
  1.1998048e-03
  4.0349606e-03
  1.4330115e-03
  9.0950328e-01
  5.1554600e-03
 -9.3257241e-02
  5.2823604e-04
  3.9108838e-03
 -4.9446453e-03
 -1.1278614e-02
  3.6780637e-02
  2.4094006e-02
 -8.1818458e-04
  3.8022196e-03
 -1.9148121e-02
 -3.6789905e-02
  4.9401879e-02
  8.4534218e-04
  5.9848805e-03
 -5.1709363e-04
  7.7092447e-03
 -3.3024999e-03
 -1.3784337e-03
  8.1163127e-04
 -6.6999714e-03
 -3.2573626e-03
 -4.8001975e-02
  7.8936741e-03
 -6.1774794e-03
 -7.7638362e-04
  8.3209630e-03
  4.1669380e-02
 -2.1897315e-03
  1.0290494e+00
 -2.8998151e-01
  2.2364120e-01
 -7.3469393e-02
 -1.0305601e-03
 -5.6834519e-03
 -5.8588414e-03
 -5.6840777e-03
 -9.4056777e-05
  1.4364669e-03
 -2.2995884e-03
  4.5050737e-02
  8.4452830e-02
  7.6078488e-03
 -5.9969299e-03
 -9.6286312e-03
  3.7192036e-03
 -1.0976421e-02
  1.5175635e-01
 -2.2692250e-03
 -1.1359128e-02
 -4.2810570e-02
  3.8335778e-02
  8.1710055e-02
 -1.0584585e-03
 -9.2668738e-04
 -4.8979936e-04
 -1.4435413e-03
  5.1169936e-03
  1.2795386e-03
  2.2865252e-03
  5.0269871e-04
  8.7757589e-04
 -3.3414480e-03
  6.1451234e-03
  5.7623684e-03
  2.8020728e-03
 -5.9935353e-03
  8.0290460e-04
 -5.9165090e-04
 -2.7986388e-03
  2.7492151e-03
  8.8343518e-03
  2.1003238e-03
  1.3228875e-03
 -5.0643855e-03
  1.2224291e-04
 -4.4124136e-03
 -2.6975467e-04
 -4.2368504e-03
 -4.1416786e-03
 -5.5227587e-03
  7.3603739e-04
  3.6963160e-04
 -7.4857502e-04
  1.3760851e-03
  1.0426684e-03
  1.4187440e-03
 -1.9047532e-04
  3.5773783e-03
 -5.5390671e-03
  1.5627033e-03
  4.9290643e-03
  1.3462114e-03
  1.1641132e-02
  1.1819704e-03
  6.6046353e-04
  3.1240012e-03
  2.4095722e-04
 -3.3856090e-03
 -1.0852664e-03
  8.5982139e-04
  1.3550771e-03
  1.4761254e-03
  4.5280312e-03
 -4.9827020e-03
 -6.5714368e-03
 -8.8275643e-03
 -2.8607582e-03
  3.5036523e-03
 -2.3615861e-04
  2.9906197e-03
 -4.3037310e-03
  4.8371558e-03
  1.2572778e-03
  3.7458870e-03
 -3.3096592e-03
 -4.1658250e-03
 -4.3241666e-03
 -1.0459106e-03
 -9.2303222e-03
  4.8568104e-03
 -8.6129010e-05
  4.0970955e-04
  3.3239396e-03
 -6.3450774e-04
 -1.2967034e-03
  8.1446441e-03
 -1.8323358e-03
 -1.3389983e-03
 -2.3745014e-03
  1.1181790e-04
 -6.3845324e-03
 -2.8474138e-03
  5.0673855e-04
  5.2773752e-03
  5.5537769e-04
  4.4595045e-03
 -8.2947426e-03
  2.8131255e-03
  3.1908702e-03
 -3.4396462e-03
  1.0463424e-03
  3.9787992e-04
  6.4886443e-04
  1.6489631e-03
 -2.5075697e-03
 -6.8448316e-03
  3.4036634e-03
 -6.1228249e-04
 -2.2081274e-03
  1.3560929e-03
  3.9272001e-03
 -1.9736643e-01
  3.7860840e-03
  4.1524746e-04
 -5.6469920e-03
 -7.5073778e-03
 -1.7598242e-02
  9.9501689e-05
 -3.6753403e-04
  2.8180701e-01
 -3.0228493e-03
  1.0725355e-03
  3.3597948e-03
 -9.5711231e-02
  8.8194560e-04
 -1.3664373e-02
  4.4125328e-03
 -6.4316508e-04
  5.5283203e-04
 -2.3840368e-03
 -3.0924536e-03
  6.1611045e-04
 -5.0592488e-03
 -1.0449728e-03
  1.6699163e-03
  1.1614091e-03
 -2.0964842e-03
 -2.0084477e-03
  1.6174563e-03
 -8.3817933e-03
  8.6391373e-03
 -2.7449373e-03
 -8.1089318e-05
 -3.4419401e-03
  6.5136165e-04
  3.7948778e-03
 -8.6021773e-04
  8.1019504e-03
 -1.0444892e-02
  3.3551389e-03
  1.2416531e-04
  1.2736567e-03
 -2.5002100e-03
 -1.2356275e-03
 -7.0447219e-03
 -4.1644606e-03
  1.3171755e-04
 -2.2044904e-03
 -6.9172564e-04
 -4.3885069e-04
 -2.1744892e-03
 -1.1412235e-03
 -2.5096594e-03
  2.6930496e-03
  2.3161585e-04
 -7.9712662e-04
 -1.1993160e-03
  2.7901733e-03
 -4.1717972e-04
  1.0929924e-02
 -7.5446750e-04
  4.1049044e-03
 -4.5386853e-04
  1.4014938e-03
 -1.6879498e-03
  3.7803515e-04
 -2.4941224e-03
 -7.2909733e-03
 -4.8506348e-03
  9.1433320e-03
  5.7108025e-04
 -7.9158740e-03
  2.7460408e-01
  1.0292560e-03
 -3.6261103e-05
 -2.0463557e-03
 -2.1781816e-04
 -7.7990274e-04
  1.1266290e-03
  1.8137578e-03
  6.4008860e-03
 -4.3667643e-04
  1.5039297e-03
 -9.9870027e-04
  3.0465543e-04
  1.8775948e-04
  3.7860213e-04
  1.3591790e-04
 -6.8592764e-03
 -2.4828441e-03
  3.8747517e-03
 -3.2271491e-03
  3.5171246e-04
 -7.2504156e-03
 -1.1760737e-03
 -1.1533756e-03
  5.6018112e-03
 -1.9974868e-04
 -1.1737291e-03
  1.3806132e-03
  1.4943916e-03
 -4.8572840e-03
 -5.6110364e-01
  3.3520740e-03
 -2.5908459e-02
 -2.3041142e-04
 -5.8587398e-03
 -2.9814602e-03
  2.4484599e-04
 -2.8167141e-03
  6.6023896e-04
  1.8307347e-03
 -7.1516255e-04
 -5.7529024e-04
  1.4703287e-04
  2.5974452e-03
 -3.1025201e-04
 -3.4219322e-03
 -1.3488186e-04
  1.3407244e-03
 -4.3673422e-03
  5.1965569e-03
 -1.0998256e-03
 -1.2041157e-02
 -4.8400126e-03
  2.2676233e-03
 -2.7543837e-03
  1.0679867e-03
 -6.5553510e-03
 -1.2245731e-03
  5.1596755e-04
  4.6406040e-04
  5.8601648e-03
  3.2284332e-03
 -2.0360048e-03
 -5.4322826e-03
  9.4239152e-04
 -2.1973816e-03
 -5.8604777e-04
  1.0923811e-03
 -7.6876595e-03
  1.0172330e-04
 -2.5065028e-04
  1.1804401e-03
 -3.2409274e-03
 -2.3606539e-04
  1.3438031e-03
 -7.3894007e-05
  3.0086842e-01
  2.0223409e-01
 -1.1655468e+00
  2.8814134e-01
  7.9535693e-04
 -6.1347056e-04
  2.6590787e-05
  9.5513643e-04
 -5.3030914e-03
 -5.5789761e-03
  2.0645196e-03
 -1.6360289e-01
 -9.3483552e-02
  1.2157277e-03
 -3.1075178e-02
  3.1612227e-03
 -9.4001065e-04
  3.1983713e-03
 -2.9236041e-02
 -4.0966604e-04
 -1.9360119e-03
  4.5537995e-03
 -1.4639938e-03
 -5.5183835e-02
  3.8041752e-02
  8.9025698e-06
  2.4281105e-03
  2.5066352e-03
  3.5746607e-03
 -9.8412782e-03
 -1.0746822e-03
  3.3439465e-03
  1.9014003e-03
 -1.5752790e-03
  2.9469393e-03
 -1.0726096e-03
 -2.6383302e-03
  4.3251314e-03
  3.3265827e-03
  3.0033933e-03
  1.0923358e-02
  5.6389226e-03
 -1.2387958e-03
 -1.7533785e-03
  2.0492885e-03
 -2.8265063e-03
  1.0265197e-03
 -1.8556357e-03
 -1.9105143e-03
 -8.8674836e-03
  8.3382735e-03
 -3.0595097e-03
  1.3729919e-03
 -1.7136950e-03
 -3.5824097e-04
  9.5173926e-04
  3.0636150e-04
  7.3614134e-04
 -2.8735176e-03
  3.2979986e-04
 -1.9176279e-01
 -5.5880588e-01
  4.3833056e-01
 -5.8230418e-01
 -6.4554922e-03
 -2.2294242e-03
 -4.9048152e-02
 -1.2733246e-01
  6.9968593e-03
  1.9422807e-01
 -5.7473116e-02
  2.3777466e-03
  2.3047753e-01
 -3.2460909e-02
 -1.9887399e-03
 -1.5724258e-02
  8.7861359e-02
 -9.6666828e-02
  2.2361506e-02
 -6.2936638e-03
  1.3451972e-03
 -5.0824571e-02
  5.5734005e-02
  1.8047149e-01
 -7.5590084e-03
  3.2318037e-03
  7.5222482e-03
  8.9938743e-03
 -5.1985835e-03
  1.4744398e-02
  1.3562413e-03
  8.9983586e-03
 -4.0137917e-03
 -3.0651863e-04
 -8.0946018e-05
  2.5590998e-03
 -4.3544942e-03
  1.7587073e-03
 -4.8978752e-03
 -9.1682683e-04
 -7.5650886e-02
 -5.6303372e-03
 -9.9731740e-03
 -3.8495520e-03
  1.0097621e-03
  6.5143909e-03
  2.3348883e-04
 -1.5337181e-03
 -2.8316481e-03
  2.3673193e-03
  1.5733258e-03
 -8.9273910e-04
 -2.3410618e-03
 -1.4628709e-04
 -1.8219901e-03
 -1.4000235e-03
 -4.6242704e-03
  3.0604028e-03
  1.0966255e-02
 -1.5353166e-03
 -2.9359004e-03
 -2.8515989e-03
  2.5576856e-03
 -1.8655139e-03
  3.7591092e-03
  1.0930746e-02
 -4.1685128e-03
 -4.6456783e-04
  5.7408595e-03
  2.8026162e-03
  1.7797233e-03
  7.1437949e-05
 -9.9426520e-04
 -7.4786594e-04
  5.0487714e-03
 -9.7932287e-05
  3.4859770e-03
 -6.2748307e-04
 -4.3349126e-03
 -4.2906585e-03
 -5.5561098e-03
 -5.5552268e-04
  8.2888501e-03
 -5.8873193e-03
  4.2489879e-03
 -1.7539483e-04
 -2.7508666e-03
  4.3316204e-03
 -5.1774626e-04
 -1.7373732e-03
 -2.6760346e-01
 -5.1366929e-03
  9.8212697e-03
 -6.1879526e-03
 -6.4174802e-04
  1.5277402e-03
  3.6261588e-02
 -3.5792828e-04
  1.3108827e-04
  2.9135800e-03
  1.4924085e-03
  4.5994264e-03
  3.4310557e-03
  2.3503806e-03
 -1.5022362e-03
 -8.2053157e-04
  1.1585400e-03
  2.6253196e-03
 -2.0317559e-03
 -1.5698486e-03
  7.1043186e-03
  1.8031026e-04
  9.5985001e-03
  4.5905034e-03
 -2.5475570e-03
  5.0058082e-04
  3.3008801e-03
 -1.1023728e-03
  1.6178496e-03
 -4.0270756e-03
 -1.3901733e-03
  3.0237620e-03
 -2.9399067e-03
  6.9797074e-04
  2.4871256e-03
 -1.4194731e-03
  1.4444051e-03
 -6.9575792e-04
 -9.1451528e-03
  2.1879936e-03
  1.1993418e-03
 -2.6646771e-03
  4.3406789e-04
 -3.2653676e-03
  1.1138971e-03
 -1.2267543e-03
  2.7652814e-03
 -8.1231603e-03
  4.0625962e-03
 -2.3552808e-03
  7.4329495e-04
  3.2592088e-03
  3.2829517e-03
  2.5092317e-02
  1.1661429e-03
  5.2418676e-03
 -3.4183254e-03
  9.1952458e-04
  6.1897459e-03
  1.0539251e-04
 -1.7071294e-02
  1.2247031e-01
 -1.2558379e-02
  1.4130216e-02
 -2.4270605e-01
  1.5577031e-03
 -4.8708665e-01
  5.9123430e-03
 -7.7791815e-04
 -1.6980992e-03
  1.4025805e-03
 -8.0947410e-03
 -3.4989666e-03
 -9.0196700e-04
  3.0805417e-03
  6.2575977e-04
 -4.1966308e-03
  1.6553530e-02
 -5.4862159e-03
 -3.4939370e-03
 -3.1858453e-05
  1.8378993e-03
  1.9624964e-03
 -1.2378936e-02
 -1.0905662e-02
 -5.2447314e-03
 -2.5771121e-03
  6.1214003e-03
  9.6658448e-04
 -1.4307691e-03
  2.2933749e-03
 -9.9512478e-03
  1.0047335e-03
 -1.6061420e-04
 -5.1721893e-03
 -3.1163646e-03
  4.2752093e-03
 -1.1058853e-03
 -1.0430363e-03
  7.1012735e-04
  1.3292874e-03
  1.0994163e-02
  8.0588851e-03
 -3.0886690e-04
 -8.1847429e-05
 -9.8524084e-03
  6.4821492e-05
 -2.1432242e-03
 -1.5438579e-03
  8.8904221e-03
 -6.2410289e-04
  8.9682853e-03
  1.1153722e-02
  6.8017229e-04
  1.7437938e-01
  1.1569607e-03
 -1.2477596e-03
 -2.0415040e-03
 -1.5929174e-03
  3.0126193e-04
  1.7336353e-04
  6.0876981e-05
  6.9944938e-03
  5.3782770e-03
  7.4017962e-04
  5.3228106e-04
  1.9407293e-03
  8.6144954e-03
  1.2333491e-03
  2.6404879e-03
 -3.0888102e-03
  1.8935000e-04
 -2.1420827e-03
  2.2241834e-03
  1.4777343e-04
  4.9373368e-03
  3.9805786e-04
  4.2267614e-03
  1.6424357e-03
 -5.7210196e-03
 -1.9919376e-03
  1.5856669e-03
 -2.1656386e-03
 -8.1320750e-03
 -1.0357757e-05
 -8.5106716e-05
 -9.8245619e-03
  6.9224648e-03
 -1.5692305e-03
 -5.5772751e-03
 -2.6899320e-01
 -1.2426045e+00
 -4.6953139e-01
  1.2852461e+00
  2.4441321e+00
  7.4836332e-03
  2.6967125e-02
 -8.4494270e-04
 -1.6532149e-03
 -1.4915349e-01
  1.0577554e-01
 -5.6314585e-04
 -4.4234249e-01
 -1.6126674e-01
 -1.8029977e-03
  2.1684696e-03
 -1.2311268e-01
  2.8307924e-01
 -3.2250300e-02
  3.7364617e-01
  4.8071863e-03
 -1.2347037e-04
 -1.8660179e-01
 -2.8907073e-01
 -1.6352160e-01
  1.6395712e-03
 -2.0216333e-03
  5.5891876e-03
  3.4196971e-03
  2.6878943e-03
  1.0706357e+00
  1.8694205e+00
  7.7485302e-03
  8.0479991e-01
 -1.5865341e+00
  2.9326659e-01
  1.2790373e-01
  4.8495743e-01
  4.2034379e-01
 -1.4779317e-01
  2.5086439e-01
  2.6050985e-01
 -7.2322178e-01
  4.8262438e-01
 -3.3804774e-04
  3.6607537e-01
  6.9925316e-02
  4.5433807e-01
  1.0257414e-02
  6.8545811e-02
  1.2377481e-02
  4.3091688e-01
 -1.4069779e-01
 -1.2650694e-01
  2.2455165e-01
 -5.5336724e-03
 -1.0013779e-02
 -3.0791617e-04
  1.7678725e-02
 -2.2719167e-01
  1.5498862e+00
 -1.8167801e-01
  5.7794666e-01
 -2.8992295e-01
 -3.9770149e-02
 -3.2575892e-03
 -1.6596217e-03
 -3.4519003e-03
 -2.7480405e-02
 -4.7259891e-04
 -2.0117019e-03
  2.2499661e-03
  5.9950450e-03
  4.2035459e-03
 -5.8182045e-03
 -1.0967114e-03
  1.5640462e-02
 -5.2029346e-03
  1.3236520e-02
  7.5241225e-04
  5.3063629e-04
 -1.4934971e-03
 -5.4125483e-03
  6.2739789e-02
  2.5094692e-03
 -1.0169057e-02
 -3.9681848e-03
  5.2949749e-03
 -7.9619262e-04
  3.2271591e-03
 -2.0893079e-01
 -5.7087833e-01
  1.0127380e+00
 -7.4011451e-01
  7.1330786e-02
  6.3372083e-02
 -7.0420206e-01
  6.7470694e-01
 -4.4221757e-03
  2.7963221e-01
  1.6809620e-01
 -5.2118683e-01
 -7.2868681e-01
 -2.2956850e-02
 -2.4766688e-01
  9.5698133e-02
 -6.9630051e-01
  4.4665197e-01
 -4.2162299e-01
  1.9751307e-01
 -6.9931801e-04
 -8.4069550e-02
 -4.5694426e-01
 -4.6971568e-01
  9.3874639e-01
 -9.8863803e-04
  3.2782368e-03
  1.4652224e-02
  1.3221042e-02
 -1.4938359e-01
 -1.4229453e-01
 -1.4596371e-01
  2.7995101e-01
 -4.4573498e-01
 -6.0337371e-01
  5.6432625e-03
 -1.4754117e-01
 -2.2898969e-01
 -1.2396680e-02
  7.6166250e-02
 -5.5759460e-02
  5.1518407e-02
  3.2944763e-01
 -2.9755612e-03
 -1.1286656e-03
  2.9975181e-03
  8.4605141e-05
 -2.0040484e-01
  1.7582992e-01
 -1.8555535e-01
 -2.2101768e-03
  1.5784149e-01
  5.1906314e-02
  1.2958498e-01
  5.3832764e-03
  5.6684166e-03
  7.7169517e-04
  1.1630987e-03
 -6.2003904e-03
  1.1255720e-01
 -1.8791376e-01
  1.4842321e-01
 -1.2730989e+00
  7.4394369e-01
  8.3509199e-03
  2.6546682e-03
 -3.3914742e-01
 -3.6412469e-04
 -1.9012576e-02
  2.9421267e-03
  1.2923363e-02
  4.5374772e-04
 -7.2395746e-03
 -4.0672491e-03
 -5.9970566e-03
 -1.2398480e-03
  2.1260986e-03
  7.6313778e-03
 -2.9354092e-02
  1.8759249e-03
  3.8156612e-03
 -8.1480881e-05
 -1.2553670e-02
 -9.4559647e-02
  1.4116156e-02
  8.8886153e-03
  2.6202828e-03
  5.5795233e-03
  1.1888060e-03
  6.5019034e-04
  5.8239182e-03
  4.9765096e-03
  2.6895991e-03
  5.4456183e-04
  8.5123681e-04
  6.3996384e-04
 -2.8019084e-03
  5.3193429e-03
 -5.8409292e-04
 -9.6782873e-04
  5.4006889e-03
 -3.7214665e-03
  5.9218369e-03
  4.5312280e-03
  2.0847758e-03
 -2.3496661e-03
 -1.1332274e-03
  4.8171068e-03
  3.8223125e-03
  1.5141043e-03
  2.3148898e-03
 -4.4075036e-03
  5.5697463e-03
  1.9057125e-03
 -2.1501198e-04
  1.8781450e-03
 -2.7283477e-03
 -6.0152478e-04
  2.1284295e-03
 -9.4980316e-04
 -8.9445180e-01
  4.2833939e-02
 -5.9156632e-01
  1.9800232e-01
  8.2169332e-02
  3.7175859e-03
  1.0644462e-03
  2.3686415e-02
 -5.1983795e-03
  2.1164017e-03
  2.4530874e-01
 -3.9240307e-01
 -1.0765336e-01
 -1.2717322e-02
  3.2534420e-03
  3.2277904e-03
 -9.5945954e-02
  3.9517086e-02
 -3.6346287e-02
 -1.9275524e-03
  1.4218751e-04
  6.2802983e-03
 -1.2918668e-02
 -6.8712071e-02
  6.9893538e-03
  6.7682113e-03
 -6.9338414e-03
  2.6416723e-03
 -8.1215514e-04
  4.1017419e-04
 -6.4591523e-03
  2.8561640e-03
  3.4108006e-03
 -6.6154293e-04
 -3.9219935e-03
 -1.4249445e-03
 -4.5246910e-03
 -2.2201007e-03
  4.0297405e-04
  5.6373435e-03
 -1.2161356e-03
  4.8750052e-03
 -4.0906011e-03
  1.9718015e-03
  1.4483815e-03
 -3.2767079e-05
  1.7528204e-03
  2.0357603e-03
 -1.7273708e-03
  9.8863686e-04
 -3.6596071e-03
  2.6378063e-03
  1.3334412e-03
 -6.4344830e-03
 -1.3487699e-03
 -2.8143728e-05
  7.2931865e-04
 -1.0435955e-02
  6.9518556e-04
 -2.2054728e-04
  6.2909489e-04
  1.0879129e-03
  8.7561668e-04
  2.8351205e-03
 -1.0269881e-04
  1.4521852e-03
  1.9056696e-03
 -4.0765095e-04
 -3.6319192e-03
 -1.6878229e-03
 -4.2097056e-03
  3.4323748e-04
 -6.7832633e-03
 -1.9146161e-03
  3.9152307e-03
 -2.3120930e-03
  1.4412719e-03
 -2.5603203e-03
  5.0036898e-03
 -2.6055402e-03
  2.5015178e-03
  5.1680468e-03
  3.6592266e-04
 -6.4664270e-04
 -4.6324930e-03
 -1.7083101e-03
  4.3015028e-03
  6.4132601e-01
 -3.4349503e-03
 -4.3437718e-03
  1.6041795e-03
  5.6693197e-04
  2.8961696e-04
 -9.4320746e-03
 -2.7199741e-03
 -1.8481950e-03
  5.9351535e-03
 -5.5186297e-03
  5.7231691e-03
 -5.0714351e-03
 -8.1727551e-03
 -1.3287675e-03
 -3.8250142e-03
  2.9331283e-03
  2.3744542e-03
 -6.8178208e-04
 -1.1283249e-03
 -2.2270156e-03
  1.3250159e-02
  4.8383223e-04
 -2.6157196e-03
 -1.2281566e-03
  5.7931039e-03
  4.9897642e-03
 -2.7056964e-04
 -5.2010496e-03
 -1.5125701e-03
 -1.5314715e-03
  1.5198723e-03
 -1.7156109e-03
 -2.4549747e+00
  8.9313000e-02
 -7.3067820e-01
 -3.5055879e-01
  1.0810585e+00
 -5.4099611e-03
  1.2360570e-01
 -5.9255672e-01
 -1.0226075e-01
  6.0596708e-02
 -4.1383475e-02
  3.4930899e-03
  4.1171230e-02
 -1.0262096e+00
  4.8101161e-02
 -1.3335596e-01
 -6.4244753e-01
 -6.9685508e-03
 -1.1406804e-01
  1.6493656e-01
  2.6388124e-03
 -5.4130645e-04
  2.9457686e-03
  6.3630487e-03
 -1.8272616e-01
  4.8154322e-03
  8.3577754e-03
 -3.6392754e-03
 -2.0925328e-02
  2.0034552e-02
 -5.5182967e-03
  1.0186443e-02
 -4.7944677e-03
 -6.6569995e-04
 -1.8731729e-03
  8.1513897e-03
 -8.0245454e-04
  4.7807119e-04
  9.6873066e-04
 -1.7754337e-03
 -3.9364938e-03
 -1.3146924e-03
 -3.9730910e-03
 -3.3642678e-03
  1.8960499e-03
  5.1052216e-04
 -1.8011954e-03
 -4.5796447e-03
 -4.9819136e-03
 -4.0519787e-03
  5.6414232e-03
  6.0645877e-03
 -8.0731814e-04
  8.4591303e-03
  2.6990559e-03
  1.2837473e-03
  6.5991997e-05
 -1.0719586e-02
  6.3159614e-04
  1.3516197e-04
 -1.4668849e-01
 -3.5889560e-01
  7.3997778e-01
 -5.6923175e-01
 -8.0583869e-03
 -6.9226506e-03
 -1.8847242e-01
 -1.8478138e-02
  2.2625888e-02
  1.4532037e-01
 -3.8201395e-02
  4.8811655e-02
  2.2164056e-01
 -7.4366696e-02
 -2.1264522e-04
 -3.8183518e-04
  4.9874480e-03
 -6.7048557e-02
  1.8781962e-02
 -4.9242228e-03
  3.1795453e-03
 -2.5214439e-03
  3.0779015e-02
  9.6590064e-02
 -1.2213284e-03
 -1.5371852e-03
  6.8584662e-03
 -3.5412815e-01
 -6.3377231e-02
  1.9566135e-02
  2.1392910e+00
 -1.1251898e+00
  1.0615137e+00
 -2.3478065e-01
 -1.4772323e+00
 -2.0075659e-03
 -8.7648094e-02
 -9.3133152e-03
 -4.9110281e-01
 -6.1028278e-03
 -9.9700864e-04
  1.2968948e-01
  2.6278734e-01
  3.5066277e-01
 -9.3449224e-03
  2.9683593e-03
  2.6461688e-01
 -2.9357290e-01
  3.0750440e-02
 -5.2338779e-01
  3.6926728e-03
  5.0661708e-03
  4.8123044e-01
  6.5513504e-01
  1.5029798e-01
 -1.6097148e-03
 -1.8130993e-03
  4.3110275e-03
 -5.9535005e-03
  6.0149082e-03
 -6.9288453e-03
 -1.0043567e-02
 -5.1833843e-03
  1.5900593e-03
 -2.7536014e-03
  1.2467930e-05
 -7.4390031e-02
 -2.1221509e-02
  4.2263065e-03
 -4.2628610e-04
 -5.5005006e-03
 -2.9407940e-03
 -2.8251004e-03
 -1.6192835e-03
 -6.0631977e-03
 -5.5317995e-03
  1.6897811e-03
 -3.8059714e-04
  2.4823502e-03
 -1.9343309e-03
  3.6994843e-03
  6.4526643e-03
 -8.8146166e-04
  8.5919742e-03
  8.0681853e-03
  3.4380142e-04
  2.1702183e-02
 -5.5563331e-01
  1.4388052e-04
  1.2038254e-02
 -3.7600400e-03
  9.7262561e-03
 -4.7851661e-03
  7.3736748e-03
  1.4089593e-01
 -2.3088488e-03
  3.4179423e-02
  3.0025996e-03
 -6.8403389e-03
 -5.0369907e-02
  2.0344155e-03
  2.3881761e-04
  7.5978794e-05
  4.2936476e-03
  4.2081368e-03
  1.2046472e-02
 -5.5846525e-03
  1.0853107e-03
 -1.5498386e-03
  6.6515738e-03
  1.6548101e-02
 -4.9335747e-03
 -4.9424451e-04
 -1.3984675e-03
  3.7618482e-03
 -2.6663656e-03
  6.6676391e-03
  4.1469089e-03
  4.5891590e-03
 -3.6527258e-03
  3.3803249e-03
  3.1353917e-04
 -7.4130163e-04
  6.5739418e-04
 -2.8095623e-05
 -3.5475244e-04
  2.3074572e-03
 -7.5235404e-04
  5.7939015e-04
  7.3862402e-04
  3.0326378e-04
 -3.7942920e-03
  3.0110637e-04
  7.9985186e-03
 -4.0295522e-04
 -4.5046108e-04
 -5.7299658e-05
 -3.0945940e-03
  1.5966332e-03
  2.2973688e-03
  1.0959612e-03
 -1.4770092e-04
 -6.5110563e-03
 -1.2710309e-03
  2.3545860e-03
  4.7012065e-03
 -2.2319737e-03
 -3.2010576e-04
 -2.1337047e-03
 -3.4603495e-03
  4.5605094e-04
 -2.4689962e-03
 -3.4837290e-03
 -4.8882258e-03
 -1.8950641e-03
  1.3639950e-03
  3.0745563e-04
  2.2594971e-03
  1.2879067e-03
  2.4536687e-03
  6.9818896e-05
  3.4913491e-03
  5.2766055e-03
  4.2760433e-04
  8.1258058e-04
  2.1330340e-04
 -2.5184518e-03
 -4.8387804e-04
  5.4163346e-03
  3.7263369e-03
  2.1101173e-03
  7.9964241e-03
 -1.3338635e-04
 -2.3328471e-03
 -4.8980350e-04
  6.8973447e-03
 -3.9077634e-03
  1.9647845e-03
 -4.4572740e-03
  4.4656172e-03
  1.9614941e-03
  3.3710247e-03
 -4.1222436e-04
  5.5540266e-04
 -5.5387118e-03
 -3.5033599e-03
 -1.4829116e-03
 -1.0985931e-01
 -2.2169577e-03
 -4.0432517e-03
  2.5035976e-03
 -1.7485797e-03
 -1.8434299e-03
  4.5794267e-03
 -1.0933653e-03
  1.7441525e-04
  7.0885442e-05
  3.3683833e-03
  3.0740906e-04
 -3.0514314e-03
 -3.1332439e-03
 -1.9291941e-03
  1.7346525e-05
 -2.1149858e-03
  1.1928619e-03
 -4.3819565e-03
  1.0852534e-03
  6.3034440e-03
 -5.6347335e-03
 -5.0574327e-03
 -5.1582867e-04
 -7.3770090e-04
  4.0846181e-04
  6.5562426e-04
 -2.6853096e-03
 -6.4921845e-03
  7.5210663e-03
  3.2071499e-03
 -4.6353927e-03
 -6.1608938e-04
  2.6449596e-03
 -1.5402869e-03
  4.1180979e-03
  1.1899963e-03
  1.1164174e-04
 -6.4711570e-04
  7.9428824e-03
  8.0052540e-03
 -9.7833259e-04
 -1.8075147e-03
 -9.3114102e-04
 -5.3808262e-04
 -2.6683700e-03
 -3.0953539e-04
  9.0313889e-03
 -3.0139815e-03
  9.9991439e-03
  2.0234137e-04
 -9.6746506e-03
  1.4000573e-03
 -7.1418577e-01
 -1.1907012e+00
  8.4784883e-01
 -5.7982284e-01
  9.3946969e-03
  9.6872199e-04
 -7.2814198e-04
  6.3997740e-03
 -2.7299748e-04
 -2.3322532e-01
  1.0272930e+00
  1.0182150e-03
  2.3826123e-03
 -2.3291758e-03
 -1.2656897e-03
 -6.1902362e-01
 -1.4549326e-02
  5.5008028e-03
 -4.5046094e-03
  1.3998082e-01
  3.5298811e-03
  1.2189663e-03
 -1.4048571e-03
  1.1620736e-03
  1.0577979e-01
  8.9255819e-04
  5.0672959e-03
  1.0145680e-03
 -5.2153924e-03
 -1.2848279e+00
 -1.8216435e-02
  1.2028998e+00
  9.0654027e-01
  1.6882859e-01
 -4.7236389e-01
  4.6778530e-01
 -8.8381982e-01
 -6.3518286e-03
 -6.9321838e-04
 -5.2009006e-03
 -1.5310384e-01
 -6.1239456e-03
 -1.3369501e-03
  1.6329190e+00
 -2.8752005e-03
  1.2524341e-03
  3.6517337e-01
  1.9861928e-03
 -1.5294789e-02
  1.0640426e-02
 -1.6066173e+00
 -1.2311238e+00
  2.6201412e-01
  3.7557980e-01
 -2.1498918e-03
  1.9733870e-01
  1.6212067e-01
 -7.8897848e-04
 -8.1097610e-02
 -9.6558958e-01
  8.0025965e-01
  1.9953078e-01
 -5.0161651e-04
 -5.1594921e-03
  1.6328901e-01
  7.6866649e-02
  2.2719962e-04
  3.1827528e-03
 -1.0855777e-02
 -7.1006584e-01
  1.4500595e-03
  1.0523058e+00
 -3.3613244e-01
 -1.1514613e-02
  3.0817482e-01
  4.2534615e-03
 -3.6603412e-01
  3.4052646e-01
 -5.1996449e-04
 -1.2687292e+00
 -1.7983739e+00
  5.7051158e-01
 -2.2424448e+00
  1.1285801e+00
 -5.8454472e-01
  4.5542407e-04
 -8.2594633e-01
 -9.5934240e-04
  5.3768558e-04
 -8.2280822e-03
  1.8672475e+00
 -3.2402542e-03
  1.0462571e+00
  1.0785996e+00
  1.5581711e-01
 -4.9150482e-01
 -3.4284319e-03
 -6.0275226e-05
 -2.4533973e-03
  3.0845236e-03
  2.2161841e-01
  4.1971433e-01
  1.6964942e-01
 -1.7814507e-01
  2.3560148e-01
  3.6224312e-01
  1.0373114e-01
  2.1383748e+00
  4.1594353e-04
 -7.5430924e-01
 -1.3823272e+00
 -2.4145398e+00
  1.5424521e+00
  5.9847647e-01
 -8.6529917e-01
  4.3496543e-01
  6.6130340e-01
  1.3366423e+00
  7.1858984e-01
  1.4112638e+00
  2.7602255e-01
  1.7894648e-01
  2.7803087e-01
 -5.9381920e-01
  9.1730729e-03
 -1.0992194e+00
 -5.1056629e-04
  6.5044510e-01
  4.4039318e-01
 -3.7083328e-01
 -5.4313684e-01
  1.2527437e+00
 -2.5477722e-01
 -1.5310156e+00
  4.7041780e-01
  2.8686810e-01
 -8.6437804e-01
  9.5369583e-01
 -6.6536558e-01
  7.3154412e-02
 -7.4218774e-01
  1.0361665e-02
 -5.1255000e-01
 -6.8677947e-02
 -1.6804546e+00
 -1.1639692e+00
  5.7496828e-01
  1.3429998e+00
  2.5049388e-01
  6.2448156e-01
  1.2699493e+00
 -1.0665905e+00
 -6.8067181e-01
  6.8814790e-01
 -2.1054263e+00
  5.6499600e-01
 -8.9121777e-01
  4.1283265e-01
  1.5860890e-01
 -1.9182563e+00
  2.8733121e-02
  7.9236664e-02
  7.2728418e-02
  7.7651903e-02
 -1.8329352e-01
  1.4488138e+00
 -1.3619913e+00
  1.2479739e+00
 -4.4856942e-01
 -2.5936240e-01
 -6.7265248e-01
  1.5367327e+00
 -3.7705562e-01
 -1.6771032e-01
  8.0741864e-01
  5.9278619e-01
  4.4640988e-01
 -1.4323375e+00
  4.6633321e-01
  1.3083723e+00
  2.1362081e-03
  1.2341336e+00
 -3.4192714e-01
 -1.8889390e-01
 -1.6034895e+00
  1.7871025e-01
  9.4987726e-01
  3.3272848e-01
 -1.0692078e+00
 -1.8319443e+00
 -8.9817643e-01
  8.5904723e-01
  6.6143021e-02
 -1.0470235e+00
 -1.3250320e+00
  8.7620509e-01
 -1.7890610e-01
  9.2170328e-01
  2.8502548e-01
  6.9049621e-01
  2.4682418e-01
  1.0524634e+00
  1.3650872e+00
 -6.9675857e-01
 -3.4854302e-01
 -2.9224828e-01
  3.1195879e-01
  4.7153088e-01
 -3.8816568e-01
  5.4728079e-01
  1.1977443e+00
 -1.5449846e+00
  1.0937409e+00
 -8.8176079e-04
 -2.3009321e-01
 -1.2488669e-02
 -8.4080175e-03
 -6.5457039e-03
  3.6365047e-01
 -9.3944037e-01
  7.4288761e-03
 -1.1728497e+00
  1.6644925e-03
 -3.5608754e-02
  1.8631819e+00
  2.1684930e-01
 -2.1915486e+00
 -4.6470493e-01
 -8.1810004e-01
  8.0636072e-01
 -1.7407384e+00
 -7.0045036e-01
  6.8537635e-01
 -1.7739244e-01
  4.5004848e-01
 -7.0456052e-01
 -3.2684857e-01
 -1.5207835e+00
  1.1363430e+00
 -3.0810747e-01
  3.3555485e-02
  4.2972231e-01
  1.9539332e-01
  8.1593502e-01
 -1.3647649e+00
  9.8424572e-01
 -4.2740649e-01
  3.5797715e-01
 -1.8614830e-01
  1.5870212e-02
 -3.1457886e-01
 -1.1121198e+00
  3.3744803e-01
  7.1066368e-01
  1.0159680e+00
  1.6783316e+00
 -2.4350828e-01
 -8.4999251e-01
 -4.7086757e-02
 -5.7248831e-01
  1.9376698e+00
  3.8255954e-01
 -1.0352919e+00
 -1.7131798e+00
  3.1668219e-01
  4.5349595e-01
  1.5540242e+00
 -6.9710083e-02
  2.6873088e-01
  1.4443833e+00
  6.0023797e-01
  3.6192268e-01
  9.3451190e-01
  1.0103035e+00
 -1.6035331e+00
 -1.1220522e+00
  5.0555557e-01
  6.4894491e-01
 -9.2097157e-01
 -3.9131391e-01
  6.5216982e-01
  6.7606759e-01
 -4.5366049e-01
  5.8362179e-02
  7.8447275e-03
 -1.7629932e-03
 -2.3462332e-03
 -2.3987032e-03
 -7.2516175e-03
  1.8894641e-01
 -6.3540548e-01
  4.2958786e-03
  4.9514351e-03
  9.7030789e-02
 -1.0464965e+00
  7.8743316e-02
 -5.8881580e-03
  5.8933403e-02
 -2.2101453e-01
 -5.6502764e-04
  8.6040907e-03
 -5.3852654e-01
  1.0151517e-01
  6.2453911e-02
 -4.6793331e-04
  7.4569844e-02
 -1.5377493e+00
 -2.5216502e-01
  1.1617529e-02
  8.2995850e-01
  6.8449968e-01
  1.4154573e-01
 -2.4373378e-03
  3.7068710e-01
  1.6603527e+00
 -9.2859137e-01
  2.6066899e-03
 -2.6365703e-02
  1.8924146e+00
 -7.1224439e-01
 -2.6077848e-02
  6.7101782e-03
  2.1361972e-03
 -1.3038643e-01
  2.3692148e-03
 -2.6477423e-01
 -2.2360495e-01
 -1.5586811e-01
 -5.6160901e-02
  1.5865092e-01
 -7.0281881e-01
  1.9362353e-01
  5.5979337e-03
 -4.8491299e-01
 -5.8733841e-04
  3.6748809e-01
 -2.9541674e-01
  9.4643697e-02
 -5.3512743e-03
 -7.5973403e-01
  1.1140402e-01
 -1.3384740e-03
  4.9336961e-01
 -1.3620384e+00
 -3.2737243e-01
 -1.1410581e-01
 -1.4152851e+00
 -1.8118089e-01
 -4.2627292e-04
  2.2323591e-01
  7.4687338e-01
 -2.9540595e-01
 -1.8528689e-01
 -2.9242586e-03
  5.1683944e-04
 -8.5055895e-02
 -6.6247004e-01
 -3.8291963e-03
 -1.4919066e+00
 -9.5376688e-01
 -6.1844927e-03
 -3.4434882e-01
 -1.1515368e+00
  1.1913218e+00
 -6.9764555e-01
  1.6373821e-02
 -8.2096374e-01
  2.0564539e-02
  1.2469697e-03
 -5.0197922e-02
  1.0032497e-01
  3.5964060e+00
 -6.2153089e-01
 -1.1227118e+00
  5.4162043e-01
  6.9927227e-01
 -2.9073758e-03
 -5.3062004e-01
 -1.0488448e+00
 -2.3955284e-01
 -5.6548840e-01
  2.9038033e-01
 -5.1931345e-01
 -6.0792792e-01
 -2.2785766e-03
  2.6372176e-01
 -9.7100073e-01
  2.3958589e-01
 -6.9249624e-01
  8.9356638e-02
 -9.0175502e-02
  1.6042250e+00
 -1.3366706e+00
  3.9689593e-02
  1.2813298e-02
  1.6857822e-01
 -2.3424351e-03
 -1.9462954e-01
  8.8908100e-01
  2.6718092e-01
 -9.3963301e-01
 -9.9443406e-01
  8.6548662e-01
 -4.2779088e-01
 -3.8498461e-01
  3.8803992e-01
  3.3923641e-01
 -2.6235861e-01
 -2.9202095e-01
 -1.8480286e-01
 -5.8135223e-01
  5.5519956e-01
 -8.7174505e-01
 -1.5930804e+00
  1.6400205e+00
  1.0719163e+00
 -1.0612626e-01
 -7.2492075e-01
 -1.2348918e+00
  1.5525962e-01
 -6.5561736e-01
 -1.5562093e-01
 -6.1206017e-02
 -4.9123237e-01
 -7.6721627e-01
 -2.0770015e-01
  1.0703002e+00
 -6.0422826e-01
  3.9112242e-03
  1.0230442e-03
  2.8030703e-02
 -8.6765895e-03
  7.6237397e-04
 -1.7838287e-01
  9.9099171e-01
 -9.0157175e-01
 -3.5165516e-03
  7.9530455e-02
 -8.8409513e-01
  1.3462029e+00
 -3.4760970e-03
 -5.7003355e-01
  2.0792669e-01
 -2.0307603e+00
  9.6177384e-03
 -5.9479010e-01
  1.9491467e-01
  3.6863536e-01
  1.1001524e-03
 -1.4101012e-01
  8.8951313e-01
 -3.5203031e-01
  2.9584661e-04
 -3.8579095e-02
  7.4479491e-01
 -1.8304746e+00
  1.2597068e-02
  1.3116170e-01
  3.2920000e-01
 -1.1815577e+00
 -1.8526273e-02
  2.7734071e-02
  2.7734071e-02
  2.7734071e-02
  2.7734071e-02
  2.7734071e-02
  4.5671934e-01
  4.5671934e-01
  4.5671934e-01
  4.5671934e-01
  4.5671934e-01
  3.2051027e-01
  3.2051027e-01
  3.2051027e-01
  3.2051027e-01
  3.2051027e-01
  7.1556397e-02
  7.1556397e-02
  7.1556397e-02
  7.1556397e-02
  7.1556397e-02
  3.7431113e-02
  3.7431113e-02
  3.7431113e-02
  3.7431113e-02
  3.7431113e-02
  5.2305448e-01
  5.2305448e-01
  5.2305448e-01
  5.2305448e-01
  5.2305448e-01
