nep4_zbl 2 Mg Bi 
zbl 0.75 1.5
cutoff 6 5 52 31
n_max 4 4
basis_size 10 10
l_max 4 2 0
ANN 80 0
 -1.8273589e-01
  2.1864161e-01
 -1.5645372e-02
 -3.0061609e-01
 -5.9943062e-01
  1.4844455e-01
  4.6806234e-01
 -3.2356852e-01
  5.7629836e-01
 -2.9393388e-02
  1.2375191e+00
  1.0078136e+00
 -2.6953003e-01
 -5.2154604e-02
  2.8021893e-01
  6.0916734e-01
 -1.0295419e-01
 -2.9843798e-01
  1.0586845e-01
 -8.3997488e-01
 -7.6465301e-02
  1.3999623e-01
 -2.0784822e-01
 -1.3260691e-01
  1.1332911e-01
  6.9287270e-01
 -6.3227311e-02
 -5.2477747e-01
 -1.6891451e-01
 -1.6986785e-02
  1.3045864e+00
  8.1991661e-01
 -9.5994014e-01
  6.2965977e-01
  9.4981331e-01
 -7.9629683e-01
 -8.7327605e-01
 -7.6983094e-01
  1.0913016e+00
 -1.5330294e+00
  2.9308751e-01
 -4.6771419e-01
  7.9670274e-01
 -6.8678141e-01
 -1.1425445e+00
 -7.2679192e-01
 -4.7965565e-01
 -1.0748806e+00
 -1.8901195e-01
 -1.1280593e+00
 -1.4662373e+00
 -1.4974461e-01
 -2.4985911e-01
 -7.4628729e-01
 -3.4371996e-01
  3.0397645e-01
 -1.9051351e-02
  4.1682968e-01
 -6.0055590e-01
  3.3558613e-01
  5.0086147e-01
 -8.9390761e-01
  1.8830528e+00
 -4.3616393e-01
 -1.9939790e+00
  1.0533177e+00
  2.8633192e-01
  1.7590058e-01
 -2.1225710e+00
  1.0026851e-01
  7.4613488e-01
  4.7581479e-01
  3.9003730e-02
  6.3349552e-02
 -3.6835577e-02
 -1.9358593e-01
  4.4726834e-01
  2.6246405e-01
 -1.4053594e+00
  2.5310543e+00
  2.7235422e-01
 -4.8921902e-02
  2.8389454e-02
 -3.5354152e-01
  4.4362244e-01
 -5.0229564e-02
 -4.4753644e-01
 -8.5962653e-02
  1.1355430e-01
 -7.9404581e-01
  1.8452868e-01
 -1.7985830e-01
 -4.1793117e-01
  2.7778021e-01
 -2.2465919e-01
 -4.2765457e-02
 -2.9426226e-01
  1.7918775e+00
  2.0024457e-03
 -1.3954586e+00
 -2.8622139e-01
 -1.4030333e-01
 -3.2315737e-01
 -3.3505276e-01
 -1.3501019e+00
  1.2599087e+00
  1.3758901e-01
  3.4704357e-01
 -2.7930421e-01
  2.0815223e-01
 -9.3509249e-02
 -1.4511643e-01
 -6.0280818e-01
  2.3982559e-01
  6.1321062e-01
  2.0914517e-01
  6.0539472e-01
 -1.1661053e-01
  6.5711707e-01
  2.6750657e-01
  2.4358983e-01
 -5.0066596e-01
 -2.6683810e+00
  8.8682956e-01
  2.4787793e+00
  3.8094315e-01
 -5.3645134e-01
 -1.9164011e-02
 -9.8355740e-02
 -1.3096714e+00
  3.6096278e-01
  6.6416252e-01
  9.0951937e-01
  6.2364483e-01
 -6.6128641e-01
 -3.7539837e-01
 -1.0221143e-01
  9.4638574e-01
  4.7456169e-01
 -3.1865576e-01
 -4.2143443e-01
 -8.6388826e-02
  7.6233763e-01
 -5.7497573e-01
  7.8302491e-01
 -9.1876589e-02
 -3.8981724e-01
 -1.2204418e-01
 -3.6730030e-01
  9.7447723e-01
 -1.5482420e+00
 -9.3891817e-01
 -2.4336817e+00
 -1.9062978e+00
 -1.4294064e+00
  1.0747305e+00
  4.2614391e-01
  2.1671152e-02
  1.0540088e-01
 -7.6210117e-01
  1.3394189e+00
  6.5603775e-01
 -1.1878108e+00
 -3.2977122e-01
  4.1563267e-01
 -5.9248340e-01
  3.5890967e-01
 -2.0465851e+00
  3.1612909e-01
  8.6529918e-02
 -8.8445771e-01
  2.4243680e-01
 -1.0041358e-01
 -4.0979791e-01
  5.7239878e-01
  3.7294036e-01
 -1.4835253e-01
  2.1197367e-01
  1.6237998e-01
 -4.2039311e-01
  5.9915435e-01
  1.6691948e+00
  9.5962572e-01
 -1.9059998e+00
 -3.6802046e-02
 -7.6137817e-01
 -4.0998361e-01
 -1.2432129e+00
 -6.1144453e-01
 -2.6594254e-01
 -3.2983986e-01
 -3.6830029e-01
 -1.0038093e+00
 -5.5582249e-01
  4.6218789e-01
 -1.7398682e-01
 -5.1355338e-01
  2.0050682e-01
  1.4946683e-01
 -5.8669608e-02
 -1.7720944e-01
 -3.6264498e-02
 -8.3335894e-01
  5.2703470e-01
  1.3046399e-01
 -1.6397854e-02
 -3.1626362e-01
  1.1015955e-01
  4.9670947e-01
  2.5893253e-01
 -1.2247323e-01
 -3.2940114e-01
  6.0267080e-02
 -1.9063158e+00
  5.1954675e-01
 -2.6056117e-01
 -5.3764570e-01
 -1.1313436e-01
 -4.2368746e-01
  1.1459796e-01
 -1.2699512e-01
 -2.9906401e-01
  1.7331788e-01
  2.7750450e-01
 -3.6445445e-01
 -5.5507153e-01
 -4.6412337e-01
  4.5125645e-01
 -2.0187359e+00
 -1.0593443e-01
  1.0268966e-01
 -4.7006708e-01
  1.5471089e-01
 -4.5008624e-01
 -4.1491470e-01
  7.8377545e-02
  4.1197520e-03
  1.6226618e-01
  3.0504471e-01
 -6.1377066e-01
 -5.8821246e-02
  4.6794114e-01
  1.5157378e-01
  2.2865200e+00
  1.1211424e+00
  6.9814104e-01
 -5.2530450e-01
  4.0753549e-01
 -5.9562498e-01
  6.1912841e-01
 -8.7054098e-01
  2.2114086e-01
 -1.8723002e-01
  3.5350761e-01
  2.3302720e+00
 -2.4566801e-01
 -2.2322018e-02
  1.3495161e-01
 -3.4436288e-01
  4.2581564e-01
 -1.3268441e+00
 -1.5449414e-01
  6.7942296e-03
 -1.2098473e-01
  2.1883345e-01
 -1.2562266e-01
  9.3218839e-01
 -5.9443575e-01
 -1.3340292e+00
  1.2282123e-01
  6.7451075e-02
 -1.9656063e+00
  7.1977876e-02
 -2.9608631e-01
  5.8415294e-01
  2.4170463e-01
 -6.0376531e-01
 -1.4171907e+00
  1.3528126e+00
 -3.2105660e+00
 -2.1188769e-01
  3.4382984e-01
  3.4443494e-02
 -1.7985095e-01
 -9.8815598e-02
  6.8333018e-01
  1.4238158e-01
  1.3355004e-02
 -3.0305821e-01
  7.8635359e-01
 -1.7256032e-01
  3.2667968e-01
 -1.1079630e-03
 -3.7375152e-01
  4.8654959e-01
 -5.8317769e-01
 -9.1783047e-02
  4.7406074e-02
  9.5394310e-03
  2.3512474e-01
 -1.9321432e-02
  1.0614849e+00
  2.5464058e+00
  4.7407129e-01
 -3.1751010e-01
  8.5760188e-01
 -1.5128016e+00
  2.3949273e-01
  3.3097792e-01
  1.3598093e-01
  5.6304866e-01
 -1.0259073e-01
  1.5622854e-01
 -1.1121254e+00
  9.0965724e-01
 -8.1834398e-02
  8.1487790e-02
 -3.5879442e-01
  9.7292356e-02
  4.0048894e-01
  6.2537634e-01
 -1.5257697e-01
 -6.0232377e-01
 -3.7006953e-01
 -5.1966792e-01
 -1.3864702e+00
  2.4648345e-01
 -4.3581888e-01
 -2.1296890e-01
 -1.0846163e-01
  2.7669296e-01
  6.4938843e-01
 -7.7953410e-01
 -1.0207190e-01
 -6.0036600e-01
  1.2414922e-03
 -7.2794753e-01
 -4.1859138e-01
 -4.5235027e-02
  1.4021607e-01
 -4.6943459e-01
 -3.3155528e-01
 -8.7746784e-02
 -6.2105978e-01
  1.1958128e-01
 -2.8949162e-01
  4.8483253e-01
 -5.4727840e-01
  3.1944507e-01
  3.4367982e-01
 -6.6580780e-02
  5.9987879e-01
  4.6608466e-01
 -3.9870471e-01
  4.1929355e-01
  1.3562326e-01
  5.0658625e-01
  4.4007841e-01
 -2.3277180e+00
 -5.1625597e-01
  2.6399955e-01
  3.0654123e-01
  6.4930558e-01
 -5.6638002e-01
  8.1288916e-01
 -4.3173328e-01
 -2.5971159e-01
  8.6725974e-01
  2.4836460e-01
 -1.8134153e-01
 -9.6037996e-01
  9.6142657e-02
  3.6471259e-02
 -2.1317661e-01
 -2.8065351e-01
 -2.3097782e-01
 -8.9037910e-02
  3.8485181e-02
 -1.4189150e-02
  4.3493778e-01
 -3.6663225e-01
  2.7889979e-01
 -2.6544535e-01
  4.2373225e-02
  2.2358872e-01
  5.7811505e-01
  2.4128032e-01
  3.0563217e-01
 -2.0756771e-01
 -2.2660021e-01
 -5.9986405e-02
 -3.7393314e-01
 -1.9066955e-01
  6.1994153e-01
 -8.5794008e-01
 -4.1969672e-01
  1.2593912e-01
  2.5631103e-01
  1.7535765e-01
 -3.1179494e-01
  1.8758428e-01
  1.8322431e-02
 -1.3302195e-01
  1.5712059e-01
  5.0996482e-01
 -4.9824402e-01
 -3.6762983e-01
  5.7857835e-01
  4.1108632e-01
  2.3996918e-02
 -1.3304677e-02
  4.0430941e-02
 -5.1940119e-01
  3.4253380e-01
 -7.1905357e-01
  6.5788642e-02
 -2.4995873e+00
  1.6841168e+00
 -1.5850192e-01
 -1.7027488e-01
  4.8239228e-01
 -1.0739664e+00
 -1.0249145e-01
  3.1509876e-01
 -5.1897383e-01
 -6.2726402e-01
 -4.0882206e-01
  2.5856715e-01
 -2.1942386e-01
  1.0844135e+00
 -7.8125900e-01
 -1.8317542e+00
  5.0980395e-01
 -4.9118653e-01
 -6.8041354e-02
 -3.1387314e-01
  9.0249240e-01
  6.3738835e-01
  3.7956300e-01
  4.1408110e-01
 -2.2174636e-01
  1.8497317e-01
 -6.7978537e-01
  1.4994396e-01
  3.1587675e-01
  2.4731132e-01
  9.5403180e-02
  1.3833201e-02
  1.2140468e+00
 -4.2951432e-01
  4.7878036e-03
 -5.9463745e-01
  3.8320246e-01
 -3.2724273e-01
  7.8958225e-01
 -1.1673017e+00
  1.0214894e+00
 -2.3099376e-01
 -6.0223162e-01
  1.9413389e+00
  8.9586273e-02
  2.9217085e-01
  1.7153038e-02
 -9.4338402e-02
 -3.9417404e-01
  6.2424427e-01
  7.4581832e-02
  2.3246445e-01
 -7.3915808e-03
  5.1836097e-01
  4.3425107e-01
 -4.0497270e-01
 -1.2433703e+00
  7.8254461e-02
 -7.5610197e-01
  4.8189193e-01
  2.0695610e-01
 -3.6087450e-01
  1.0658597e-01
 -1.7553604e-01
  3.9223322e-01
  2.3469685e-01
  8.7568635e-01
  1.7100401e-01
  4.8791867e-01
 -4.1793638e-01
  8.7839699e-01
 -3.0401334e-01
 -5.5436528e-01
 -2.0087932e-01
  1.1220530e-01
  4.7733909e-01
  2.3298571e-01
 -5.6996226e-01
 -2.7872854e-01
 -2.1406783e-01
 -1.4782035e-01
 -4.0264556e-01
  1.8004633e-01
 -2.7891782e-01
  1.5312266e-01
 -1.0326061e-01
 -3.0322993e-01
  3.0626738e-01
 -2.9342964e-01
 -2.8763703e-01
 -1.3067056e-01
  5.4497582e-01
 -6.1770659e-02
  2.0952494e+00
  5.8345985e-02
  1.2555291e-01
 -2.7642334e+00
 -9.0373713e-01
  3.5252342e-01
  9.8590970e-02
 -9.5532697e-01
  1.0360500e-02
  5.9373295e-01
  3.9653057e-01
  5.2838519e-02
 -3.4674469e-02
 -1.8024494e-01
 -2.4581516e-01
  9.9009722e-01
  1.8522233e-01
  2.4479233e-01
  6.1557174e-02
 -6.4788684e-03
 -3.4351176e-01
 -1.9172260e-01
 -6.1612892e-01
  1.8937174e+00
 -7.9221442e-02
  3.5572290e-02
  3.6395660e-01
 -2.6059508e-01
 -2.4549240e-01
  3.2614172e-01
  1.2228146e-01
 -1.4678781e-01
 -4.9874596e-02
 -6.9850963e-01
  1.3412689e-01
 -6.8446338e-01
  5.0149393e-01
 -1.8626693e+00
  8.0898386e-01
  8.6834008e-01
 -1.2299863e-01
 -4.4856986e-01
  3.7267381e-01
 -4.7993755e-01
  4.4620237e-01
 -6.0342904e-02
 -1.5673798e-01
  3.4646034e-02
 -2.9715127e-01
 -9.1474883e-02
 -1.2017690e-01
 -1.7451288e-01
 -2.4895768e-01
 -1.7748028e-01
 -2.2046982e-01
 -3.0008620e-01
  2.4926017e-01
  2.1990076e-01
 -1.8473446e-01
 -2.2402664e-01
  1.5683813e-01
 -3.1898034e-01
  6.0606712e-01
 -5.9344125e-01
 -1.1425176e+00
  1.4459010e+00
  3.7154719e-01
  3.1616437e-01
 -9.3759410e-02
  1.8467113e-01
 -9.7266150e-01
 -3.8547030e-01
 -4.4239280e-01
  4.9071929e-01
  7.9183623e-02
 -6.4687455e-01
 -1.1965299e-01
  1.3123978e+00
 -3.2918575e-01
  3.5956880e-01
 -6.6256516e-02
  3.3678949e-02
  9.2238091e-02
  1.2003541e-01
  6.6000588e-02
 -1.3635069e+00
 -6.9815338e-02
 -4.2657527e-01
 -2.6793227e-01
 -5.6454223e-01
  4.9541238e-01
  3.8623628e-01
  1.0419698e+00
  6.8863761e-01
  7.6572031e-01
  5.4103082e-01
 -6.4489323e-01
 -2.0146200e-02
  3.0816588e-01
  4.7911140e-01
  1.4727262e-01
 -1.5577267e-01
 -1.2944619e-01
  3.6352471e-02
 -4.3013427e-02
  2.8232592e-01
  1.4714588e-01
 -4.0904552e-02
 -1.0925988e-01
  2.2181565e-01
  2.9939234e-01
 -4.7677991e-01
  1.2065635e+00
  5.3135548e-02
 -1.0562520e-01
 -8.3317116e-02
  1.3758349e-01
  4.4440061e-02
 -3.5656980e-01
 -1.7715068e-01
  5.3641117e-01
  1.5255921e-01
  1.4537777e+00
  8.9953977e-01
 -5.8561414e-01
 -1.8539766e+00
 -8.3269656e-01
  6.3977867e-02
  3.5081422e+00
  2.1378092e-01
  6.4114219e-01
  1.6856644e-02
 -3.2951257e-01
  4.0767539e-01
 -5.8303070e-01
  8.9649081e-01
 -2.5485674e-01
 -5.0969953e-03
  5.2196598e-01
 -9.8123163e-02
 -4.1587573e-01
 -5.2534837e-01
  4.1739720e-01
  8.7979668e-01
 -2.3198943e+00
  4.4366488e-01
  1.3946445e-01
  7.3957413e-01
 -1.8287940e-03
 -1.0305063e+00
  4.1398153e-01
 -3.7758118e-01
 -2.7938026e-01
  2.0046380e+00
  1.5706582e+00
  4.8717371e-01
 -2.4194920e-01
 -8.3140351e-02
  3.5774171e-02
 -1.4747764e-01
  4.5227104e-01
 -1.8097937e-01
  6.0431266e-01
  4.1185537e-01
 -7.3007572e-01
 -6.0338974e-02
  1.6888752e+00
 -1.6583213e-01
  2.3606254e-01
  3.9053395e-01
 -3.2848734e-02
  3.8422075e-01
 -3.4158567e-01
 -4.5705369e-01
  7.5673562e-01
 -1.5951455e-01
  2.1965329e-01
 -2.8220704e-01
 -7.7317253e-02
  2.1827248e-01
 -1.4325744e-01
  9.6726412e-01
 -6.1350608e-01
 -2.4826324e+00
 -9.2275047e-01
 -5.4125088e-01
 -4.2334613e-01
  8.5368323e-01
 -3.1162921e-01
 -3.5933383e-02
  6.7800993e-01
 -3.7409618e-01
 -4.6727473e-01
  5.3914368e-01
 -2.3286851e-01
  1.1175957e-01
  6.9504142e-02
 -6.2051964e-01
 -5.6878418e-01
  1.4015089e-02
 -3.7039567e-02
 -5.8686775e-01
  2.7919239e-01
  4.8602656e-01
  3.8852236e-01
  1.1884984e-01
 -6.2672234e-01
  1.0054240e-01
 -4.7828603e-01
  8.1063503e-01
  4.1396281e-01
 -5.0020880e-01
  3.2765898e-01
 -7.9044610e-01
  2.5514135e-01
  1.3800094e+00
  6.5357190e-01
  1.4608727e-01
 -4.8558497e-01
  5.5953383e-02
 -2.3356825e-01
 -1.0373790e+00
  1.0232440e+00
 -2.9928750e-01
  2.3927604e-01
 -3.3382437e-01
 -3.4935513e-01
  3.9642864e-01
  1.4598070e-01
 -4.5896357e-01
  1.5086207e+00
  7.7610296e-01
 -5.0325292e-01
 -5.5512810e-01
 -1.0148163e-01
  4.0185535e-03
 -3.4823325e-01
 -1.8796323e-01
 -1.8440142e-01
 -4.9956226e-01
  8.9559034e-02
  3.3267441e-01
  1.2193148e-01
  1.6546510e+00
 -1.9167349e-01
  3.2585809e-01
  5.0477564e-01
 -6.0508412e-01
  1.6688028e-01
  1.8434002e-01
 -3.7285093e-02
  6.1118025e-02
 -5.8490646e-01
 -9.6408910e-01
  2.8834856e-01
  3.6337924e-01
  3.4898174e-01
  1.6317254e-01
 -4.2808443e-02
  2.1498817e-01
  4.9557844e-01
  2.9298946e-01
  7.1038568e-01
  5.4016477e-01
 -1.6370693e+00
 -5.6739521e-01
 -2.4150199e-01
 -3.6809117e-01
 -7.4709034e-01
 -2.9171729e-01
  9.2498124e-02
  9.9292022e-01
  1.7682177e-01
  2.1505868e+00
 -2.7090356e-01
 -2.2289354e-01
  2.2380767e-02
  1.3914675e-02
 -3.1556717e-01
 -1.6877906e-02
 -3.6671263e-01
 -3.5084870e-01
 -8.1262630e-01
  6.9665724e-01
 -4.0270099e-01
  5.3272694e-01
 -1.1653594e+00
  1.1676788e+00
 -3.2552168e-01
 -1.4263962e-01
 -2.8097725e-01
  3.3415467e-01
  7.1580470e-01
 -5.1140165e-01
 -9.0686947e-01
 -7.3742753e-01
 -4.7940502e-01
  5.6103566e-03
 -1.5269837e-01
  5.3047299e-02
  2.4751383e-01
 -8.5302338e-02
  2.7824846e-01
 -1.2272944e-01
 -1.3814138e-01
  2.2488798e-01
  1.2092611e-01
  4.6170655e-01
 -6.5223664e-02
  3.0233371e-01
 -7.5008236e-02
 -3.6524191e-02
  1.8586266e+00
  5.9833181e-01
 -2.6705989e-01
 -1.2166627e-01
  5.0064325e-01
 -1.0719523e-02
 -5.2537268e-01
  5.0308603e-01
  1.4300646e+00
 -3.3663163e-01
 -5.6756073e-01
 -4.0024754e-02
 -7.5040859e-01
  4.3156067e-01
 -1.6693017e+00
 -4.1069943e-01
 -1.8227784e-01
 -2.4779668e-01
 -1.6343156e-01
  7.9902685e-01
  7.9620057e-01
  4.4942997e-02
  3.5645428e-01
 -1.6551158e+00
 -5.6438804e-02
  1.2930076e+00
 -1.9083755e-02
  1.0721556e-01
 -1.9384303e+00
 -1.3502921e+00
  2.4254116e-01
 -1.9830251e-01
 -5.5661631e-01
  5.0816482e-01
 -2.9011440e-01
  1.0568709e+00
 -3.4198275e-01
 -2.0096329e-01
 -6.8175173e-01
 -1.8366550e-01
  7.8764707e-01
 -1.0713366e-01
  2.7088854e-01
 -6.2974149e-01
  3.5839078e-01
  2.9319412e-01
  3.6752987e-01
  8.7401718e-01
  7.4253482e-01
  4.7470413e-02
  1.4651616e-01
 -2.3594519e-02
  1.6422155e-01
 -6.6432566e-03
  2.3951341e-01
  2.5189326e+00
  5.5761039e-01
  7.5366765e-01
  1.3255601e-01
 -2.7043584e-01
  4.2087847e-01
  1.3093585e-01
  4.5149928e-01
 -3.1883457e-01
  1.0167212e-02
 -5.1176494e-01
 -1.8438622e-01
  1.3364798e+00
  1.4970822e+00
 -6.6092081e-02
  3.1694055e-01
  5.0249380e-01
  4.2650986e-02
  3.9609855e-01
 -1.7100806e+00
 -1.2499138e-01
  1.0641242e-01
 -3.0958450e-01
  3.9054600e-03
  9.7368246e-01
 -8.5680151e-01
 -1.6001558e+00
  1.5893328e-01
  9.7983664e-01
  1.8492685e-01
  2.8992599e-01
 -1.8905407e-01
 -2.1254139e-01
 -1.9637397e-01
  4.2662006e-02
  6.4234179e-01
 -7.3261738e-01
 -9.6370643e-01
  4.4165179e-02
 -2.1131469e-01
  2.3468962e-01
 -2.2362322e-01
 -8.3607063e-02
 -1.1811301e+00
 -2.5220177e-01
 -2.9645121e-01
  6.5051818e-01
 -1.9966072e-01
 -2.9545477e-01
 -1.5713541e-01
 -2.6190811e-01
  1.8599625e-01
 -1.2123958e+00
 -3.0044967e-01
 -6.0967714e-01
 -2.2608571e-01
  5.4858208e-01
 -2.2975299e-01
 -7.8085917e-01
  4.7788882e-01
 -5.3499079e-01
 -1.7745178e-02
 -2.2286856e-01
 -2.8129923e-01
  1.5197526e-01
 -7.6452702e-02
 -4.5720093e-02
  3.7416339e-01
 -9.5120686e-01
 -5.4866129e-01
  4.1512778e-01
  4.4580972e-01
  2.6140681e-01
  7.8842692e-02
 -2.3489819e-01
 -6.6546366e-02
 -5.3191936e-01
  5.7290113e-01
  2.7815593e-02
  4.6362299e-01
  1.2784775e-01
  4.0805522e-01
  7.0970237e-02
  2.2264318e-01
 -3.0733827e-01
  4.3377486e-01
 -1.1516411e+00
 -4.6904644e-01
  7.3084968e-01
 -1.6677520e-01
 -4.1074821e-01
  3.9273389e-03
  4.4270286e-01
  2.9653026e-02
 -1.2996698e-02
 -1.8870604e-01
 -1.3557017e-01
  4.2508021e-02
 -4.4734471e-02
 -4.6091023e-01
  1.0962639e-01
  1.2820014e-01
 -6.2181324e-01
 -2.6433164e-01
  6.1292127e-02
 -2.3527025e-01
  1.5632994e-01
  4.4934309e-01
 -5.3093684e-01
 -1.2439775e-01
  1.4744402e-01
  1.4933442e+00
  5.9910023e-01
 -1.7509125e-01
  1.0785074e+00
 -5.5836970e-01
 -9.5690370e-01
 -9.4847292e-02
  1.6808523e+00
 -3.9723328e-01
 -6.9360679e-01
 -4.9222055e-01
  6.7953859e-03
 -6.2526184e-01
 -9.2742848e-01
 -1.3106221e+00
 -5.3769521e-02
  7.1963501e-01
  2.4396896e-01
 -1.5299655e-01
 -6.6702598e-01
  3.4203160e-01
  2.2668195e-01
 -1.7688817e-01
  2.5411257e-01
 -3.8750663e-02
  8.7039672e-02
  1.5743673e-01
 -1.8890871e-01
  4.3382922e-01
 -7.2955608e-01
  5.7924950e-01
  1.2481226e-01
 -8.0038714e-01
  1.6528510e+00
 -1.2497873e+00
  5.6898946e-01
  5.3451902e-01
  1.2440606e+00
 -6.6075265e-01
 -1.3045858e+00
  5.6747608e-02
  3.4720361e-01
 -1.0811759e+00
  8.5176528e-02
  1.3509352e+00
  1.0512928e+00
 -1.8873931e+00
  6.6582114e-01
  6.5324014e-01
 -1.2434918e-01
  1.1814429e+00
  5.1921099e-01
  5.2311480e-02
 -4.4776136e-01
 -1.3861665e-01
 -3.6526382e-01
 -9.5031805e-02
 -5.3825003e-01
 -1.7857744e+00
  3.2203466e-01
 -2.4134697e-02
  1.0650249e+00
  1.4067787e-01
 -1.1681736e+00
 -8.7399817e-01
  2.3123808e+00
  2.8310683e+00
  8.6612552e-02
  2.7906719e-01
 -3.3409643e-01
 -9.8834066e-03
 -1.1308430e-01
  1.9304396e-01
  4.1068763e-01
 -1.6323218e-01
 -7.8564301e-02
  3.8715473e-01
  5.0802100e-01
 -5.1719457e-01
  7.6336622e-02
  1.6371495e-01
  2.1785635e-01
  1.9962424e-01
 -1.7989647e-02
  6.3752687e-01
 -8.2870126e-01
 -5.1941997e-01
  9.7021177e-02
  1.3654376e+00
 -2.2433084e-01
  1.0102705e+00
 -2.4506135e-02
 -5.2048421e-01
 -4.7262001e-01
 -2.5416297e-01
  2.2704147e-01
 -4.2751372e-01
 -8.9887881e-01
 -7.5047957e-03
 -1.1672994e-02
 -7.9194242e-01
  3.9276993e-01
 -2.3852488e-01
 -2.2410066e-01
 -3.1377847e+00
 -7.2938061e-01
 -1.0309880e-01
 -4.2124886e-02
  4.2133778e-03
  3.5145867e-01
 -1.5933311e-01
  1.3376389e-01
  1.8641779e-01
  3.1436652e-01
  5.7449275e-01
  3.3082634e-01
  5.6455627e-02
  2.4349438e-01
 -2.6386929e-01
 -1.4119168e-02
 -1.0896915e+00
 -2.7186164e-01
  1.6203282e-02
 -9.7798288e-01
  1.5668808e-01
 -1.3400745e-01
  8.2274395e-01
 -2.1555530e-01
 -2.2115560e-01
 -2.4034382e-01
 -8.3306354e-01
  7.4844472e-02
 -5.5614519e-01
 -1.8965466e-01
 -6.7626975e-02
 -1.1706004e-01
 -1.6318524e-01
 -2.6183644e-01
  2.3004248e+00
 -1.8001607e-01
 -3.4533954e-01
 -1.4021128e-01
  5.7178521e-01
 -1.3500104e+00
 -1.3748616e-01
  3.4532595e-01
  5.8844101e-02
 -1.9320761e-01
 -3.4126064e-01
  3.2358896e-02
 -2.7220306e-01
 -4.9334347e-01
  9.1820228e-01
 -1.0269318e+00
  2.6536956e-01
  1.0397934e+00
  1.1821581e-01
  2.2683810e-01
 -4.3084958e-01
  9.1845997e-02
 -6.7201126e-01
  4.4267219e-01
  2.3994778e-01
  5.7609409e-01
  1.6434701e-01
  2.2909971e-01
 -6.0281258e-02
  1.1075073e-01
  9.3588062e-02
  1.7626746e-01
 -2.1875545e-03
  5.4532945e-01
  4.6780613e-01
  1.8290603e+00
  3.8190885e-03
 -1.7608836e-01
 -1.1987202e-02
 -2.9831532e-01
  1.1777378e-01
  4.9446592e-01
  2.8082827e-01
 -8.5974284e-02
 -2.8183404e-01
  5.1173282e-01
 -2.1712343e-01
 -1.0038890e+00
 -1.2197617e+00
 -1.2647239e+00
 -8.0002475e-01
  7.0773917e-01
 -6.4280850e-01
  3.5697374e-01
 -4.2966175e-01
 -5.5077460e-02
 -6.3899690e-01
 -1.1189384e-02
 -1.4002259e+00
 -4.5931399e-01
 -4.2218474e-01
  8.7265112e-02
 -9.6149653e-02
  2.5189152e-01
 -1.9925570e-03
  2.6489899e-01
  8.9214063e-01
  1.6720185e-01
 -3.2532349e-01
  7.0792541e-02
  5.0012648e-01
  1.6641066e+00
  1.0424254e+00
 -1.8392744e-02
 -1.8994179e-01
  2.8161433e-01
 -1.4583814e-01
  2.8049850e-01
  8.3340001e-01
 -1.3037190e-01
 -4.8365077e-01
 -6.9306135e-01
  7.2781146e-01
 -1.5641351e+00
  1.0328846e+00
  6.2837172e-01
 -1.3763368e+00
 -9.0848627e-03
  9.1546428e-01
 -1.6710951e+00
 -3.6062193e+00
  1.5077965e+00
  4.7240046e-01
 -1.5251983e+00
 -1.0522842e+00
 -1.6364346e-01
  8.0489242e-01
  1.0304168e+00
 -3.1659418e-01
 -8.3466649e-01
  8.7989050e-01
 -8.9753978e-02
  7.2159320e-01
 -1.5825839e-01
 -2.9850993e-02
  8.1144661e-01
 -1.5638845e-01
 -1.8626266e+00
 -1.3325423e+00
  1.2030029e-01
 -2.4910726e-01
  5.3706068e-01
 -2.2877173e-01
 -2.4682319e-01
 -3.2020563e-01
 -1.4461527e+00
 -1.2254225e+00
  2.3369353e-02
 -2.2253194e-01
 -6.7678459e-02
 -2.2028700e-01
 -1.9461903e-01
  4.0761955e-02
 -4.2274460e-01
  1.1700268e+00
  3.5082054e-01
  2.0300734e-01
  3.6589482e-01
 -4.4329512e-01
 -1.0901842e-01
 -1.7519340e-01
  2.7949986e-01
  9.9940747e-01
  2.9215336e-01
 -1.6640089e-01
  3.4879622e-01
  1.2047489e-02
 -6.0170525e-01
  3.4703717e-02
  6.8230972e-02
  1.5187117e-01
 -6.3947767e-01
  2.0499207e-01
  4.0147105e-01
 -1.8174867e-01
  1.0096513e+00
 -8.2447626e-02
 -2.3623405e-01
  5.1159505e-02
  4.9601811e-01
  2.3975921e-01
  1.5161818e-01
 -2.6628351e-01
 -9.6207273e-01
  2.4105108e+00
 -6.1605704e-01
  8.9801115e-01
  3.9562985e-02
  9.3978697e-01
  1.8817745e-01
  1.5202335e-01
  2.1869877e-02
 -2.7572456e-01
 -3.6349925e-01
 -2.0168006e-02
  5.8413690e-01
  2.7756658e-01
 -8.4619766e-01
 -8.1035334e-01
  3.7751156e-01
 -7.0096606e-01
  1.0512101e-01
 -9.9418275e-02
  1.9328509e-01
  3.0551738e-01
 -3.9359486e-01
 -5.1889277e-01
 -2.4781173e-01
  4.9921227e-01
  2.2914766e-01
 -1.6109613e-01
  3.3516338e-01
  3.6042377e-01
 -1.2106840e-01
 -7.3685986e-01
 -6.4978874e-01
 -3.0485344e-01
  3.9596960e-01
 -2.3252682e-01
  4.0413909e-02
 -2.3392242e-01
 -2.6834235e-01
  4.9843764e-01
 -2.1774906e-01
 -2.1922036e-01
  1.1139491e-01
  6.3664776e-01
 -4.1423887e-01
  9.7409338e-01
 -9.4443268e-01
  1.2034380e-01
  1.1199011e-01
 -6.2580115e-01
 -1.7213330e-01
  3.1381381e-01
  2.7109322e-01
  6.3895458e-01
 -8.1348509e-01
 -2.3213519e-01
  6.3158983e-01
 -2.9283282e-01
  2.5995824e-01
  1.9249053e-01
 -3.9080458e+00
 -2.6469037e-01
 -8.1896770e-01
  7.3770195e-01
  4.8316445e-02
 -1.5598656e+00
 -1.6258207e-01
 -3.2261652e-01
  4.5268226e-02
 -2.6283571e-01
  8.3782947e-01
 -2.7610573e-01
  1.6243012e-01
 -2.0532068e-02
 -1.9791692e-01
 -2.8167353e+00
  1.7008807e-01
 -1.4472093e-01
  1.7330488e+00
  3.5170984e-01
  2.5934000e-02
  2.6791245e-01
 -3.1870311e-01
  8.1011571e-02
  7.8720856e-01
  6.7333892e-02
  1.8368344e-01
 -9.2918980e-01
 -1.7959881e-01
  5.8620101e-01
 -3.9671987e-01
 -4.0872338e-01
 -8.4448111e-01
  2.6118711e-01
  2.1074088e-01
  6.3968338e-02
  1.2977732e+00
  5.0410300e-01
  5.0612733e-02
 -6.0788482e-01
  2.4900604e-03
  6.7506588e-01
  2.3339872e-01
 -2.3404939e-02
 -1.5347549e+00
  3.8807219e-01
 -1.9141944e-01
  1.1191839e-01
  4.5198667e-01
 -1.6719464e-02
  2.3006038e-01
  1.4625353e-01
  6.3114130e-01
  2.2778799e-01
 -2.3411308e-01
  7.6611333e-02
  4.3865301e-02
  7.4780709e-01
  7.3786485e-01
  2.6299959e-01
 -6.6285647e-02
 -1.6382909e-01
 -3.1100461e-01
  2.9814860e-01
  5.4376042e-01
 -4.1825363e-01
  6.8689901e-01
  3.8180766e-01
 -3.7961397e-01
  2.9097414e-01
 -2.0529134e-03
 -6.4965928e-01
  3.1119600e-01
 -9.8518139e-01
 -7.7116573e-01
  1.5075748e-01
  3.1773411e-02
  3.3358124e-01
  8.2444739e-01
 -1.0854469e-01
  1.8412775e-01
  1.1575871e-01
  1.3494928e-01
  8.3743799e-01
 -2.2572559e-01
  1.0127684e+00
  2.8735688e-01
  2.5975740e+00
 -8.9364839e-01
 -1.5655692e-01
  1.5548813e-01
 -1.0290655e+00
  1.0065094e-01
  2.1649852e-01
 -5.0170798e-02
  4.1313931e-01
 -6.8195507e-02
  1.7926969e-01
 -2.9027777e-02
  2.1780937e+00
  8.3801612e-02
  8.3399224e-01
  6.3456871e-02
  8.1424080e-02
  5.9326190e-01
 -8.7683451e-01
  1.4897721e+00
 -8.1815422e-01
  1.8181521e-01
  1.3271859e-01
  8.9144748e-01
 -8.9944071e-01
 -2.6922941e-01
  6.0529178e-01
 -1.4979738e+00
  1.0935216e+00
  3.1256258e-01
  2.2489358e-01
  1.2060267e+00
 -1.8893935e-01
  3.6628097e-01
 -7.7721006e-01
 -1.2032533e-01
  6.9507025e-02
  5.4378062e-02
 -3.9750004e-01
 -2.9059619e-01
  6.0627627e-01
 -3.5992047e-01
 -1.6558231e-01
  4.2923677e-01
 -5.0471890e-01
  7.1184236e-01
  1.2830324e-01
  1.8559954e-01
  7.5086096e-04
  3.7706494e-01
 -9.0113115e-01
  5.2007937e-01
 -3.7435630e-01
 -3.6375561e-01
  3.7498856e-01
 -7.3334616e-01
 -1.0353894e+00
  1.7890228e-01
 -7.9162657e-02
 -8.0533582e-01
  7.3551834e-01
  2.0004056e-01
 -2.1896441e-01
  4.0685403e-01
  1.1525878e+00
  1.5026827e-01
  3.1773414e-02
 -3.4920019e-01
 -5.7092201e-02
 -4.5511261e-01
  6.8755782e-01
  2.6965532e-01
  6.1728466e-01
 -3.0242446e-01
  6.4575541e-01
 -4.5542135e-03
 -1.4660656e-01
 -1.5404836e+00
 -8.2747698e-01
  4.9053994e-01
  4.8075594e-02
 -2.0554669e-01
  1.6958806e-01
  4.8407775e-01
  3.8866073e-01
  4.8866078e-02
  4.4434890e-01
  2.4982095e-01
  4.4243422e-01
  2.5317705e-01
  7.2455376e-01
  2.4364097e-01
 -6.1258882e-01
  7.6787972e-01
 -3.4024674e-01
 -1.3953647e-01
 -2.6913154e-01
 -1.8254957e-01
  1.2229895e-01
 -1.1955642e-01
 -2.1301702e-01
  1.8714019e+00
 -4.1346160e-01
  1.5762758e-01
  4.2372483e-01
  3.6978352e-01
 -3.3798650e-01
  8.1627673e-01
 -5.9550357e-01
 -8.1060880e-01
 -4.1556942e-01
 -1.0912710e+00
 -9.2029959e-01
 -1.9892401e-01
  8.9661002e-01
 -4.8767182e-01
  8.5224468e-01
  1.2071604e+00
  3.9321572e-02
 -8.1728864e-01
 -1.1082782e+00
 -5.0404632e-01
 -8.0139804e-01
  1.0604972e+00
 -6.6318238e-01
  2.7257171e-01
  9.3101509e-02
  1.8392123e-01
 -2.0357777e-01
  1.9095992e-01
  3.8213506e-01
  6.5156811e-01
  1.2150982e-01
 -2.8574151e-01
  3.3192104e-01
  5.0143820e-01
  4.7828132e-01
  4.0624022e-01
  5.1992941e-01
  1.2778207e-03
  2.3738806e-01
 -4.9739912e-02
  7.3927873e-01
  6.6310138e-01
  2.1783867e-01
  3.6527091e-01
 -2.9389820e-01
 -4.9232474e-01
  1.7009494e-01
 -2.4661598e-01
 -1.5092090e-01
  7.5887823e-01
  6.3412386e-01
  2.3672983e-01
 -1.6116956e-01
  2.9191250e-01
 -1.6364390e-01
  1.7754332e+00
  1.6035181e-01
  1.4549047e-01
 -2.7162194e+00
  3.0220395e-01
 -3.6182716e-01
  3.9033729e-01
  1.5645854e-01
 -2.9721813e-02
  5.2638125e-01
  3.0015844e-01
  4.3360609e-01
  4.4624037e-01
 -1.8542747e-01
 -6.8263549e-01
  2.9095760e-01
  1.9981405e-01
 -3.8131461e-01
 -1.2881139e-01
  1.9456100e-01
  1.3114449e-01
  2.8621635e-01
  9.6461469e-01
 -2.1175129e+00
  4.4141191e-01
 -5.8605880e-02
  1.4614412e-01
 -2.9868412e-01
 -1.6216745e+00
  1.6205315e-01
  8.9876926e-01
 -4.3412638e-01
  3.5072783e-01
 -4.4110123e-02
 -1.9162516e-01
  1.6584481e-01
 -1.4759324e-01
  2.5475982e-03
 -4.9805194e-01
 -6.1768150e-01
 -4.6612177e+00
 -7.0106769e-01
  1.0308886e-01
  3.0878296e-01
 -7.1664876e-01
 -3.0318537e-01
 -5.2256060e-01
  2.3685256e-01
  9.0619087e-02
  1.3823439e-01
  5.3673649e-01
 -8.6576051e-01
 -3.0572057e-01
 -3.3992445e-01
  9.0820009e-01
 -3.0188847e-01
  3.9899212e-01
  1.8139102e-01
  1.9621862e-01
  6.3637383e-02
  9.4791092e-02
 -1.4639981e+00
 -3.1341064e-01
 -1.2714152e+00
  4.1197356e-02
 -6.5858293e-01
  3.1844407e-01
 -1.6005723e+00
  6.7508316e-01
 -3.5450491e-01
 -2.4475040e+00
 -2.2069896e-02
 -3.3026937e-01
  3.4435138e-02
 -7.4959838e-01
  3.2281071e-01
  6.0952908e-01
  1.1992066e+00
  8.5636705e-01
  6.3289809e-01
  4.1645961e-03
  5.3199685e-01
  1.3059677e-01
 -3.7255323e-01
 -1.0103779e-01
 -6.7178607e-02
 -4.8194647e-01
 -1.3522226e-01
 -2.1025303e-01
  2.5226430e-03
  7.3167312e-01
 -1.5334174e-01
 -1.9892524e-01
 -1.4641844e-01
  9.8033947e-01
 -1.1643833e-01
  1.4777809e+00
  1.6985419e-01
  1.7596920e-01
 -1.8937534e+00
  5.5724740e-01
  7.9453118e-02
 -1.5138650e+00
  3.1947216e-01
 -2.7192476e+00
 -5.1632649e-01
 -4.9545057e-02
  4.8215082e-01
  1.7685947e-01
 -3.9728388e-01
 -2.4997893e-01
  4.1343743e-01
 -1.0310302e-01
 -8.1824970e-01
 -4.7352153e-01
 -3.8178501e-01
  8.1512237e-01
  2.5839075e-01
  1.6893634e-01
  5.6766331e-01
 -3.8661698e-01
  4.0558323e-01
 -3.9779314e-01
  6.5695852e-02
 -1.0095959e-02
 -3.6947735e-02
  1.6443354e+00
 -4.9943215e-01
 -5.9566878e-02
 -1.8389733e-01
 -1.4037958e+00
 -6.3105607e-01
 -3.2779503e-01
 -1.9490902e-01
  3.8951856e-01
 -7.7069305e-02
  1.2867714e-01
  2.2802916e-01
  3.0510670e-01
  1.4048606e-01
  4.6055397e-01
  9.4881533e-03
  4.5247117e-01
 -8.9138120e-01
  1.4775800e+00
 -5.8518213e-01
  5.8998168e-01
  3.1728819e-01
 -9.6659142e-01
 -6.4922953e-01
  2.0746651e-01
 -4.8557082e-01
 -1.5325323e-01
  4.5904633e-01
  4.0621322e-01
 -6.3131176e-02
 -4.7226280e-02
  8.8725127e-02
 -9.3195051e-02
 -9.9998003e-01
 -9.6500599e-01
  5.1531631e-01
  2.0554379e-01
 -4.0236998e-01
 -4.8369753e-01
 -2.8295586e-01
 -4.9555394e-01
  6.4565843e-01
 -6.8818355e-01
  1.2853105e+00
  1.6569619e-01
  6.1224473e-01
 -3.5951126e-01
  3.9283362e-01
  6.1696321e-01
 -5.9338409e-01
 -1.9025095e-01
  2.7926537e-01
  2.4773796e+00
  4.8737907e-01
  1.0241196e+00
 -8.9509889e-02
  1.0555026e-01
  2.5182700e-01
  3.0289263e-01
  6.1030453e-03
 -1.4940200e+00
  2.2250937e-01
 -4.8020980e-01
 -1.3861449e-01
  4.7914070e-01
  2.0859475e-01
  1.7281601e-01
  1.9607846e-01
 -8.0898923e-01
  2.3246462e-02
  6.2910795e-02
  2.1477832e-01
  2.1392857e-01
 -2.3814628e-01
  1.0995508e-01
 -4.4096854e-01
  2.4383733e-01
 -4.3487933e-01
 -2.0298709e-01
 -4.7104296e-01
 -7.8905749e-01
 -3.7252244e-01
 -2.8850812e-01
 -4.3072855e-01
  2.5832170e-01
 -4.2716813e-01
 -4.4503400e-01
 -5.5462401e-02
 -6.5416080e-01
 -2.3369615e-01
 -1.6490482e-02
  1.6076078e-01
  6.8521249e-01
 -9.0929735e-01
  1.2529446e+00
  1.4430535e-01
  6.2645191e-01
  4.6522519e-01
 -4.0687254e-01
  2.4610604e-01
 -2.9896733e-01
  4.2592087e-01
  1.1662502e-01
  4.7760075e-01
 -2.7631402e-01
  5.0217134e-01
  2.5245966e-03
 -1.6724668e+00
  1.6865158e-02
  4.2221195e-01
 -3.0237278e-01
  2.9084113e-01
 -4.5881003e-02
 -3.1726527e-01
  1.5729345e-01
 -2.2584872e-01
 -7.6065111e-01
  9.6908763e-02
 -1.5206023e+00
  1.4347352e-01
  1.4740346e-01
  6.2246267e-02
 -8.9820915e-01
  2.4372904e-01
  5.9514254e-01
 -3.1794083e+00
  1.3134786e+00
  2.9348403e-01
 -1.1975790e+00
 -3.5562724e-01
  9.1022931e-02
 -3.5708153e-01
  4.0036032e-01
  1.9085968e-01
 -5.2139199e-01
  5.2110082e-01
  1.8000127e-01
  1.9388160e-01
 -3.7760377e-01
  7.9659350e-02
  2.1879272e-01
 -4.9424145e-01
  8.9405760e-02
 -7.6955730e-01
  1.2040275e+00
  1.1985569e-01
  1.5011609e-01
 -1.0416542e+00
  6.9171357e-01
  3.7059185e-01
 -8.8640694e-03
 -3.5048047e-01
  2.1272755e-01
 -1.7474160e-01
 -1.5246550e+00
  1.4485241e-01
 -6.7672133e-02
  3.5484615e-01
 -7.7755994e-01
  7.8176618e-02
  5.1370019e-01
 -7.8040910e-01
  2.0464811e+00
  5.6116968e-01
  6.7664259e-03
 -5.3963147e-02
 -1.2480370e+00
 -6.0615104e-02
  6.7095381e-01
  5.6710416e-01
 -8.0705799e-02
 -1.6576320e-01
  7.3121160e-02
  4.8975083e-01
 -2.6529720e-01
 -1.1139398e-01
  2.5180116e+00
  1.9615802e-01
  1.6660402e-02
  2.7900973e-01
  1.5139624e-01
 -7.4759316e-01
 -8.7351710e-01
 -1.0334711e-01
 -4.6049699e-01
  2.8065175e-01
  8.4104812e-01
 -4.4272089e-01
 -5.2170199e-01
 -2.9423261e-01
 -1.9256775e+00
  1.4224596e-01
 -2.7056929e-01
 -2.0107217e-02
  1.2287297e-01
  1.0201334e+00
  7.4718052e-01
 -2.8676873e-01
 -2.4087679e+00
 -3.0269656e-01
 -5.0463396e-01
 -5.5401061e-02
 -1.0977543e-01
 -3.6390385e-01
  4.0787402e-01
  1.9446570e-01
  1.2288051e-01
  3.5584852e-01
 -3.3178014e-01
 -2.3149509e-02
 -1.6529173e-01
  4.6423309e-02
 -2.8544119e-01
  5.3682339e-01
 -5.4330236e-01
 -3.8775334e-01
 -6.3825411e-01
 -3.0500510e-01
  3.9141718e-01
 -6.3980329e-01
  1.9847050e+00
 -7.0163988e-02
 -1.6182122e-01
 -9.1119267e-02
  3.1523538e+00
  9.6088037e-02
  9.9589157e-01
 -3.1402398e-02
 -2.2399896e-01
  1.4269888e-01
  1.7172162e-01
  2.1401839e-01
  2.0520028e-01
  2.6072386e-01
  1.1463367e+00
 -3.1800783e-01
 -1.4211316e-01
  4.2265847e-01
 -1.8854153e-01
  8.1124336e-02
  2.8359571e-01
  7.7816552e-01
 -1.0562053e+00
  1.0001189e+00
  1.9087808e+00
 -2.4198451e+00
 -2.2501924e+00
 -4.9785617e-01
  9.9710035e-01
 -6.8355012e-01
  7.0535243e-01
 -8.0881685e-01
 -1.1808834e-01
  1.2956716e+00
 -2.8984970e-01
 -5.9897381e-01
  4.9023788e-02
  4.5864081e-01
  1.1668557e+00
  6.6642731e-01
 -4.5745194e-01
 -1.7245853e+00
 -1.7212762e-01
 -8.9955086e-01
  1.4603247e-01
  2.1113204e-02
  4.8189008e-01
  1.8759091e+00
 -5.7491285e-01
 -3.3495438e-01
  1.1947352e+00
 -7.7050579e-01
  2.7654254e-01
 -1.6109541e-01
 -3.9164039e-01
 -1.3771598e+00
  1.6414057e+00
  2.0748422e-01
  4.5725623e-01
 -3.4646583e-01
  5.9244996e-01
  2.3627296e-01
  2.0028868e-01
  1.2491750e+00
 -4.1608432e-01
  1.2054971e+00
  5.5791992e-01
 -4.6259608e-02
 -1.4377648e+00
 -3.9751768e-01
 -1.2094548e-01
 -9.6420422e-02
  1.4401484e-01
 -9.9926896e-02
 -5.4760806e-02
 -1.3352709e-01
 -1.7090644e-01
 -1.7616248e+00
 -7.1773690e-01
  1.4113544e-01
  3.5885170e-01
 -9.6954919e-02
  4.3810552e-01
 -1.1974655e+00
 -2.0348385e-01
  9.2926884e-01
 -1.0621198e-01
  1.2510920e-01
  1.1140355e-01
 -1.0776497e-01
 -7.4025720e-02
  2.8053334e-01
 -1.0608839e+00
 -4.7492617e-01
 -1.3432640e-01
 -2.4143463e-01
 -1.8228813e-01
 -3.9322239e-01
 -5.5567771e-01
 -1.5468949e-01
  2.8208643e-01
  8.4529586e-02
  1.3102488e-01
 -4.4941640e-01
 -2.8025097e-01
 -4.1126499e-01
 -5.6423831e-01
 -2.4206108e-01
  2.6530135e-01
  6.2982464e-01
 -8.8093244e-02
  1.9795479e-01
 -1.6083415e+00
  2.1736734e+00
  8.7707132e-01
  5.0870728e-01
 -1.3494830e-01
  7.2107601e-01
  2.9697615e-01
  2.0059699e-01
 -4.0363905e-01
  3.6282066e-01
 -3.3810443e-01
  1.8399811e-01
 -4.4401434e-01
 -2.3414741e+00
 -4.4626480e-01
  6.6587776e-02
  6.0355204e-01
 -1.9666654e-01
  9.4785202e-01
  2.5235257e-01
 -1.1724845e-01
  7.8415185e-01
 -1.7321154e+00
  3.8904953e-01
 -4.5255643e-01
 -1.0667524e-01
 -1.4190049e-01
 -1.5987046e-02
 -2.6280361e-01
  3.3313996e-01
 -3.6496171e-01
  6.8477464e-01
 -1.8872274e+00
 -6.9890893e-01
  1.3404775e-01
 -7.1121317e-01
  1.2724368e-01
 -2.6065859e-01
  3.6375031e-01
  1.9488734e-01
  3.9145488e-01
 -4.3768767e-02
  2.6828073e-02
 -5.8829930e-02
 -7.0476198e-01
 -6.2229127e-01
  4.2221728e-01
 -1.3305326e-01
 -6.1775500e-01
 -1.9538906e-01
 -2.7279499e-01
 -3.7659177e-01
 -1.8583590e-01
  5.7043278e-01
 -5.2070379e-01
  5.8360559e-01
 -2.1043897e-01
 -2.1805482e-02
 -5.1041882e-02
 -2.1093608e-01
  2.0204490e-02
  3.1375614e-01
  2.8597157e+00
  1.0998535e+00
 -6.7684203e-01
  5.6633592e-01
  5.4815197e-01
  9.7607982e-01
 -2.0889688e-01
 -2.3807278e-01
  2.8433239e-01
 -7.0738035e-01
 -3.7712154e-01
 -8.9158207e-01
  2.2579978e-01
 -7.2506201e-01
 -4.7645316e-01
 -2.1284959e-01
  2.4304724e-01
  3.9962226e-01
 -2.3773944e-01
  1.4256352e-01
  2.2682735e-01
 -1.3808078e-01
  7.9983741e-01
  1.1006968e-01
  1.9704695e-01
  7.1965411e-02
  2.9777366e-01
  5.6018943e-01
  9.4077457e-03
  1.6168241e-01
 -4.6367843e-02
  7.2238302e-01
 -6.0998869e-01
 -5.4131292e-02
 -2.5395811e-01
  1.2774403e-01
 -2.0089382e-01
 -1.0357711e-01
 -1.4133382e-01
 -2.7539596e-01
  3.0299175e-01
  5.2031463e-01
  8.7346953e-01
 -5.0787669e-01
 -6.7165848e-03
 -6.0557169e-01
  5.2823824e-01
  2.5747085e-01
  5.9065229e-01
 -1.0450439e+00
 -1.5810472e-01
  3.9372289e-01
  3.7547344e-01
  1.9770138e-01
  2.2289886e-01
 -2.4186891e-02
 -4.1285551e-01
 -4.9570552e-01
  5.1231152e-01
  6.7220962e-01
  1.4619902e-01
 -6.7606735e-01
 -1.4604488e-01
  4.6282822e-01
 -1.8627250e-01
  7.1261495e-01
 -3.5932311e-01
  5.4607189e-01
 -1.7642188e-01
 -2.2298072e-01
 -6.1773390e-01
 -4.3061325e-01
 -1.9057433e-01
  9.5458388e-01
  3.2507226e-01
 -1.2170526e+00
  3.1007068e-02
  5.2684081e-01
  7.2624373e-01
 -5.2417320e-01
 -3.1290028e+00
  2.0620635e-01
  2.6181871e-01
  2.5507491e-02
  4.9481699e-01
 -3.9526165e-01
 -5.7001692e-01
  4.3090400e-01
  3.5077018e-01
  2.0685771e+00
  1.9480965e+00
 -7.7827252e-02
 -1.1638271e+00
  1.3546520e-01
 -7.1573031e-01
 -6.2797004e-01
  3.0285220e+00
  1.9356455e-01
 -2.8935912e+00
  3.1810254e-02
 -7.9041757e-02
 -8.2625484e-01
  1.6855497e-02
 -1.0742108e-01
 -4.4480202e-01
  1.5017539e+00
  2.7149588e-01
  1.0380262e-01
 -2.8278443e-01
  8.2933933e-01
  1.0255032e-01
  7.5419623e-01
  2.3237237e-01
  3.7547672e-01
 -4.0164596e-01
  3.5001509e-02
  1.7428946e-01
  6.6405572e-02
 -2.1536705e-01
 -2.1660047e-02
  1.5020839e+00
 -3.2164018e+00
 -2.1624531e-01
 -6.0496360e-01
  1.2055518e-01
  2.0677815e-01
 -1.4443289e-01
  2.7211858e-02
 -9.4285220e-02
 -6.8955296e-01
 -5.6700546e-01
 -2.4388205e-01
  1.5304291e-01
  1.3756409e+00
  3.6485061e-01
  3.8355848e-01
  1.0273353e-01
  2.1270008e-01
 -6.8833214e-01
  8.8770932e-01
  7.2958779e-01
  1.2127002e-02
  1.2950064e-01
  2.9469091e-01
  6.0502153e-02
  1.2737679e-01
  1.0383812e+00
  8.1660919e-02
  2.6470390e-01
 -7.4221677e-01
  9.7453326e-01
 -5.3573495e-01
  2.7369225e-01
  8.6127311e-02
  3.0429947e-01
 -3.5163768e-02
  1.1687269e+00
 -1.5876633e-01
 -1.3275413e-01
 -9.4083554e-01
 -4.3565441e-02
 -6.0415078e-02
 -7.8978842e-01
  1.3765572e+00
  3.1100878e-01
 -4.3610826e-02
 -3.4655130e-01
 -3.7283473e-02
 -3.8564521e-01
  1.5262412e-01
  3.9678830e-01
  2.4998997e-01
 -2.4500436e-01
  9.0315402e-01
 -8.8249944e-02
 -3.3305800e-01
  3.4073167e-02
 -2.9880959e-01
 -2.2242472e-01
 -7.4458486e-01
 -9.2540479e-01
  4.6147370e-01
 -1.0694730e+00
 -2.6504681e-01
 -4.5228121e-01
  4.3085334e-01
  1.7588112e-01
 -2.7365273e-01
  4.1360986e-01
  6.2607360e-01
  5.0161004e-01
  2.0856686e-01
  3.5920268e-01
  3.1105775e-01
 -7.6318130e-02
  3.8975266e-01
 -6.4672250e-01
  3.8195297e-01
  4.4487584e-01
 -1.8632290e+00
  1.5171492e-01
 -4.5280704e-01
  4.3884301e-01
 -2.4007590e-02
  2.0242769e-01
  4.0003127e-01
  6.2884974e-01
 -4.8923665e-01
  1.3457961e-01
  1.5897961e-01
  2.8664473e-01
 -1.3556396e+00
  3.5371730e-01
  3.1639758e-01
  7.2352093e-01
  5.1253176e-01
 -9.1315788e-01
 -1.3740845e-02
 -2.4859868e-01
 -2.6072782e-01
 -6.4827189e-02
 -2.0698528e+00
 -1.7918642e-01
 -2.8672928e-01
 -1.0128634e-01
  1.5005937e-01
 -4.4942671e-01
 -2.3187114e-01
 -2.6615855e-01
 -6.5160975e-02
  1.9242944e-02
  1.9972487e-01
  4.0835392e-01
 -9.7691149e-02
  8.1530958e-02
  5.1420325e-01
 -1.3287286e-01
  3.0473509e-01
  4.4227418e-01
 -9.7558856e-01
  2.0828912e+00
 -6.4308101e-01
 -8.8503033e-01
  3.4974858e-01
 -6.2396240e-01
  4.8269790e-01
 -8.5982060e-01
 -1.7582116e-01
  3.3383942e-01
 -6.2693161e-01
 -2.7383170e-01
 -3.2595780e-01
  2.1056379e-01
  2.3102427e-01
  3.4181660e-01
 -2.6999468e-01
 -9.0553679e-02
 -2.3248598e-01
  2.7438834e-01
 -9.7714350e-02
 -6.9877356e-01
 -7.3393404e-01
 -3.9319196e-01
 -4.5184147e-01
 -1.7159739e+00
 -7.1237886e-01
 -3.1379294e-01
 -7.0016217e-01
 -2.1987474e-01
  5.8477134e-01
 -6.1014736e-01
 -6.1137024e-02
  1.4251779e+00
 -1.2346958e+00
 -6.7628980e-01
 -1.4055525e-01
  9.3661147e-01
 -1.2422045e-01
 -3.6733893e-01
 -1.2845865e+00
 -9.7822718e-02
 -5.9652094e-02
 -3.3587328e-01
 -1.0416681e+00
 -6.4170551e-01
  1.4776799e-02
  1.4608046e+00
 -1.3936594e-01
 -3.1284854e-01
 -4.3822680e-02
  4.8963919e-01
  3.6775470e-01
  5.1638126e-01
 -2.0061508e-01
 -8.7864023e-01
  8.4261268e-01
 -6.9744968e-01
  1.8214640e-01
  1.5199596e+00
 -1.0700939e+00
 -2.8166831e-01
  3.5886045e+00
  7.0913869e-01
  1.8194593e-01
  6.9190282e-01
 -3.3844695e+00
 -8.0851948e-01
 -7.4711078e-01
 -2.9678431e-01
 -5.8174366e-01
  1.5550436e+00
  9.2445338e-01
  8.7245315e-01
 -1.6414342e+00
  7.0880711e-01
 -3.0985165e-01
  5.9837496e-01
 -9.5010519e-01
 -1.7487402e+00
  4.6298182e-01
  3.3796778e-01
  1.9909437e-01
 -4.1510601e-02
  1.0429553e+00
  1.1171967e+00
  3.2780657e+00
  3.1684768e-01
  1.6802590e+00
  2.2920480e+00
  5.2273273e-01
  1.5621607e+00
  1.2499355e+00
 -7.1005404e-02
 -1.2244331e+00
 -1.0679118e-01
  1.5938270e+00
  9.7420591e-01
  3.9793715e+00
 -6.6659713e-01
 -5.9322959e-01
 -1.7511927e+00
 -1.1927106e+00
 -1.1247699e+00
 -3.3692706e-01
  2.1506143e+00
 -1.0013649e+00
  2.4487203e-01
  1.9046272e+00
  3.6421940e+00
 -1.5237085e+00
  2.4403288e+00
 -1.6771513e+00
  7.6368397e-01
  7.4946158e-02
 -2.5906534e+00
 -7.7820402e-01
  1.9462355e+00
  1.7758313e+00
 -1.1710986e-01
  1.3124158e+00
 -1.0684216e+00
  1.0964319e+00
 -1.1840698e+00
 -1.3900583e+00
 -1.2996663e+00
 -1.4156797e+00
  1.0831449e+00
 -2.7379903e-01
  2.4981192e-01
  2.7453809e+00
 -8.7410808e-01
 -9.8538679e-01
 -8.2662940e-01
  1.0643358e+00
  1.4710648e+00
  2.1431093e+00
  3.4034616e-01
  1.2510571e+00
  5.8178660e-02
 -7.6460940e-01
  6.2438108e-02
 -4.4631767e-01
 -4.8603335e-01
  1.6275350e+00
  1.8619697e-01
  5.5258475e-02
 -1.3592431e-01
 -1.3995735e-01
  6.3472205e-01
  5.0779027e-01
  9.0164864e-01
  1.4509405e-01
  3.8627556e-01
 -3.7336144e-01
 -1.9675039e-01
 -1.2282459e+00
  2.2825956e-02
  7.9997981e-01
  2.1239057e-01
 -1.7592718e-01
  4.3412697e-01
 -9.4148594e-01
  1.3603552e-01
  3.7971157e-01
  1.3834213e-01
  1.7103116e-01
 -4.4573486e-01
 -5.5738813e-01
  2.9776475e-01
  6.3269697e-02
 -1.1012584e-01
 -3.9166352e-01
 -3.2101104e-01
  3.0530384e-01
 -1.5505558e-02
 -6.9789940e-01
 -5.0328356e-01
 -2.1897898e+00
 -6.6021782e-01
  1.7575942e+00
  3.1897202e-01
 -1.6780735e+00
 -5.8200926e-01
 -9.0194300e-02
  2.4250303e-01
 -1.3283252e+00
 -4.5685798e-01
 -8.9057076e-01
  2.5240853e-01
 -9.9592519e-01
 -7.3251837e-01
 -3.6817470e-01
  9.6546298e-01
  3.2964471e-01
 -3.5791454e+00
  6.3750672e-01
  9.4217253e-01
 -1.2517439e+00
 -2.0839489e-01
  5.4294074e-01
  7.3433387e-01
 -5.0216937e-01
  8.8055849e-01
 -5.5385745e-01
  1.6191107e+00
 -5.1368892e-01
 -9.1112804e-01
 -1.0078733e+00
  1.2685962e+00
  2.2376592e+00
  5.0769746e-01
 -3.8977259e-01
 -1.7540705e-01
  5.5916846e-01
 -1.3815463e-01
  2.4546704e-01
  7.0969778e-01
  5.0533319e-01
 -7.9202764e-02
 -1.7021246e-01
  3.6034182e-01
 -4.5550172e-04
  2.8961891e-01
  3.8365129e-01
  1.7078808e-01
 -3.1729949e-01
  4.4056562e-01
  4.6422666e-01
 -1.3236028e-01
  1.5781565e-02
 -3.6090118e-01
  5.5599034e-01
 -4.1772372e-01
  4.1857070e-01
 -1.3306189e-01
 -7.8971314e-01
 -7.2016731e-02
 -2.2344974e-01
 -2.9084072e-02
  2.0758863e-01
  6.3096505e-01
  4.0470425e-02
 -2.0156346e-02
 -2.2786142e-02
  1.1104890e+00
 -1.5035503e-01
 -3.9237434e-01
  1.3058536e-01
  1.1448748e+00
 -2.0674517e+00
 -2.8417194e+00
 -1.8096447e+00
 -3.3149302e-01
 -5.7967710e-01
  4.4277608e-01
 -7.6448905e-01
  1.1000044e+00
 -1.1443692e-01
  5.0659454e-01
 -7.1035147e-01
 -2.9751411e-01
 -2.5748360e+00
  5.2733168e-02
  3.5822377e-02
 -5.6647670e-01
 -8.3796930e-01
  5.6031573e-01
 -3.1541431e-01
 -1.0076723e+00
  1.8465069e-01
  9.9337363e-01
 -7.4933082e-02
 -2.5484762e+00
 -3.6694002e-01
  1.1648358e-01
  3.8370031e-01
  8.9930856e-01
  3.1217408e-01
  8.9481091e-01
  1.6663225e+00
 -8.8175160e-01
 -2.4516021e-01
 -1.0875524e+00
 -2.5006777e-01
 -6.1480254e-01
 -2.1861811e+00
 -8.5912281e-01
 -2.7467382e-01
  5.5859113e-01
  1.3751964e-01
  2.2848746e-04
 -7.9406762e-01
  2.2877510e-01
  5.2304590e-01
 -8.2144070e-01
  5.5997808e-02
  8.1102109e-01
 -1.0082527e+00
  2.6118886e-01
  9.8915231e-01
 -1.0502833e+00
  1.0852491e+00
 -8.6583877e-01
  3.3484110e-01
  4.0696907e-01
  7.9408944e-01
  3.0739889e-01
 -5.8138692e-01
  1.7527870e+00
  8.1616694e-01
  2.4399692e-01
 -7.7001280e-01
  2.9865148e+00
  9.7504926e-01
 -8.0015528e-01
 -4.6638805e-01
 -3.7353862e-02
  1.0276246e+00
  3.2374564e-01
 -5.4263556e-01
 -2.6014802e-01
 -1.1732231e+00
  1.6987229e-03
 -7.1173474e-02
  1.2495680e+00
 -3.0198720e-01
  4.2869736e-02
 -2.4507043e-01
 -7.4360216e-01
 -6.5805638e-01
 -1.7772009e+00
  1.7858126e+00
 -4.4579515e-01
 -6.1026625e-02
  6.3281544e-02
  3.0714110e-01
 -4.2438740e-01
  4.5337108e-01
 -2.9370815e-01
 -4.4397932e-01
 -7.3281802e-02
 -4.3891251e-01
 -4.3368262e-01
 -1.7855664e-01
  5.6007220e-03
  5.6051606e-01
 -5.2895254e-01
  1.1939494e-01
  3.0200562e-01
  1.6211440e-01
 -3.2415459e-01
  2.4103098e-01
 -1.0360620e-01
 -1.4844520e-01
 -5.7821970e-02
  3.9626080e-01
 -7.2315598e-01
 -3.9172128e-01
  1.3524351e+00
  7.0502383e-01
  6.1878896e-01
  1.0253364e-01
 -6.5688449e-01
 -3.0222717e-01
 -2.5941280e-01
 -1.6989797e-02
  8.0720007e-01
  3.3642614e-01
 -1.4021128e+00
 -2.9421383e-01
  1.0860238e+00
 -5.6591457e-01
  8.2501449e-02
  3.3949442e+00
  8.2639080e-01
 -4.3193987e-01
 -3.0209692e+00
  1.2374145e+00
  3.2262108e-01
 -5.0654930e-01
  9.9421239e-01
  6.0884124e-01
  4.8998006e-02
  1.6304557e+00
 -2.7069917e-01
 -3.7215164e-01
  6.0673237e-02
 -4.0099812e-01
  3.3189496e-01
  2.0969790e-01
 -9.0924197e-01
  6.3655931e-01
 -1.0072900e+00
 -6.2318939e-01
 -1.0478868e-01
 -2.1279164e-01
 -2.8631309e-01
 -2.5363377e-01
  9.2195719e-01
 -2.6369727e+00
 -1.7468807e-01
 -2.0597219e+00
  1.2182418e+00
 -2.6091518e+00
 -6.2948096e-01
 -4.7144851e-01
 -2.3196577e-01
 -1.5701501e+00
  7.5948948e-01
 -1.8090181e-01
  5.5863965e-01
 -7.4755317e-01
 -6.2706190e-01
 -7.8506464e-01
 -1.4369209e+00
  2.8759459e-01
 -1.1077421e+00
 -9.1683203e-01
  8.8567686e-01
  1.2174189e+00
 -2.4851972e-01
 -3.8351455e+00
 -4.7168553e-01
  7.2005135e-01
 -5.2639282e-01
  3.7418282e-01
 -9.0861022e-01
  3.8780051e-01
  5.3513539e-01
 -1.2358060e+00
  1.1216335e+00
 -4.2651090e-01
 -1.3694308e-02
 -3.9928660e-01
 -3.2749256e-01
 -3.5609266e-01
 -2.1527912e-01
 -2.2672434e-01
 -1.4328449e+00
  1.6570845e-01
 -8.6773686e-02
  5.7954490e-01
 -1.1747683e+00
  9.2784934e-02
 -2.3267450e-02
  1.8904836e-01
  4.7157866e-01
  5.9765822e-01
  1.1759888e-01
 -3.1930515e-01
  1.3918769e-01
 -3.2051814e-01
 -2.4013950e-01
  5.9497553e-01
  1.5786086e+00
 -3.8125306e-02
 -2.5429398e-01
  2.2686927e-02
 -2.5135109e-01
  7.8882033e-01
 -7.1432203e-02
  8.5589647e-01
  8.6348020e-02
  5.1368296e-01
  3.6668536e-01
 -2.0937151e-01
 -6.6535103e-01
  8.1667548e-01
  6.0650843e-01
  7.3372081e-02
 -1.1879022e+00
 -3.1708109e-01
  1.3622232e-01
  2.1174221e-01
 -3.6169744e-01
 -1.1271413e-01
 -7.1204680e-01
 -3.7310615e-01
 -1.0673089e-02
  4.6084408e-02
 -1.3455978e-01
 -2.9489359e-01
  1.3351607e-01
 -2.9937348e-01
  5.6253695e-01
 -6.2041807e-01
 -1.8782881e-01
  8.0368496e-02
  1.1549147e-01
  8.0030572e-01
 -1.2991096e+00
 -4.6410236e-01
 -3.9041257e-01
  4.1311601e-01
  8.1037587e-01
 -6.6495126e-01
  1.5434952e+00
 -5.0047851e-01
 -1.7270109e-01
  4.7097874e-01
  2.4127493e+00
  9.7526990e-02
 -2.5346103e-01
  1.2679027e-01
  4.5408397e-03
  5.4490858e-01
  5.2054182e-02
  8.7817110e-02
  3.6495342e-03
  1.0883715e+00
  8.4346628e-01
 -8.1031597e-01
 -6.5755188e-01
 -1.0750282e+00
  1.2783553e-01
 -2.4096173e-01
 -6.1455972e-02
 -4.8603651e-01
 -1.3408065e+00
  1.0390711e+00
 -6.2545025e-01
 -2.6153374e-01
 -4.3858999e-01
 -1.8505476e-01
  1.3052897e-01
 -7.4787891e-01
 -1.1840928e+00
  8.2221981e-03
  3.1365502e-01
  2.8133219e-01
  1.6891973e-01
  7.8494090e-01
  5.6335934e-02
 -8.6938757e-03
  1.3168705e-01
 -5.9228432e-01
 -1.9023508e-01
  1.3170764e-01
 -8.4443986e-01
  1.0442672e-01
  9.4704813e-01
  1.4528444e-01
 -4.1200957e-01
 -1.9052644e-01
  6.1998385e-01
  2.9673669e-01
  7.2040242e-01
  2.8117713e-02
 -4.1439414e-01
  3.2701558e-01
 -1.1402615e+00
  4.0812044e+00
  5.6835860e-01
  9.8501939e-01
  9.4292063e-01
 -3.4186816e-01
  1.5237992e+00
 -4.2309526e-01
  1.4972962e-01
 -2.7864045e-01
  4.5198672e-03
  2.2854397e-01
 -1.4986664e-01
  2.7478096e-01
  4.0078807e-01
 -4.8135839e-02
  1.1576467e+00
  4.5401692e-01
 -5.8215433e-01
 -8.5533911e-01
  1.0246291e-02
  4.4901469e-01
 -1.1455145e-01
 -2.6678028e+00
  5.2677977e-01
  3.3720651e-01
  1.2589772e-02
  1.7375064e-01
 -4.6830612e-01
 -2.0361013e+00
 -6.2812197e-01
 -1.3586339e+00
 -1.5103585e-01
  6.7243725e-02
 -3.3084634e-01
  3.2688370e-01
  6.4439958e-01
 -1.9576798e-01
 -7.4496591e-01
 -4.2662430e-01
 -6.6375178e-01
 -2.6220828e-01
  1.3509639e-01
  1.5755172e-01
 -1.8799770e-01
  6.8902068e-02
 -7.6954550e-01
  1.1881351e-02
 -2.2718477e-01
  5.8192903e-01
  6.2127087e-02
 -5.8916450e-01
 -1.5965624e-02
  5.7263225e-01
  4.9705499e-01
 -5.5007708e-01
 -6.1703581e-02
 -4.0376318e-01
  4.0576515e-01
  2.9556924e-01
 -1.0652401e+00
 -2.4877265e-01
  3.5571539e-01
 -1.8033300e-01
 -1.6707862e-02
 -5.8140981e-01
 -7.6805818e-01
  2.1572863e-01
 -8.6214714e-02
 -4.5733988e-01
  8.4486794e-01
 -1.2298672e-02
  1.4239451e+00
 -2.4379675e-01
 -7.8926109e-02
 -2.8773421e-01
 -3.6814800e-01
  2.0077378e-02
 -9.1523759e-02
 -7.5853765e-02
 -2.9065464e+00
 -7.9117984e-02
 -2.4322581e-01
 -4.5808887e-01
  5.0221026e-02
  3.1204504e-01
  6.3742824e-02
 -7.8869009e-01
  1.2593868e-01
  2.7742612e+00
  1.1458398e+00
 -8.8456559e-01
  1.3817054e+00
  5.3984785e-01
 -2.2191207e-01
 -5.5386070e-03
 -1.5585369e+00
 -2.1597353e-01
  4.2014825e-01
  5.8166063e-01
 -2.3707747e+00
 -1.3916069e+00
 -2.9106753e-02
  1.1422013e-01
  2.8380221e-01
  2.0749813e-01
 -9.1018718e-01
 -1.6493195e-01
  2.9147869e-01
 -3.4053180e-01
  1.8469544e-01
 -6.8607295e-01
 -4.4298631e-01
  3.4658343e-02
 -8.7064765e-02
 -6.2716931e-01
  1.0270231e-01
 -3.9137629e-01
  2.0033671e-01
  5.5486220e-01
  2.9876694e-01
 -1.0008440e+00
  7.8465652e-01
  5.4309305e-02
 -4.5264110e-01
  3.7701997e-01
 -4.3365714e-01
 -6.7653966e-01
 -3.3938119e-01
 -7.9512708e-02
  1.7004868e-01
 -6.4646560e-01
 -2.1422659e-01
 -1.0499907e-01
  1.8547489e-01
 -1.4642866e-01
  3.5603526e-01
  3.5128212e-01
  1.7220575e+00
  4.0667701e-01
 -1.4872761e-01
  2.4296300e-01
  5.2035975e-01
 -2.1584463e-01
 -2.5212997e-01
 -8.8348882e-03
  6.4629322e-01
  8.5032940e-01
 -3.1586338e-02
  1.0406850e-01
  3.2697943e-01
  1.2693118e-01
  1.1709614e-01
 -1.1618990e-02
  5.8369172e-01
 -2.1616027e-01
 -2.4475159e-01
  5.0382588e-02
 -7.5545716e-01
 -5.6845518e-03
  3.0079165e-01
  1.9425686e-01
  3.7603348e-01
  5.6311244e-01
  2.9712245e-01
  3.2610926e-01
  2.3096588e-02
 -8.9193714e-01
  5.1433861e-01
  3.5893780e-01
  1.8884185e-01
 -9.0762782e-01
  6.3049388e-01
 -8.2366187e-03
 -9.8725036e-02
 -8.6421067e-01
  9.6780968e-01
  1.8076199e+00
  1.1350872e-01
  3.4095037e+00
 -5.2968031e-01
 -6.7879069e-01
  2.9924684e+00
 -1.8552363e-01
  1.7499490e-01
  1.3592817e-01
 -9.6286124e-01
 -2.6941058e-01
  6.1240369e-01
  3.2240734e-01
  4.6382308e-01
 -6.8252973e-02
 -1.0714530e+00
  1.0186363e-02
 -4.9700749e-01
 -4.7427103e-02
  8.7124497e-01
 -7.9474306e-01
 -5.8373213e-02
 -2.7635071e-02
 -2.4505328e-01
  7.1194303e-01
 -4.7391009e-01
 -2.4240784e-01
  1.8186988e-01
 -3.8854378e-01
 -8.5258082e-02
 -2.4178419e-01
  1.1526131e-01
 -1.0015763e-01
 -5.8417439e-01
 -1.7395765e-01
 -3.3436444e-01
 -1.4034110e-01
 -5.9070748e-01
 -1.1791974e+00
  4.7244689e-01
  3.1142166e-01
 -5.9379238e-01
  7.0507181e-01
 -1.8009987e-01
  4.4762844e-01
 -1.8396160e-01
  3.4347159e-01
 -7.8432277e-02
 -4.1827503e-01
 -5.6851858e-01
 -4.8044685e-01
 -2.0102395e-02
  3.7059027e-01
  8.2139947e-02
 -1.2970170e-01
  1.3461262e-01
  7.3975629e-01
  2.5942805e-01
 -1.5282649e-01
 -3.7787086e-01
  2.7471232e-01
  8.3382058e-01
 -7.6292592e-01
 -2.3680193e+00
 -2.0680625e+00
  8.0065310e-01
  6.8496436e-01
 -3.4754968e-01
 -1.6602232e-01
 -8.5791713e-01
  1.2523302e+00
 -5.3456223e-01
  9.1360587e-01
  1.7340115e+00
 -6.9515473e-01
 -5.5634570e-01
  5.2061713e-01
  5.9473610e-01
  3.9033303e-01
  1.2716853e-02
  4.2114311e-01
 -6.3272351e-01
  1.6797106e-01
 -1.2749314e-01
  9.0068030e-01
  7.9604989e-01
 -3.2283524e-01
  2.1416491e-01
  2.8306189e-01
  6.8828337e-02
 -1.3229337e-01
  1.8284328e+00
  8.9586478e-01
  4.8068896e-01
 -2.5861320e+00
  8.7231621e-02
 -3.1229296e-01
 -5.0062960e-01
  3.9369527e-01
 -9.8166996e-01
  4.8443249e-01
  6.0047096e-01
  1.7333747e+00
  5.4385883e-01
 -1.6925065e-01
  6.7812428e-02
 -3.0326611e-01
  9.6585058e-02
 -1.9398795e-01
  1.1296613e-02
 -5.5234324e-02
  9.9100679e-02
  2.3360230e-01
  3.2471722e-01
 -1.8087499e+00
 -2.8657305e-01
 -3.4590238e-01
  2.3234411e-01
 -4.0366554e-01
 -5.0469047e-01
  1.2855927e+00
 -3.7984896e-01
 -2.5498292e-01
  3.3974892e-01
 -5.2481097e-01
 -5.6187701e-01
 -3.0291680e-01
  6.9320858e-01
 -3.0941811e+00
  9.1620457e-01
 -1.5154697e-01
  1.2398205e+00
  5.6571281e-01
 -9.6029408e-02
  2.4870297e-01
 -2.1022902e-01
 -5.5816895e-01
 -3.9240816e-01
  8.0589026e-01
 -3.1180915e-01
  1.8278269e-01
  2.5008088e-01
 -4.8058686e-01
 -1.2740307e+00
 -2.9086214e-04
 -4.3545705e-01
  3.4605411e-01
  4.8745000e-01
 -4.6432465e-01
 -2.2819754e-01
 -1.7304938e-01
 -4.8745239e-01
  5.4030854e-01
 -1.6757248e-01
 -4.8506454e-01
 -3.7113181e-01
 -5.1169586e-01
 -6.0391009e-01
 -3.0799085e-01
  1.6316700e-01
 -9.9542040e-01
  3.4360908e-02
  4.6773130e-01
  6.2475318e-01
  1.2676318e+00
  4.9791208e-01
  8.4967352e-02
  5.6194782e-01
  1.1215025e-01
  4.7878343e-01
 -3.0049217e-01
 -2.2962346e+00
 -4.0729380e-01
 -4.9799761e-01
  1.9453689e-01
 -2.3754390e-01
 -3.9141235e-01
  4.9542210e-01
 -4.4947049e-01
  2.8088516e-01
 -3.0466148e-01
  4.1626838e-01
 -5.5460966e-01
 -4.4264722e-01
 -3.2345030e-01
  6.6403246e-01
  2.6210237e-01
 -1.4684552e-01
  5.9909505e-01
  2.1401098e-01
 -1.8959570e-01
  3.1592360e-01
 -3.6424053e-01
 -3.4559131e-01
  4.5808427e-02
  1.4361314e-01
  5.0820146e-02
  1.9071507e-01
 -8.5283369e-02
 -2.7829740e-02
  1.7377634e-01
  3.6951303e-01
  2.7682599e-01
 -4.4594416e-01
 -2.6827639e-01
 -5.2101284e-01
  1.4490321e-02
 -8.2227111e-01
  5.7291466e-01
  5.1786238e-01
 -1.5628065e+00
  9.8047234e-02
 -1.4788382e-01
 -4.2672017e-01
 -1.4536333e-01
 -2.5403318e-01
 -1.4785706e+00
 -1.5997337e-02
  2.8828949e-01
 -9.0278286e-01
  8.4352976e-01
  3.9285344e-01
  1.3570882e-01
 -3.1892818e-01
 -4.3278221e-02
  5.1212806e-01
 -9.8997004e-02
  5.0770015e-01
  1.4358822e+00
 -4.8518154e-01
  4.4654229e-01
  5.1221657e-01
 -1.3639261e-01
 -5.6879520e-01
 -1.3082581e+00
  3.9935786e-01
 -6.2362093e-01
 -3.7383694e-02
 -2.8111416e-01
 -3.2473460e-01
 -3.0714509e-01
  1.2464657e-01
  1.0173107e-01
  6.7041063e-01
 -2.5793445e-01
 -5.5073863e-01
  5.8863336e-01
  1.4407288e-01
 -3.4215209e-01
 -2.3697872e+00
 -1.9714326e-01
 -5.0991035e-01
  8.1578565e-01
  1.9989192e-01
  2.4860410e-01
 -3.8376626e-01
  2.3785377e-01
 -2.6040635e-01
 -3.5703838e-01
 -3.3936877e-02
 -3.9533010e-01
 -1.4548879e-02
  7.8217387e-02
  3.6626729e-01
 -3.0010894e-01
 -6.2678352e-02
  3.2933742e-01
  1.7700906e-01
  3.9579174e-01
  1.1906818e-01
  7.4176025e-01
  9.4145760e-02
  3.3279157e-01
 -9.4901818e-01
  1.2577127e+00
 -2.4395874e-01
  3.8606685e-01
  2.8192535e-01
  1.4053707e-01
 -1.1964501e+00
 -5.8881915e-01
 -1.0148085e-01
 -1.1527717e+00
  6.0253423e-01
  4.5091316e-01
  6.0821235e-01
 -2.2659539e-01
 -5.8604264e-01
 -1.9986738e-01
  2.7683190e-01
 -9.8975319e-01
 -4.7108691e-02
  8.0576785e-02
  1.4862453e-02
  7.3739254e-01
 -5.5995750e-01
 -1.9405419e-02
 -3.4671286e-01
  2.0605002e-01
  5.7164836e-01
 -1.2596224e-01
 -2.5116422e+00
  1.0369726e+00
  1.2057583e+00
 -1.2920555e+00
 -4.2680427e-01
 -4.8774353e-01
 -2.4797352e-01
 -7.9723917e-02
 -1.8728751e-01
  7.5341678e-01
  1.4815009e-01
 -2.5154942e-01
 -5.0694323e-01
 -7.8853875e-01
 -5.3335482e-01
 -2.9047191e-01
  5.1165301e-01
  1.1928146e-01
  1.6711493e-01
  3.3998957e-01
  1.8780512e-01
 -1.8043064e-01
 -1.3715570e-01
  2.1764778e-01
 -1.5967880e+00
  9.1351193e-01
  4.3355867e-01
  5.5580419e-02
 -6.2271088e-01
 -2.2290494e-01
  1.4817919e+00
  4.5469707e-01
  3.0187488e+00
 -1.5011835e+00
 -6.4607871e-01
  2.3616382e-01
  6.8211250e-02
  1.7008610e-01
 -5.3741497e-01
  2.3462786e-01
 -9.2402428e-02
 -4.9809772e-01
  1.3996156e-01
  4.4857249e-01
 -2.5868356e-01
  1.0906005e-01
  5.1844990e-01
  4.9876952e-01
  2.0366104e-01
  1.1501839e-01
  1.8770081e-01
 -7.2250506e-03
  3.0721581e-01
 -9.4001658e-02
 -1.7679794e-01
 -1.8152177e+00
 -1.4384572e-01
  3.3809251e-01
  2.3910360e-01
  1.0754229e+00
 -1.4584615e+00
 -1.0274780e+00
  3.3551148e-01
  1.1146550e+00
 -6.8671215e-01
 -5.9302676e-01
 -1.3278530e+00
  2.8541020e-01
  8.0663610e-01
 -4.0213609e-01
  7.9679769e-01
 -4.3989453e-01
 -4.6458602e-02
 -6.7772895e-01
 -2.5815699e-01
 -2.0871940e-01
  1.8059915e-01
 -2.3105847e-02
  2.2620136e-01
 -1.8330666e-01
  5.8671791e-02
 -2.3899472e-01
  2.3328482e-01
 -9.7303951e-01
 -6.5990180e-02
 -9.5494366e-01
  2.5153434e-01
  6.0891151e-02
 -4.1797659e-01
 -6.0595486e-02
  4.0848976e-01
  8.5019583e-01
  2.6388702e-01
  6.4162776e-02
 -9.3224567e-01
  8.1253213e-01
 -1.4675687e-01
 -8.1318356e-02
 -1.8931171e-01
  3.8123244e-01
  1.3072775e-01
 -4.0990943e-01
 -6.6505142e-02
 -2.1165381e-01
  1.0318143e+00
  2.0310955e-01
  5.7903391e-01
 -3.6717182e-01
 -2.7566767e-01
  3.0093876e-01
 -1.4836399e-01
 -1.0202552e+00
  1.4549748e-02
 -2.5215968e-01
  2.0680280e-01
 -1.6160424e-01
 -1.9891515e-01
  6.8791759e-01
 -3.5110354e+00
  1.8162395e-01
 -4.1007853e-01
  2.2103101e-01
  6.4309883e-01
  9.1781133e-01
  1.6461117e+00
 -6.3908684e-01
  6.7019635e-01
 -5.0880378e-01
 -9.7176021e-01
  2.5378582e-01
 -8.0145520e-01
  1.4060088e-01
 -3.8491592e-01
  3.3353883e-01
  5.5161674e-02
 -2.1984200e-01
 -2.1138617e-01
  3.3426413e-01
 -5.4150831e-02
  2.8555909e-01
  6.1896257e-02
 -1.7470166e-01
 -2.3206939e-01
  7.4502105e-01
 -2.0192984e-01
 -7.0682697e-02
  4.9823725e-01
 -3.9782897e-01
 -1.2187161e-01
  1.0009176e+00
 -1.2017266e+00
 -3.8493669e-01
 -1.7427355e-01
  1.4402139e-01
  3.5811031e-01
  6.0470170e-01
 -3.3365163e-01
  6.0613167e-01
  1.9658777e+00
 -4.2137799e-01
  3.7214555e-02
 -4.0268101e-02
  7.8114796e-01
  2.7188453e-01
 -1.0462296e-01
 -4.2270204e-01
 -1.4953320e-01
  7.2624624e-01
 -6.5544522e-01
  4.5748076e-01
 -1.9903409e-01
  5.9395719e-01
 -2.3190050e-01
  9.0302557e-01
 -2.3235407e-01
 -3.4638336e-01
 -1.0873853e+00
  2.2984309e-01
 -6.5083516e-01
 -2.8732626e-02
 -1.2857591e+00
  4.3298039e-01
  6.2416542e-02
  9.7175872e-01
 -1.3969266e-01
  6.5079415e-03
 -8.6016381e-01
 -1.5344427e+00
  4.7177204e-01
  6.6530699e-01
  3.3127391e-01
  4.6152070e-01
 -2.1344347e-01
 -2.9576498e-01
  1.2274693e+00
 -7.0852078e-02
 -7.4539673e-01
  3.2846108e-01
  2.3796615e-01
  5.2430564e-01
  3.7778077e-01
 -7.3868088e-02
 -7.3035322e-02
 -8.0087505e-02
  1.0520576e+00
 -2.3572755e-01
 -1.8464325e-01
 -1.6688722e+00
  8.8951743e-01
 -7.8925020e-01
 -2.7462491e-01
  6.4856791e-01
 -9.0412074e-01
  1.7264998e+00
  3.1456968e-01
 -1.1191836e-02
 -1.1489489e-01
 -2.7286962e-01
 -1.3280965e+00
  8.7046856e-01
  1.9520526e-01
 -1.6658045e-01
 -1.5694371e-01
 -1.2720789e-01
  3.4765184e-02
 -1.1760849e+00
 -2.1919386e-01
  2.6684186e-01
  1.2106577e-01
 -3.2592943e-01
  3.7001738e-01
 -4.2616612e-01
  3.1987047e-01
  2.3992740e-01
 -1.5018153e-01
 -5.5159789e-01
 -1.5199988e+00
 -1.3341027e-01
  5.6167382e-01
  2.3659886e-01
 -5.7427305e-01
  7.5823617e-01
 -2.6401335e-01
  5.1035851e-01
  5.7966936e-02
  5.9585847e-02
  4.1943190e-01
 -9.5857205e-03
 -5.0939523e-02
  6.9008678e-01
 -2.4052978e-01
 -9.6236013e-02
  3.8482746e-01
  1.2243620e-01
  2.0321218e-02
  5.8691216e-01
 -5.5433792e-01
 -2.9185989e-01
 -1.1912607e-01
 -1.4529116e-01
  3.0641061e-01
  2.5742406e-01
 -5.8795017e-01
  4.2334445e-02
  1.7718343e-01
  1.2739297e+00
  2.4903297e-02
 -2.5070277e-01
  3.0731371e-01
 -1.6219409e-01
  6.0100597e-01
 -9.4338262e-01
  7.6382197e-02
  9.8186255e-01
 -4.7478813e-01
  1.2531772e-01
  1.9544545e-01
 -2.9599902e-01
 -3.9375362e-01
  3.8073200e-01
 -6.8327975e-01
  9.7808413e-02
 -5.7575047e-01
 -2.2034390e-01
  1.3811348e-01
 -1.7859487e-02
 -2.6589969e-01
 -2.1184975e-01
  3.0742997e-01
  9.2943750e-02
 -1.9398433e-01
 -1.6725057e-01
  2.8891602e-01
  5.7601255e-01
  2.4195996e-01
  2.9536042e-01
  8.9685000e-02
 -1.6093737e-01
  3.5938644e-01
 -5.4035246e-01
 -3.8177136e-01
 -7.6461112e-01
 -6.2618233e-02
  3.0293056e-01
 -1.0283008e-01
  3.2268664e-01
 -6.8578058e-01
 -3.0640599e-01
 -1.9447598e-01
  2.3141548e-01
 -5.1081878e-01
 -1.6075215e-01
 -3.1132275e-01
 -1.7686386e-01
 -7.2102326e-01
  1.7325022e+00
  2.7913201e-01
 -5.7835066e-01
  2.1299894e-01
  2.4644041e-02
  5.1887959e-01
  2.2974767e-01
 -2.3632082e-01
  3.0042785e-01
  4.2004994e-01
 -4.2394277e-01
 -2.3067936e-01
 -1.9027816e-01
 -2.7934498e-01
 -6.2578268e-02
  5.6591350e-01
 -7.8307158e-01
 -1.1124675e+00
 -1.7549577e-01
 -3.0343689e-02
  1.4668168e-01
  3.4369788e-01
 -2.8314126e-01
  2.1402115e-01
 -3.8470057e-01
  2.4734788e-02
 -1.4277935e-01
  1.5058847e-01
  7.0098795e-02
  3.0082178e-01
 -3.5932896e-01
 -1.7737615e-01
  2.3876335e-01
  4.3606933e-02
  9.8506266e-01
 -1.6741288e-01
  6.9722110e-01
  5.7044500e-01
  2.6546857e-01
 -8.7738842e-01
 -6.3950747e-01
 -1.7382935e-01
  2.0262533e-01
  5.2588660e-01
  2.8990934e-02
 -7.0688236e-01
 -4.7403648e-01
 -3.8014969e-01
 -7.5709677e-01
  2.9661899e+00
  1.0539268e+00
 -1.5722444e+00
 -1.0486120e+00
 -5.3382236e-01
  1.4026387e-01
 -9.6768481e-01
  3.2379212e+00
  1.6961513e+00
 -1.0322554e+00
 -1.3188910e-01
  2.9978228e-01
 -2.7243167e-01
  8.6457819e-01
 -9.3168497e-01
  1.2062000e+00
  2.6466815e-02
  1.1959943e+00
 -9.9264169e-01
 -6.7527264e-02
  3.7878808e-01
  2.5817204e-01
  1.2237379e-01
  2.9847324e-01
  4.2126209e-01
 -5.1609474e-01
  6.4220291e-01
  4.5056564e-01
  1.1808200e+00
 -1.6377813e+00
 -3.6934859e-01
 -3.3465376e-01
 -4.1629363e-02
 -5.1907450e-01
 -1.1955812e+00
  3.7224474e+00
 -4.0382510e-01
  9.0368128e-01
 -7.1107757e-01
  1.0349548e+00
 -5.5575037e-01
  5.2242291e-01
  6.6626298e-01
  1.4477268e-01
  2.2271098e-01
 -2.1779701e-01
  7.6528892e-02
  3.5625309e-01
 -2.5562992e+00
  4.0747300e-01
 -2.8547890e+00
  5.5245202e-02
 -3.2810259e-01
 -2.8491440e-01
  1.4477286e-01
 -1.5882924e-01
 -1.1007164e+00
 -6.8836385e-01
  2.0527389e+00
  7.3213607e-01
  1.1816857e+00
  1.5171441e+00
 -2.7404240e-01
  3.9490923e-02
  1.3414568e+00
 -8.6801916e-01
 -3.0964118e-01
 -1.1423752e+00
  2.0482704e-01
  2.4886787e-01
 -4.9727136e-01
  2.7606252e-01
  5.2186614e-01
 -7.5378877e-01
  5.9821453e-02
 -9.4268090e-01
  2.7894041e-01
 -9.4579911e-01
  4.7389486e-01
 -3.7035674e-01
 -5.5392587e-01
  3.2176530e-01
  2.6106641e-01
  6.0464758e-01
 -6.1079872e-01
  1.2057161e+00
  1.5979205e+00
  1.5488632e+00
 -1.0028206e+00
  1.2691593e-01
  1.1279777e-01
 -3.9559221e-03
  7.4074066e-01
  1.3301922e+00
 -4.3860132e-01
  4.7266567e-01
 -3.0339384e-02
  1.3045641e+00
  8.4903848e-01
 -2.5925982e-01
  7.7560538e-01
  2.8025234e-01
  7.3446292e-01
 -2.8244519e-01
 -5.3752166e-01
 -3.2293802e-01
  1.3615741e-01
 -3.0299535e-01
  1.0144947e-01
  8.8222651e-03
 -2.2573915e-01
 -2.3658204e-01
 -4.3901783e-01
 -7.0951782e-02
 -5.2080834e-01
  3.7106344e-01
 -5.5557084e-01
 -9.5088261e-01
  9.7175288e-01
  1.9820700e+00
 -1.6272076e+00
  2.7722847e-01
 -8.9396343e-02
  5.4392472e-02
  7.3355389e-01
 -3.2316673e-01
  1.5403828e-01
  2.7031528e-02
  1.1523350e-01
  4.5777467e-01
 -5.0495988e-01
  2.4412887e-01
 -1.3182546e-01
 -5.6637108e-01
  8.5506684e-01
  1.1349810e-01
  8.7202525e-01
 -8.7274805e-02
  3.5512143e-01
 -1.7622539e-01
  4.4049695e-01
 -2.5124660e-01
  7.9134896e-02
  8.6512077e-01
 -1.2586497e+00
  3.1357372e-01
 -3.9622170e-01
 -3.0326790e-01
 -7.3917413e-01
  9.3787187e-01
 -2.4611317e-01
  5.6631470e-01
 -3.7757275e-01
 -2.0020697e-01
  1.8838832e+00
  2.1395269e-01
  2.8666645e-01
 -1.3518110e-01
  5.0897813e-01
 -7.0636779e-02
 -1.2757978e-01
  4.1621155e-03
  6.0822032e-02
  1.1242419e-01
 -2.4819949e-01
 -4.1205347e-01
 -6.6791594e-02
  2.2354178e-01
 -1.2356330e-01
  3.8482779e-01
 -2.9131004e-01
 -2.2288255e-01
 -3.5430625e-02
 -5.0630015e-01
  1.5844437e-01
  7.1956390e-01
  4.8782751e-01
  9.4246739e-01
 -1.0299853e+00
  5.3487253e-01
  3.9954364e-02
 -5.5222917e-01
 -1.1192435e-01
  5.5820036e-01
  1.3525565e-01
 -1.6898789e-01
 -2.4446070e-01
 -5.8607918e-01
  8.5458827e-01
 -7.1414417e-01
 -2.3324890e-01
 -2.3959485e-01
  2.5463623e-01
  2.1072380e-01
 -6.0039902e-01
 -5.0716418e-01
 -1.7184737e-01
  1.7751800e-01
  4.4143087e-01
  4.1894984e-01
  4.2274213e-01
  1.3931239e+00
  6.5256172e-01
 -8.9325957e-02
  1.1316572e-01
  2.9196006e-01
 -6.6879886e-01
 -1.2234071e-01
 -1.6203304e-01
  7.0438433e-01
 -1.2407226e-01
  3.5847840e-01
  5.7833962e-02
  9.0119666e-01
 -1.1312890e-01
  6.9219947e-01
 -2.5303481e+00
 -5.2337337e-02
  2.0518955e-02
 -8.4857024e-02
  2.2967425e-01
 -1.2177907e-01
 -2.9269502e-02
  3.3836964e-01
  1.5132312e-01
 -2.5838920e-01
  4.2740712e-01
 -4.0821213e-02
  5.3326702e-01
 -3.5936800e-01
 -2.5264421e-03
  2.8683922e-01
 -2.5033343e-01
 -3.1888774e-01
  4.7653660e-01
 -5.9966570e-01
  2.2476760e-01
 -8.1979263e-01
 -4.0624333e-03
  2.9237589e-01
  7.0906788e-01
 -2.6148188e-01
  2.4975213e-01
 -3.0146885e-01
 -1.3005067e+00
 -1.5276925e-01
 -3.3762440e-01
 -2.6528797e-01
  4.0144768e-01
  1.8728237e-01
 -3.6122829e-01
  1.1638575e-01
 -6.5236819e-01
 -3.8588107e-02
 -2.5753266e-01
 -1.5520905e-01
 -7.6711899e-01
  1.2160289e-01
  1.3734412e-01
 -1.2873484e-01
 -1.4986934e-01
 -1.0655103e+00
  2.6209229e-01
  5.6347591e-01
 -7.7428603e-01
  1.3576024e-02
 -1.0894363e+00
 -6.5049946e-01
 -1.3545699e+00
  7.5531679e-01
  3.3957723e-01
  1.0256395e-01
  6.6239798e-01
 -2.5132579e-01
 -1.6883053e+00
 -3.4252606e-02
 -4.4857192e-01
 -2.7380800e-01
  5.5162054e-01
 -1.2423596e+00
  7.1928632e-01
 -4.3721769e-02
  1.7721708e-01
 -1.1664735e-01
 -1.1611439e-01
 -9.4649494e-02
 -8.5407591e-01
  3.6844686e-01
 -1.6375956e-01
 -8.4978127e-01
 -1.0604447e-01
  3.0273363e-01
 -1.1775471e+00
 -4.9795926e-02
 -9.6991736e-01
  1.5584779e-01
  1.1732180e+00
  1.8678030e+00
 -2.4930288e-01
  9.7873367e-02
 -2.2316985e-01
 -4.1265047e-01
 -1.0617180e+00
 -1.6911992e+00
 -1.7483306e-01
 -1.1758714e+00
  5.7392401e-01
 -4.9766928e-01
  3.3265272e-01
  5.6265891e-02
 -4.1839054e-01
  2.8650340e-01
 -4.2445621e-01
 -5.4458767e-01
  4.1284752e-01
 -1.4087096e+00
  8.9067429e-02
 -7.1092457e-01
 -6.7385375e-01
  3.2856360e-02
 -1.8362859e-01
  3.8943142e-01
  3.3383676e-01
  4.6845892e-01
  2.8612629e-01
  3.4524974e-01
 -3.4458831e-02
 -1.4566128e-01
 -1.5169121e-01
 -6.4887539e-02
  1.1774647e-01
 -2.6909348e-01
 -2.2388011e-02
 -2.8207581e-02
 -3.2296196e-01
  3.9983878e-01
  2.2311598e-01
  2.0928347e-01
  1.9060177e-01
 -7.9028976e-01
 -3.6179650e-01
 -3.2047242e-02
  7.4107386e-02
  9.1216877e-02
  7.7461386e-01
 -2.8653324e-01
 -2.2245243e-01
  4.7571003e-01
  5.2846205e-01
  7.4673638e-02
 -1.3898779e+00
  2.5918508e-01
 -2.7190366e-01
 -6.9277547e-02
 -8.0168867e-01
  3.5714284e-01
  1.0043513e+00
 -2.7917787e-01
 -4.8501226e-03
 -5.8792585e-01
  6.0975939e-01
  3.9888379e-01
  6.5494537e-01
  1.1967497e-02
  1.0242794e-01
 -2.4198584e-01
  2.6910371e-01
  3.5396099e-02
  4.4064644e-01
 -4.3795419e-01
 -1.8768685e-01
 -1.5939976e-03
  3.1856400e-01
  1.0624425e-01
 -5.2183535e-02
 -4.6810398e-01
 -2.4648181e-01
  2.8376096e-01
 -1.4707074e-01
 -6.2206797e-02
 -1.2537802e+00
  4.1294429e-01
  1.6733583e-02
 -1.4488426e-01
  1.2537769e+00
 -9.1843210e-02
  7.0800388e-01
 -1.2324594e+00
 -4.3025044e-01
  8.1772232e-01
 -5.7603633e-01
 -1.1210544e-01
 -2.9482973e-01
 -5.6364381e-01
  3.2595915e-01
 -3.0186719e-01
 -1.5571532e-01
 -4.9823347e-01
 -7.7281065e-02
  1.3210671e-02
 -1.1391497e-01
 -4.1578388e-01
 -1.3807707e-01
 -8.7240505e-01
 -2.9200548e-01
 -7.6679885e-01
 -5.4219025e-01
 -5.6026000e-01
 -2.0162151e+00
  3.5108095e-01
  6.4877379e-01
  3.1907983e-02
 -2.2647893e-01
  1.3488069e-01
 -1.0666926e-01
 -1.8074886e+00
  9.5655179e-01
  4.7721807e-02
  4.8607263e-01
  1.3993600e-01
  2.8509635e-01
  7.6008683e-01
 -1.0067496e-01
  6.8766838e-01
 -4.9170157e-01
 -4.9286017e-01
 -1.9625351e+00
 -1.2471573e-01
  2.8015393e-01
  2.8107443e-01
 -3.4081334e-01
  1.6762879e-01
  1.5456514e-01
 -3.0394095e-01
  2.5831085e-02
 -2.5433004e-01
 -1.4235504e-01
 -2.5181583e-01
  1.5951625e+00
 -4.8706192e-01
 -2.3808153e-02
  3.8380507e-01
  6.5302318e-01
 -4.3160124e-03
  4.1636732e-01
 -2.5675973e-01
  2.6641581e+00
  1.6407148e+00
 -1.0034365e-01
 -1.2838840e+00
  2.3776904e-01
 -1.7431724e-01
  1.6207626e-01
 -5.3163238e-02
 -3.6943930e-01
  1.5967807e-01
  4.7051129e-03
 -3.7821361e-01
  6.5274197e-01
 -2.4093060e-01
 -6.9589347e-01
  5.0980324e-01
 -8.1749059e-02
 -3.0481532e-01
 -1.3780706e-01
 -3.2861283e-01
  2.6129830e-01
  2.1352252e-01
  4.3429768e-01
 -1.7074445e-01
 -3.4310389e-01
 -4.6276234e-02
 -1.0141433e+00
 -1.9058692e-01
 -6.6609210e-01
  7.6654261e-01
 -9.4508506e-02
 -4.2755950e-02
  8.4513173e-02
 -2.4712552e-01
 -3.6986992e-01
  1.3217831e-01
 -9.7106439e-01
 -2.3720539e-01
 -4.9513924e-01
  2.6153389e-01
 -3.5141703e-01
  3.5918024e-03
  3.2590047e-01
  1.2946957e-01
 -6.4520991e-01
 -2.9431704e-02
 -7.6328486e-01
 -5.7457227e-01
  8.5662687e-01
  4.6422303e-01
 -1.7262310e-01
  3.0639783e-01
 -6.9332562e-02
  5.6692505e-01
  6.0838056e-01
  6.0233253e-01
  8.6185219e-06
  3.7578869e+00
 -1.5681821e-01
  5.1819952e-03
 -1.4506297e+00
 -1.6925871e+00
  4.0026882e-01
  2.5997927e+00
 -1.1103763e-01
  3.5477683e-01
  4.0741515e-01
 -8.3199996e-01
 -6.3862127e-01
 -3.5974273e-01
  6.9120455e-01
 -4.1875771e-01
 -2.5295335e-01
 -4.4834706e-01
 -4.1242239e-01
  2.5995415e-01
 -1.3498595e-01
  2.7365601e-01
  5.2459729e-01
  1.1157157e-01
 -7.3172145e-02
 -1.4517562e-01
 -3.6440137e-01
 -1.5713564e-01
  2.8747293e-01
  1.4625986e-01
 -2.3327903e-03
  5.0241429e-01
 -4.1966537e-01
  6.9666225e-01
 -1.3447990e+00
 -5.5595666e-01
  4.5279178e-01
  8.3743967e-02
 -1.2322733e+00
  1.3572572e+00
  1.4335343e+00
 -4.9413380e-01
 -1.4983548e+00
 -5.7670999e-01
 -2.0449390e+00
 -5.1770431e-01
  1.0290722e+00
 -2.0851698e+00
 -3.4723914e-01
 -1.4629829e-01
  8.1234151e-01
  6.0431749e-01
 -9.3518424e-01
 -1.2189722e+00
 -6.9525439e-01
 -1.0539194e-01
  1.3710824e+00
 -5.9034234e-01
  8.0677313e-01
 -5.2518982e-01
 -5.0769585e-01
  2.1158297e+00
 -1.7057669e+00
 -8.5739905e-01
 -8.3122112e-02
  3.9928854e-01
 -6.5952462e-01
  1.2480981e+00
  3.4297428e-01
 -2.3925287e-01
 -2.3662843e-01
  2.5211141e+00
  9.9594079e-02
 -2.5108564e-01
  1.6492882e-01
 -2.2173911e-01
  7.7324772e-01
 -1.0599674e+00
  2.5338823e-01
 -2.2443616e-01
 -3.8005015e-01
  1.4425305e+00
 -7.0385188e-01
 -3.8367757e-01
  4.6162534e-01
 -1.1151462e-01
 -7.8355214e-03
  8.2442737e-01
 -5.3985214e-01
  2.0760207e-01
  1.2446229e+00
  6.8904534e-02
 -1.5687576e-01
 -2.2832252e-02
 -9.8372585e-01
 -6.3586098e-01
 -2.0980521e-01
  6.8962586e-01
 -2.9886794e-01
 -1.4243961e-02
 -6.7133182e-01
 -2.1430280e-02
 -1.7980707e-01
 -5.0049145e-02
 -3.3747989e-01
 -2.6957685e-01
  4.4852003e-01
 -2.3589027e-01
  3.0618191e-01
 -3.3083865e-01
 -3.0932876e-01
  2.6169196e-01
  1.0377565e-01
  2.3428464e-01
  6.2853801e-01
  3.6272568e-01
 -8.9929569e-01
 -3.3962941e-01
  8.2264346e-01
  2.8677708e-01
 -1.6910614e-01
 -9.6937612e-02
  1.0344820e-02
  2.3228200e-01
 -7.9083687e-01
 -1.1981220e+00
 -2.4590600e-01
 -1.4352316e-02
 -1.4429194e+00
  6.5929769e-04
  3.7801632e-01
 -1.6229254e+00
  3.2948709e-01
  1.1314456e+00
  3.0701342e-01
 -8.7621069e-01
 -3.2869360e-01
 -8.2246178e-01
  7.8420675e-01
 -1.3097364e-01
 -7.0347285e-01
 -1.0375570e+00
  9.5628750e-01
 -9.3679792e-01
  4.3855780e-01
  7.2107011e-01
 -9.8568052e-01
 -9.7487426e-01
 -4.9946120e-01
 -3.2314378e-01
  7.0588535e-01
  1.4389016e-01
 -1.6862491e-02
 -4.3921390e-01
 -9.8851049e-01
  7.5483076e-02
  4.2790014e-01
 -4.2023471e-01
 -6.3205533e-02
  5.7971716e-02
  9.7792363e-01
 -2.5916274e+00
  1.6052407e+00
  1.0055525e+00
 -1.0180584e-01
  3.7857500e-01
  5.2319211e-01
 -1.8256581e+00
  4.0903814e-02
 -1.3483749e-01
  3.7348816e-01
  2.4043916e-01
 -1.3088736e-01
  6.3402349e-01
 -5.6539816e-01
  2.5056580e-01
  4.1044373e-02
  8.3792913e-01
  3.0394438e-01
  9.0318030e-01
 -1.7155991e-01
  2.7081916e-01
 -2.6957963e+00
  7.1834534e-01
  4.8677939e-01
  6.6745174e-01
  9.1085657e-02
 -1.8392867e+00
  4.4375870e-01
 -2.9406956e-01
 -1.9247149e-01
 -8.4854281e-03
  3.9014670e-01
  3.3169714e-01
  3.0667806e-01
 -2.5234636e-02
 -1.9591447e-02
 -6.2151056e-02
  7.3037815e-01
  7.2515607e-01
  8.7430447e-02
  5.5632764e-01
 -2.8835821e-01
 -9.4061665e-02
 -6.5909868e-01
 -3.7032005e-01
 -3.7086770e-01
 -3.7651742e-01
 -7.9360664e-02
 -2.7658746e-01
  5.0059444e-01
 -5.9186798e-01
 -5.3213567e-01
 -3.9474904e-03
 -7.6288357e-02
 -1.5905643e+00
  1.0228750e+00
 -3.2542350e+00
 -1.7315548e-02
 -1.8202125e-01
  1.1933812e+00
  1.6048647e-01
  3.6814135e-01
 -4.5797589e-01
  5.7769030e-01
 -3.6432734e-01
 -1.3874978e-01
  1.0661569e+00
  7.5411046e-01
  2.2578883e-01
  1.3407108e+00
 -4.8661512e-01
  5.2457511e-01
 -1.1396307e-01
  5.0607616e-01
 -2.1621053e-01
  7.1477585e-02
  1.6765387e+00
  3.1162527e-01
  1.9881266e-01
  4.4602647e-01
  8.3782935e-01
  5.1473749e-01
  4.8703489e-01
 -1.8618692e+00
  1.6816635e+00
 -7.6217167e-03
  3.6113465e-01
 -1.5738732e+00
  4.1133165e-01
  3.9095033e-02
 -1.4524199e+00
  1.4124364e+00
  5.3076249e-01
 -2.7814528e-01
  2.8312746e-01
  3.8114020e-01
 -5.1768011e-01
 -8.8674235e-01
  4.6143398e-01
 -1.0224781e+00
 -7.4224174e-01
 -5.6710851e-01
 -9.0869105e-01
 -1.1296300e-01
 -5.1010031e-01
  4.4178507e-01
  4.4966409e-01
  4.5465663e-02
 -4.4731826e-01
 -8.4676361e-01
  3.0464038e-01
 -5.4518342e-01
  3.2069039e-01
 -1.4045095e+00
  1.2083088e+00
 -7.6769710e-01
  2.8398638e+00
  2.3350616e-01
 -7.2251135e-01
  1.7934746e+00
 -9.6554154e-01
 -3.5489570e-02
  3.5417676e-01
 -6.1990494e-01
 -2.3268245e-01
  1.6848878e+00
  8.4056866e-01
  7.8586690e-02
 -5.7445783e-02
  4.1654980e-01
  1.5235425e+00
  5.2478021e-01
  1.4428970e+00
  1.6727206e-01
  4.8413435e-03
  1.2303261e+00
 -5.1600677e-01
  2.5543839e-01
 -2.1188185e-01
 -1.8482690e-01
  3.6279941e-01
 -1.3305825e+00
 -2.0547184e-01
  3.1909776e-01
  1.1417107e-01
  2.6762190e+00
 -6.9678968e-01
 -4.0390530e-01
  4.3919146e-01
 -1.0839414e-01
 -7.4307311e-01
 -1.3442531e-01
 -5.7902701e-02
  7.0923865e-02
  1.9392528e-01
  3.3998120e-01
  2.3626187e-01
 -2.7166188e-01
  1.9869175e-02
 -5.4348314e-01
 -3.3722606e-01
 -3.4951728e-02
  5.3044870e-02
  4.5365166e-02
  5.4673404e-01
  7.7363618e-02
 -3.8619328e-02
 -1.0071915e+00
  1.6414416e-01
 -4.3175945e-01
 -2.5829789e-01
 -8.5983926e-01
 -3.4884453e-01
  3.6149199e+00
 -6.5697813e-01
  1.3934237e+00
 -1.5479479e+00
 -8.2886702e-01
 -9.1885483e-01
  7.7172083e-01
 -7.9678333e-01
  2.8442979e-01
 -1.2097290e+00
  1.2656917e-02
 -7.0881307e-01
 -9.2646050e-01
 -1.0676730e+00
 -3.6767331e-01
  8.7397075e-01
  3.0828589e-01
  5.5565012e-01
  1.3224046e+00
  1.2744241e-03
  7.3715985e-01
  4.7868658e-02
  1.1348466e+00
 -1.9287471e+00
  1.6325445e-01
 -1.4691673e-01
 -5.9636164e-01
  1.6794586e-01
  2.2974609e-01
 -1.6856966e+00
 -4.3839118e-01
  1.6772531e+00
 -3.3627242e-01
  6.5124428e-01
 -1.8269362e-01
 -1.3205966e-01
  4.9957156e-01
  8.3825886e-02
 -1.0686941e-01
  8.4358580e-02
 -3.5760981e-01
  7.6448452e-01
  2.0966027e+00
 -6.0151851e-01
 -7.2952062e-02
 -1.7076726e-01
  8.2866806e-01
  1.0231344e-01
 -3.7034929e-01
 -1.9228626e-02
  2.1681088e-01
 -4.9553233e-01
  9.7924381e-02
  2.7656415e-01
  1.8308958e-01
  3.2460934e-01
 -4.1696665e-01
  8.3217371e-01
 -5.3890467e-01
 -1.2968120e-01
 -2.9196230e-01
  1.3939518e+00
 -4.1295245e-01
 -7.5993752e-01
  1.5204133e-01
  6.5305293e-01
 -1.5941539e-01
  1.5209510e+00
  3.7584692e-01
  5.0332445e-01
  3.1971222e-01
 -3.9586294e-01
 -5.1051825e-01
 -1.8711835e-01
  7.5208142e-02
 -5.8917755e-01
  4.4720522e-01
  5.1427305e-01
 -4.1142780e-01
  9.8368108e-01
 -7.2206117e-02
  2.6458601e-02
 -3.5523820e-01
  8.7891445e-02
 -9.3543135e-02
 -8.5263628e-01
 -1.8933122e-01
  1.1196734e-01
  1.0164851e-01
  4.9776828e-01
 -2.7506399e-01
  2.9714659e-01
 -3.5043672e-01
  6.0829538e-01
 -8.4076887e-01
 -7.0966232e-01
 -2.8902976e-02
 -1.7948425e-01
 -2.3631698e-01
  5.2270406e-01
  9.5237851e-02
 -9.9269167e-02
 -1.5996007e+00
 -5.5944639e-01
  7.0986819e-01
 -3.6663926e-01
  1.6188835e+00
 -7.7644475e-02
  6.2580413e-01
 -3.5953966e-01
 -7.0022531e-02
 -9.9987693e-02
 -1.6179897e-02
 -1.3307990e-01
 -1.9920972e-01
  3.5551211e-01
  1.8644169e-01
 -3.0645782e-01
 -1.2134682e+00
  2.2797883e-01
 -1.2528178e-03
  2.0498757e-01
  8.7037049e-02
 -4.6124488e-01
 -2.7220243e-01
  1.8982291e-01
  4.1256654e-01
  9.3475848e-02
 -2.4595242e-03
  1.1728845e-01
  7.1385600e-02
  1.6766386e-01
  1.5462232e-01
  2.3502254e-01
  5.7799667e-01
 -1.8804227e-01
 -3.4240760e-02
  3.7260804e-01
 -7.7562410e-01
  1.7672738e-01
  1.1140509e-01
 -4.9548879e-01
  3.6458701e-01
 -2.8215960e-01
 -1.9511233e-01
 -9.2984253e-04
 -2.7064702e-01
 -1.4907794e+00
 -2.4103214e-01
  1.5466365e-01
 -5.7058638e-01
  1.6228579e-01
  7.4065620e-01
  2.2128837e-01
 -6.2064564e-01
 -9.1757947e-01
  1.5508045e-01
  5.8773732e-01
  2.8162658e-01
 -4.2288432e-01
 -1.6778147e-01
  1.4350020e-02
 -1.1980513e+00
 -3.8457248e-01
 -1.4572194e-02
 -1.9362772e-02
 -4.0396091e-01
 -3.8518113e-01
  3.2076952e-01
 -3.0752515e-02
 -1.4371900e-01
 -3.9911725e-02
 -2.6273164e-01
 -4.0540877e-01
 -2.6042542e-01
  2.8627563e-01
 -3.2837197e-02
 -2.7577132e-01
 -2.3821050e-01
  5.5741608e-02
 -2.3730470e-01
 -3.0327284e-01
 -1.3523142e-01
  1.5915618e+00
 -2.7321771e-01
  7.8384340e-01
  7.7434409e-01
  1.7297901e+00
  1.9850920e-01
 -2.6592754e-02
 -7.9444841e-02
 -1.5797627e-01
 -1.0811141e-01
  2.2108321e-01
  1.7978504e-01
  1.4856562e-01
  3.7785988e-02
 -3.4369868e-01
  7.4945962e-01
 -5.9657548e-02
  3.2412324e-02
  1.9231836e-01
  3.1722200e-01
  2.2702235e-01
  6.2316424e-01
  6.3606814e-02
 -2.5271053e+00
  5.2263212e-01
  9.5966332e-02
 -2.3008035e-02
  1.3736603e+00
 -3.8613254e-01
 -2.5556496e-01
 -7.8010611e-02
  2.7967486e-01
 -1.1256098e+00
  5.4930855e-02
 -3.0020484e-01
 -4.7050901e-02
  2.6911896e-01
  3.3099645e-01
 -1.2526448e-01
  4.8235783e-01
 -2.2043037e+00
 -4.5897293e-01
 -6.1955082e-01
 -2.2075521e-02
 -2.7380252e-01
  4.5652914e-01
  1.0263005e-01
 -1.2763049e-01
  2.1294019e-01
 -1.2043325e-01
  1.6912426e-01
  1.6333297e-01
 -5.0086367e-01
 -8.3734280e-01
 -1.5420250e-02
  3.1951761e-01
  2.1536586e+00
 -2.0814623e-01
 -2.4375763e+00
 -2.0193136e+00
 -9.5123893e-01
 -7.5095572e-02
 -4.3661353e-01
 -2.4496470e-01
  1.3388611e+00
  6.5772110e-01
 -6.1068726e-01
  8.5143846e-01
  1.4442921e+00
 -1.8983442e+00
  5.2896748e+00
 -8.1217104e-01
  1.8292022e-01
  1.8493319e-02
  4.1155690e-01
  1.6134211e-01
  1.6081864e+00
  1.1716478e+00
  5.3383574e-02
 -1.7263440e+00
  3.1244314e-01
  3.6929172e-01
  5.5917448e-01
 -3.2189056e-01
 -4.7372264e-01
  1.3341501e-02
  1.8951494e-01
 -1.2939890e-01
 -3.4252647e-01
 -7.7547170e-02
 -3.4883094e-01
  3.5386783e-01
  2.3768279e-01
  1.1020230e-01
  6.6282135e-01
 -5.9200469e-02
 -3.1085315e-01
  1.7325106e+00
 -3.1252950e-01
 -4.5107201e-01
 -2.9225403e-01
  1.3797463e-01
  1.1253305e-01
 -2.0946914e-01
 -1.5053990e-01
  3.6335516e-01
  2.3354401e-01
  2.2133557e-01
 -1.0835204e-02
  1.4926527e-01
  2.3093219e-01
 -1.0120807e+00
  2.9715380e-01
 -1.0161954e+00
 -4.0184465e-01
  4.9388227e-03
  9.7365463e-01
 -1.0942776e+00
 -3.9687818e-01
 -1.3712743e-01
  2.9044566e-01
  1.8235372e-01
  1.6337037e-01
  3.1021623e-02
 -2.4740759e-02
 -2.4001029e-01
  1.3856630e-01
 -3.1152102e-01
 -8.1118621e-02
  5.9906250e-01
  2.3150861e-01
  2.7915379e-01
 -1.1847832e-01
 -8.4286876e-02
 -5.3383476e-01
  3.7584484e-02
 -1.9541314e-01
 -6.2714410e-03
 -6.0360330e-01
  2.0299737e-01
 -1.0175287e-01
  3.8613698e-01
 -2.5238797e-01
 -2.0482078e-01
  1.0307862e+00
 -7.3045266e-01
 -5.7830466e-03
  2.7563226e-01
 -1.3854299e-01
  2.4658492e-01
 -1.5096787e+00
  1.4180452e-01
  7.5319506e-02
 -1.3256894e-01
  3.3102271e-01
 -1.7822373e-01
 -2.8451347e-01
  6.9032848e-02
  3.1319869e-01
  1.1678390e-01
  1.2227602e-01
 -5.8838420e-02
 -6.3462108e-01
  1.2744063e-01
  1.4336088e-01
  3.0296206e-01
 -3.8804626e-01
 -1.8710749e-01
  3.6081931e-01
 -3.6562207e-01
  3.7991384e-01
  1.0869893e-01
 -3.5780501e-02
 -4.1453121e-03
  9.1816392e-03
  1.0299579e-01
 -1.1916448e-01
 -3.3205381e-01
 -7.5395584e-01
 -8.7865867e-02
 -5.8836770e-01
  3.9636263e-01
 -2.3771112e-01
 -4.0461263e-01
  3.0358461e-01
  4.1476186e-02
 -6.1927654e-02
  1.4538670e-01
 -8.2727110e-01
 -4.3563941e-01
 -7.4263185e-01
  3.6019687e-02
 -9.9624473e-01
  5.3957140e-01
  1.0231820e+00
  2.4676564e-01
 -3.2962006e-01
 -2.4425501e-01
 -1.4829315e-01
 -4.9273882e-02
  5.4084718e-01
  4.8895901e-01
 -1.6254278e-01
  6.4039655e-02
  1.7735125e-01
 -3.0121738e-01
 -7.1009296e-01
 -8.8313800e-01
  9.9529511e-01
 -7.2064614e-01
 -1.3797917e+00
  7.0341802e-01
 -1.4893852e+00
 -4.1254383e-01
  2.2404115e+00
 -1.3186512e+00
  9.4760245e-01
 -1.0827339e-01
  3.6024797e-01
  8.0809712e-02
  7.6781046e-01
  9.8365717e-02
  3.1108576e-01
 -3.7422439e-01
 -2.8643160e+00
  3.2701945e-01
 -1.8518304e+00
 -1.6041648e+00
 -1.3724712e-01
 -2.0100324e+00
  6.3432217e-01
 -3.0541652e-01
 -3.9028117e-01
  1.5124241e-01
 -2.1897656e-01
  2.7863212e+00
 -1.8143402e+00
 -1.8756304e+00
  1.0385026e+00
 -1.2012819e+00
  1.6506889e+00
 -2.6731846e+00
  5.1877165e-01
  3.1590360e-01
 -1.2541286e+00
 -2.8134060e-01
 -1.8174186e-01
  5.7162541e-01
 -8.0230486e-01
 -1.4739083e+00
 -3.4416312e-01
  2.0257892e-01
 -8.1083494e-01
 -7.8317545e-02
  1.1920788e+00
 -1.3778758e+00
 -2.0120831e+00
  9.6483660e-01
  1.1938990e+00
 -1.3999066e-01
 -1.5284975e+00
 -1.1548128e+00
  2.8913957e-01
  2.4537501e+00
 -8.7071669e-01
 -6.8185616e-01
 -1.5623720e+00
 -1.0263293e+00
 -8.3747810e-01
  7.8194194e-02
  1.4906827e+00
  9.1836512e-02
  1.6425729e+00
 -1.1700057e+00
  1.6211740e+00
 -2.2283979e-01
 -1.5143341e+00
 -4.4839203e-01
 -1.8143057e+00
  2.0031295e+00
 -1.2453529e+00
  2.2456834e+00
 -3.2691514e-01
  5.7836469e-02
 -4.3934099e-02
  2.1137183e+00
  2.7515638e-01
  4.1853037e-02
 -1.3181329e+00
 -6.2750328e-01
 -1.8048043e+00
  2.9529312e-01
 -3.8531321e-01
 -7.3500383e-01
 -4.5746744e-01
  7.3200375e-02
  1.2590290e+00
  5.8935744e-01
 -4.0550762e-01
  1.7444833e-01
 -3.0360994e-01
  1.3842436e+00
 -4.6650589e-02
  7.1396306e-02
 -1.2257683e+00
 -1.3317050e-02
  1.0478524e+00
 -3.6945519e-01
  7.2033241e-02
 -3.5009578e-01
 -3.1593796e-02
  4.9983267e-02
 -2.5191535e-03
 -1.4190085e-01
  1.7456163e+00
 -8.9742076e-01
 -1.6141887e+00
  1.5938350e+00
  2.2775157e-01
  3.9672011e-01
  1.6335497e+00
 -1.0866259e+00
  1.5849583e-01
 -2.6438212e-02
 -2.2102775e-01
  1.2727347e-01
  7.4889559e-01
 -6.3926232e-01
 -1.6504449e+00
  5.9714073e-01
 -1.6126193e+00
  4.7409974e-02
  2.0633021e-01
 -6.6919513e-02
  4.3057045e-01
  7.4082047e-01
 -1.1233739e+00
 -6.5136507e-02
  3.1607870e-02
 -6.8430334e-01
 -1.3341097e+00
 -2.3622756e-01
  5.5974372e-02
  2.5010276e-01
  7.9548770e-01
  5.2978420e-01
  1.2452251e+00
 -1.5595093e+00
  4.1766220e-01
  5.3896803e-01
 -2.4579668e+00
 -7.9134685e-01
  7.2926623e-01
 -1.5334745e-01
 -4.6290320e-01
  7.1202211e-02
 -8.7787993e-02
 -2.8184006e-01
 -1.8250726e-02
 -5.6233037e-01
 -9.5482838e-01
  3.7916341e-01
  6.3677073e-01
 -1.3771333e-01
  6.7946814e-02
 -1.5417049e+00
  9.0527527e-02
 -3.2623196e+00
 -4.1415247e-01
  8.6510825e-01
  2.3453294e-01
 -2.7140369e+00
 -2.3893340e+00
 -6.7266601e-01
 -1.4220082e+00
 -1.3075361e+00
  4.1268792e+00
 -9.3747222e-01
  2.7102032e+00
  2.5071895e+00
  1.9984224e+00
  6.1675751e-01
  1.8530562e+00
 -2.0323961e+00
 -1.9927469e+00
 -3.6642751e-01
 -1.5735892e+00
  2.5543487e+00
 -2.1140101e+00
  5.2694583e-01
 -7.7008265e-01
  1.4397887e+00
 -1.4701831e+00
 -2.4327639e-01
  1.2399639e+00
  2.9902643e-01
  2.5129348e-01
  3.9983127e-01
 -1.3675259e+00
 -1.3327962e-01
  1.3214841e-01
 -8.6218572e-01
 -1.7258116e+00
  1.7507871e+00
 -3.4857240e-02
  1.8161869e-01
  5.4337043e-01
  1.6326158e+00
 -6.1279827e-01
 -1.4995307e-01
  2.1722007e-01
  2.3196150e-01
  1.9821380e+00
 -9.7126734e-01
  5.4841447e-01
  8.2427812e-01
  1.9007351e-01
 -1.5471237e+00
 -3.0986592e-01
 -7.0279706e-01
 -6.8845689e-01
 -1.2035770e+00
 -2.2082551e-01
 -6.1771935e-01
  6.8129218e-01
 -3.1566832e+00
 -1.6700821e+00
  1.9633381e+00
  2.5669448e+00
 -2.5807984e+00
  1.8134582e+00
 -1.1446083e+00
 -9.0416104e-01
  1.3913853e+00
 -1.1308786e+00
 -2.1083794e+00
  5.2078336e-01
 -5.1476628e-01
 -2.1978166e+00
  1.2257342e+00
  1.4423783e+00
 -5.3163940e-01
 -4.4874586e-02
  3.1493230e+00
  1.7961388e+00
  1.2182620e+00
 -5.7471567e-01
 -2.9044858e-01
  1.8455905e-01
  3.7643749e-01
  6.4146340e-01
 -2.5022988e+00
  1.8969509e-01
  8.4699529e-01
 -8.9881641e-01
 -1.4456474e+00
 -5.7693440e-01
 -3.2256413e+00
 -3.4458813e-01
 -2.2228764e-02
 -1.5482879e-01
  1.5679464e+00
  1.6220678e+00
 -7.9345912e-01
 -5.0941253e-01
  1.2498404e+00
  2.9746675e+00
  4.7274420e-01
  3.1373197e-01
 -1.1946161e+00
  1.0154546e-01
  8.6462277e-01
 -2.1466393e+00
 -1.6370308e+00
 -8.4393692e-01
  7.1131605e-01
 -8.3666468e-01
  3.9658296e-01
  1.0201570e+00
  9.0951115e-01
  6.4394051e-01
 -1.5703533e-02
  1.9954897e-01
  5.2455481e-02
 -4.8099053e-01
  1.1157612e-02
 -2.6879518e+00
  1.4497154e+00
 -8.1548256e-01
 -1.4206995e+00
 -1.4401404e+00
 -4.0222347e-01
 -1.1098148e+00
 -1.3467497e-01
 -4.9891829e-01
 -4.9912298e-01
 -5.3378093e-01
  1.2539238e+00
  1.1400051e+00
  1.5585464e-01
 -4.7027802e-01
 -1.5886247e+00
 -5.7333577e-01
 -1.3045987e+00
  7.1038485e-01
 -2.6747763e-01
  2.6357117e+00
  4.4206420e-01
 -2.9044551e-01
 -7.2362369e-01
 -3.2282524e+00
  1.1024128e+00
 -9.6247971e-01
  1.6863954e+00
  1.5914723e+00
  4.5057812e-01
 -1.4404572e+00
  8.9792901e-01
  4.1922581e-01
 -4.9998119e-01
  1.1660641e+00
 -4.9087787e-01
 -1.7806128e+00
 -9.1979009e-01
 -1.0677211e-01
  8.2120377e-01
  1.4951526e+00
  1.0951244e+00
 -2.2944520e-01
 -2.0526829e+00
  3.0464017e+00
  1.7667668e+00
  9.6978121e-02
 -3.6033154e+00
  1.4326990e+00
  1.1008681e+00
  6.4277911e-01
 -1.7317657e+00
  5.9619147e-01
  3.1320670e-01
  4.6729738e-01
  1.6535988e-01
 -8.8593543e-01
 -5.6323713e-01
 -1.6303086e+00
  4.3017900e-01
 -2.1904476e+00
 -5.5032098e-01
 -6.9666058e-01
 -1.4778750e+00
 -1.8125173e+00
 -4.2779621e-01
 -1.0952611e-01
  1.5678475e+00
  1.9681750e-01
  2.2159233e+00
  1.6184880e+00
  9.9303961e-01
 -2.3395190e-01
  2.0498810e+00
  1.1354942e+00
 -7.5668424e-01
  8.0160451e-01
  1.6623566e+00
  9.8234987e-01
  1.4164808e+00
  1.6493331e+00
 -5.1214159e-01
  2.1941619e-01
 -1.2807660e+00
 -4.2262185e-01
  2.7692704e+00
  2.1207833e-01
 -1.1101474e+00
 -5.6438422e-01
  2.7059853e+00
 -8.2025629e-01
 -4.8604411e-01
  2.8116509e-01
  1.6421083e+00
 -9.8142022e-01
 -8.8367176e-01
  1.8721871e-02
  1.0400712e+00
 -7.3347569e-01
 -3.7559745e-01
 -5.1058501e-02
 -3.4362916e-02
  1.1197050e+00
 -1.6912942e+00
 -1.0151043e+00
 -2.2104158e+00
  3.0995097e+00
  1.4914779e-03
 -1.7697425e+00
  7.9499155e-01
  6.2317771e-01
 -8.8341784e-01
  2.5201491e-01
 -1.4476082e-01
  7.9182070e-01
 -3.1060833e-01
 -1.2583634e+00
  1.2901117e+00
 -9.4811177e-01
  1.8966705e+00
  1.0087509e+00
 -2.8564832e+00
 -1.5931147e+00
 -1.0029247e+00
  1.3540428e+00
  4.8480925e-01
 -2.0677337e-01
 -1.3727908e+00
  1.0386038e+00
  7.6023185e-01
  3.6571035e-01
 -8.2016504e-01
  1.0542796e+00
  1.8146626e+00
 -9.8925328e-01
  1.2724888e+00
  9.8666894e-01
  5.6825578e-01
 -1.1796856e+00
  1.4713511e+00
  5.9455353e-01
 -2.9304093e-01
 -4.3880585e-01
  1.9930057e-01
  1.7130338e-01
 -6.4041901e-01
 -2.0088358e+00
 -1.8229579e+00
 -9.2186826e-01
 -3.2714331e-01
 -5.7976830e-01
 -5.7555605e-02
 -1.4672758e-01
 -3.2554445e-01
  3.2608387e-01
 -5.9524220e-01
 -3.9560705e-01
  1.2864958e-01
 -5.6794900e-01
  8.1121147e-01
  1.0639343e+00
 -5.4648274e-01
  7.3826885e-01
 -3.0866712e-01
  2.8833127e-01
  1.5608292e+00
  3.2539737e-01
  2.6724043e-01
 -9.4048482e-01
 -1.5165048e+00
  5.4650474e-01
  1.5939939e+00
  3.3217427e-01
  1.8714287e+00
 -2.0693514e-01
 -3.1258335e+00
  2.3363698e+00
  3.5226898e+00
  3.4829620e-01
  7.0231885e-01
  1.7732455e-01
 -2.2912268e-02
  5.2212644e-01
  1.4906505e+00
 -1.0418403e+00
 -2.5210085e+00
  5.5002332e-01
  2.6649795e+00
 -1.0979403e+00
 -7.4218315e-01
  1.2534904e-01
  1.8199345e+00
  1.3491588e+00
  1.8665589e-01
 -5.8776236e-01
  1.2473655e+00
  6.2015706e-01
  3.3235902e-01
  7.5905389e-01
  1.3761288e+00
 -4.2549482e-01
  1.3685944e+00
 -7.5750822e-01
 -2.7935884e+00
 -1.0724381e-01
 -1.4043579e+00
 -9.6886677e-01
  6.8140328e-01
  1.6481454e+00
 -1.8745581e+00
 -1.3535483e+00
  1.3623531e+00
 -1.8832082e+00
  8.9662874e-01
 -2.0987825e-01
 -2.8256467e-01
 -4.4380450e-01
 -6.6644061e-01
  2.8673060e+00
 -5.6191283e-01
  7.5876755e-01
  9.7550309e-01
  2.6406620e+00
  4.8859313e-01
  1.8034861e+00
  1.4306896e+00
  7.0961052e-01
  1.6858476e+00
 -3.2003012e-02
 -5.8873916e-01
 -4.0110847e-01
  1.8020663e-01
 -1.4434648e-01
 -8.1651217e-01
 -5.8119392e-01
  1.8816936e+00
  1.8476531e-01
  3.5215389e-02
  1.0007297e+00
 -6.5543276e-01
 -2.3448293e+00
 -1.7722988e+00
 -5.3452504e-01
  2.9152246e+00
  1.8686528e+00
 -2.6859758e+00
  2.5898460e-01
  4.3363902e-01
  1.4083654e+00
  1.6342442e+00
 -1.9502138e-01
  1.2416519e+00
 -1.8683131e-01
 -1.1579286e+00
  1.0692978e-01
 -6.5079868e-01
  2.2936393e-01
 -5.0920063e-01
 -1.0146210e+00
 -2.9930856e+00
  5.1694989e-01
  1.3118068e+00
  1.4222340e-01
 -7.7736720e-02
  2.9536980e-01
  5.9231645e-01
  1.6817141e-01
 -9.2233431e-01
 -6.2276620e-01
 -2.8493569e+00
 -6.2081963e-01
 -4.0227270e-01
 -7.9199648e-01
 -1.7131765e+00
 -7.7315146e-01
 -1.1737032e+00
 -2.5730550e-01
 -4.6962681e-01
  5.1704705e-01
 -2.9851084e+00
 -2.1854057e+00
  2.0673778e+00
  5.4435498e-01
 -1.7269336e+00
 -8.3765739e-01
  1.4909478e-01
 -1.8071773e+00
  3.3648026e-01
  1.7073514e+00
 -4.1066673e-01
 -2.5039518e-01
  9.9374793e-02
  1.4473631e+00
  9.9795222e-02
  2.0311027e+00
  1.6122695e+00
 -1.9149183e-01
  8.9884169e-02
  9.4779521e-01
  2.7667463e-01
  2.5798696e-01
  6.1456299e-01
  6.7087340e-01
  1.4142170e+00
 -7.9071158e-01
 -9.8213278e-02
 -4.6016091e-01
  4.4982997e-01
 -1.1945592e+00
 -1.4589959e-01
  1.2722507e-01
  8.5742521e-01
  8.3504248e-01
  1.8771118e-01
  4.2409512e-01
  7.5854880e-01
  7.6900542e-01
  2.5614092e-02
  3.5953930e-01
  1.0985520e+00
  5.0808752e-01
 -4.6112567e-01
  3.4049083e-02
  3.4049083e-02
  3.4049083e-02
  3.4049083e-02
  3.4049083e-02
  2.7589235e-01
  2.7589235e-01
  2.7589235e-01
  2.7589235e-01
  2.7589235e-01
  1.2731843e-01
  1.2731843e-01
  1.2731843e-01
  1.2731843e-01
  1.2731843e-01
  2.3199864e-02
  2.3199864e-02
  2.3199864e-02
  2.3199864e-02
  2.3199864e-02
  1.3322240e-02
  1.3322240e-02
  1.3322240e-02
  1.3322240e-02
  1.3322240e-02
  1.5837592e-01
  1.5837592e-01
  1.5837592e-01
  1.5837592e-01
  1.5837592e-01
