nep4_zbl 2 Mg Bi 
zbl 1.25 2.5
cutoff 7 4 81 16
n_max 4 4
basis_size 8 8
l_max 4 2 0
ANN 50 0
 -9.1081922e-04
 -6.0390779e-03
 -7.2002256e-01
 -1.4621114e-04
  1.4821877e-04
  1.1624030e-04
 -6.9750976e-03
 -4.0999937e-01
  5.7982572e-04
  2.9174171e-03
  1.4311186e-02
  9.6498998e-03
  5.7596029e-03
 -2.3380334e-03
 -6.3070473e-03
  3.5096836e-04
 -2.4988442e-03
 -7.1349270e-03
 -3.0448497e-04
 -8.4835753e-02
 -1.8765010e-03
 -1.9848871e-03
  1.5669424e-02
  4.0387064e-03
 -4.7532064e-04
  3.1855514e-03
 -4.5621931e-03
 -1.4744868e-03
  4.3606427e-03
 -1.9408996e-03
 -3.7690156e-04
  2.6628054e-03
  3.1492767e-01
 -8.0838921e-03
  6.0052685e-03
  7.9626665e-03
  5.3324681e-03
  4.0727365e-04
  8.7833236e-04
 -6.4204534e-04
  3.3661500e-03
 -1.3403352e-03
 -9.5010275e-04
  2.2839515e-03
 -1.4799346e-03
 -1.8264015e-03
 -8.2006661e-04
  1.2062589e-02
 -3.1410081e-03
  1.2317942e-02
 -1.4068313e-03
 -1.5689845e-03
 -1.0498551e-03
 -2.3802387e-02
 -3.7850132e-03
  1.3699787e-03
  1.0705724e-03
 -2.2748974e-03
  1.2929190e-04
  4.8460215e-03
 -3.6728212e-01
  5.2184302e-01
  1.9150676e-02
  2.4290396e-01
  4.9034935e-01
  6.0830599e-01
 -1.5672308e-01
 -3.8051706e-02
  6.5052503e-01
 -7.5633414e-02
  7.4853384e-01
 -3.2744911e-02
 -1.3941453e+00
  2.5257139e-02
  4.4220697e-02
 -3.9302856e-03
 -2.9148224e-01
 -3.4549963e-01
 -1.2071367e-01
  4.4160855e-01
 -5.8922242e-02
  4.1267485e-04
 -6.1965233e-01
 -3.2427704e-01
  1.6127570e-03
 -4.7479925e-01
  4.4646937e-02
  5.8128987e-03
 -9.7681813e-02
  4.5947912e-03
 -9.5164768e-02
 -2.0040979e+00
  3.5425690e-01
  5.4182196e-01
 -2.5057321e+00
  1.7480482e-01
  2.4621999e-01
 -3.5757791e-02
  1.0132303e-01
 -2.1034114e-01
  9.1867870e-01
  4.4154480e-02
  9.6097305e-02
  1.0127749e-01
  2.0086321e-01
  7.1340643e-02
  1.2497217e-01
 -5.6348145e-01
 -1.3883096e-03
  8.0542266e-01
  3.1647286e-03
  7.2934493e-02
  1.3606417e-03
 -1.4453125e-01
  5.7026025e-02
 -1.1641487e-01
  5.6257773e-02
 -2.8696033e-01
 -9.6173428e-02
  8.5707568e-02
  1.1320524e-01
  4.7306339e-03
 -2.1017036e+00
  1.4621683e+00
  5.6559290e-03
 -1.7963837e-01
 -1.1725231e-01
  4.3531596e-03
  5.6373399e-01
  2.4364451e-04
  5.1274354e-04
 -1.4373815e-03
 -7.3711491e-01
 -4.4309795e-01
 -1.3183706e-01
 -7.0095207e-03
  4.5242183e-02
 -4.9463484e-01
  3.4161800e-01
 -8.8692987e-01
  7.3289458e-04
 -3.9045520e-02
  3.2739675e-01
  2.9433876e-01
 -3.4592271e-01
 -2.7926560e-03
 -6.2789726e-03
 -1.4945561e-03
  3.8176994e-03
  2.4267125e-03
 -2.9192609e-03
 -2.4211577e-03
 -6.5972930e-04
  1.9204614e-04
 -1.3345198e-03
 -2.0701527e-03
 -7.1107079e-03
 -8.4596389e-04
  1.5322133e-03
  1.6520708e-03
  1.2969885e-02
  1.0053321e-03
  4.7823964e-03
 -6.3768076e-04
 -5.4405932e-04
 -6.1579356e-03
  1.6295747e-03
 -2.3895421e-03
  3.3578178e-04
 -1.7242702e-03
  8.8019378e-04
  3.3406587e-03
 -2.9634379e-03
  1.3755893e-04
  3.2500667e-03
  1.0311384e-03
 -4.3307669e-03
  1.3113512e-03
 -4.9836326e-05
 -4.5048393e-04
  2.6079849e-03
 -8.4313983e-04
  2.8243151e-03
  2.9164392e-03
 -2.4600091e-05
 -1.8921830e-03
  2.9671255e-03
  6.4891051e-03
 -2.7725340e-03
  3.1719092e-04
  8.1485763e-05
  8.7588921e-02
 -8.8631670e-05
 -1.4206137e-03
  1.5341316e-03
 -5.9466409e-03
  6.0176838e-04
  1.7711180e-03
 -8.0363620e-03
  8.9596590e-04
 -2.0397119e-03
  8.5688452e-04
 -2.2179580e-03
 -1.3105587e-04
 -9.1141090e-04
 -6.4294960e-04
 -1.3394391e-03
 -1.8600302e-03
 -2.1293951e-04
  7.8981806e-04
  2.0821753e-04
  3.4511075e-04
 -1.1942193e-03
  3.7997987e-04
  1.5246184e-03
  1.1044699e-03
  2.0307656e-03
 -6.3092790e-05
  2.4189244e-03
 -1.8925978e-03
  2.2527345e-03
 -1.8618684e-03
 -9.7427052e-05
 -2.8198869e-03
  1.4029598e-03
  6.2962819e-04
 -5.3638312e-05
  1.3280849e-03
 -4.9551408e-04
 -7.2234645e-03
  2.5544334e-03
 -2.7525874e-03
  6.4362473e-05
 -2.6847568e-04
 -1.4757051e-03
  8.3172042e-03
 -3.2388053e-03
  6.7962753e-04
  2.8231770e-03
 -6.9244456e-04
  8.5627352e-04
  1.3766165e-03
  3.7543732e-03
  1.0484731e-03
  5.9909315e-04
 -5.5288640e-04
  1.3505905e-03
 -1.9649835e-03
 -1.7350011e-03
 -2.2349360e-03
 -3.9448240e-04
  8.0228352e-04
 -1.0601432e-03
 -3.7613763e-03
 -2.1679692e-03
  1.8127756e-03
  1.5094563e-03
 -1.8419641e-03
 -1.7211606e-03
 -2.2606498e-03
  6.1887264e-04
 -6.7263604e-03
 -5.5561238e-04
 -3.5528068e-03
  1.8436769e-03
 -3.5971818e-03
  3.6660170e-03
  1.4776089e-04
 -1.8923900e-03
 -6.3846755e-04
  1.6460000e-04
  3.0110080e-03
 -7.8924221e-04
 -2.9928763e-03
  2.2204533e-04
  1.9317553e-03
 -4.1182637e-03
 -4.1724241e-04
 -3.3465002e-03
  7.1421528e-05
 -4.1554910e-03
 -7.7078375e-04
  1.2459175e-04
  1.2754016e-03
 -7.0464108e-03
  1.1149072e-03
 -4.4830883e-04
  7.6519884e-04
 -1.6967880e-03
  8.1023516e-04
  7.2929874e-04
  6.0268148e-04
 -5.3703639e-04
 -3.6581596e-03
 -4.3675276e-03
  3.3822537e-03
 -4.2564384e-04
  2.7672356e-04
 -5.5892039e-03
  3.9661527e-03
 -9.2138391e-04
 -2.0636788e-04
  1.0393574e-04
  6.5939073e-03
 -4.9453001e-03
 -3.0326357e-03
 -1.4856006e-03
 -1.9406866e-03
 -2.7752605e-03
  8.9758495e-04
  3.1311563e-04
 -2.3565104e-03
  2.8237505e-03
 -3.2806096e-03
 -1.3139271e-03
 -4.9788272e-04
 -2.2541455e-04
 -1.2428025e-03
 -2.2249189e-04
  1.9363085e-03
  6.1990819e-03
 -6.4103624e-05
 -6.7426665e-03
 -6.9592276e-04
  1.1546095e-03
  1.7376606e-03
  1.1063928e-03
  1.6416184e-03
 -6.8276643e-04
 -2.4115650e-03
 -4.5322930e-03
 -1.5138761e-04
 -5.4477043e-03
  1.3176155e-03
 -9.2927745e-04
 -1.5896191e-04
 -2.1653911e-03
  1.8423278e-03
  1.7241600e-03
 -1.5684508e-03
 -4.1128852e-04
 -1.2057927e-05
 -5.9524384e-05
  1.7062575e-02
  1.5396801e-05
 -1.1791110e-03
  2.1649741e-03
  1.3329317e-03
 -3.6677478e-03
 -1.9496706e-03
  3.8096661e-04
  2.3073734e-04
  4.0014223e-03
  9.3443983e-04
  2.6600924e-03
  5.7457299e-03
 -1.3473895e-03
  9.0002234e-04
 -1.4915678e-04
  9.4688236e-04
 -5.9380904e-03
 -6.3732779e-03
  1.9418144e-03
 -3.2129016e-04
 -2.1561173e-04
 -2.8810638e-03
 -5.0281514e-03
  8.1291603e-04
 -5.1557920e-03
  1.3699413e-03
  3.2095816e-03
 -3.9469404e-03
  1.2376369e-04
 -2.0401014e-03
  1.0629586e-03
  8.7432109e-04
  2.0858918e-03
 -7.3340973e-03
 -3.7634608e-04
  4.5948269e-04
 -2.0936476e-03
 -5.6340448e-03
 -4.9402975e-03
  1.7380493e-03
  6.4101408e-04
  1.9157954e-03
  1.7080259e-03
  1.7472730e-03
  4.3733437e-03
  9.1294134e-03
  5.7014008e-04
  6.7047606e-04
  3.2033634e-01
  2.6169007e-03
  2.3977894e-03
 -1.1155303e-03
 -1.9253143e-04
 -7.1997946e-04
  1.0380248e-03
  4.0672076e-05
 -2.2646359e-03
  1.3192849e-03
 -1.7716171e-03
  7.2124304e-04
 -3.3901271e-04
  1.0742159e-03
  8.6178649e-03
  1.9618175e-03
  2.5678468e-03
 -2.1384300e-03
 -4.3146103e-03
  7.7417807e-04
  2.9217913e-03
  2.7011748e-02
  1.1554856e-03
  5.9635943e-04
  1.0331926e-03
  6.1219605e-03
  2.6658096e-05
  2.7150624e-03
 -4.6516740e-04
 -1.0537123e-03
  3.6606705e-03
  5.0305197e-04
  1.4225370e-03
  3.4647761e-03
  1.2863041e-03
  4.9532508e-03
 -8.7589864e-04
  3.9072867e-04
  4.4426131e-03
 -1.2192298e-03
  8.2977500e-04
 -9.5250068e-04
 -9.6567598e-04
  1.6818433e-03
  2.9959116e-05
 -3.0287427e-03
 -1.8820458e-03
 -1.5403428e-03
  5.1277911e-04
 -9.4409091e-03
  1.1407705e-03
 -1.2592144e-03
  3.1464165e-03
  6.7841839e-03
 -9.9772087e-04
 -5.7195598e-04
  2.4769667e-03
 -2.5951006e-03
  6.7653408e-04
  1.8648342e-03
  3.0625004e-03
  1.7042700e-03
 -4.9410854e-04
 -9.5886918e-04
 -3.3881082e-03
 -6.4749839e-03
 -6.4292364e-03
  9.7537041e-04
 -2.5086743e-03
 -9.1792608e-05
 -8.4871723e-04
 -1.3052995e-03
  2.2583622e-03
 -1.4147931e-03
 -2.6745277e-03
  1.6925451e-03
 -2.5743558e-03
  8.8874088e-04
 -1.1375217e-02
 -5.5387276e-03
  3.7917886e-03
  4.0128277e-04
 -1.0364936e-03
  2.5133917e-03
 -3.0433927e-03
  4.6808757e-03
  6.3825719e-04
 -9.2791580e-04
  1.2807671e+00
 -1.3190104e+00
  5.9170830e-03
 -5.1835424e-01
 -2.3050356e+00
  2.0050919e-01
 -8.5286088e-02
 -1.3289624e-02
  4.5374867e-02
  1.1707249e-01
  1.3758287e-01
  4.6151218e-01
 -5.3244400e-01
 -1.2266455e-01
  4.5815054e-03
  1.6010088e-01
  4.2558956e-01
  9.8892516e-01
  3.9322570e-01
  1.7543013e-01
  2.2634473e-01
  2.3773786e-02
  5.3431749e-01
  6.6763349e-02
  1.1197056e-03
  3.5513812e-01
  1.2677080e-03
  4.2801510e-04
  8.6233474e-02
  3.6606536e-04
 -4.6710697e-01
  8.7763590e-04
 -3.0316210e-01
  1.8484619e-01
 -6.8193376e-01
 -5.6940973e-01
  8.4033777e-04
 -7.8775818e-03
 -3.1932774e-01
 -9.1501563e-05
 -6.7460799e-01
 -5.3018913e-02
 -7.9831535e-01
 -8.3110057e-02
  1.3403898e-03
 -5.4731656e-02
  4.1806907e-04
 -2.0909037e-03
 -2.3906869e-01
  1.1907413e-03
 -2.0911303e-01
 -2.0764484e-04
 -2.9252064e-03
 -2.0234422e-01
  9.1640768e-04
 -2.4537010e-02
  7.7773322e-04
 -5.3978469e-03
 -3.7793121e-03
 -1.5435974e-03
 -2.7085452e-03
  1.2030648e-03
 -1.7570859e-03
 -1.5187796e-03
  1.0040028e-03
 -4.1107610e-03
  9.5198152e-04
 -2.8574173e-04
 -8.7672416e-03
  1.2082269e-03
  1.2340259e-03
  4.0404400e-04
  2.3686495e-03
  8.8093418e-04
 -3.3940575e-03
  1.6964703e-05
  6.7096713e-05
  8.3315514e-05
  1.6967534e-03
  3.3071559e-04
 -1.9500896e-03
  3.3153202e-03
  5.7407032e-04
  1.0907295e-03
 -2.5024740e-03
  2.5695316e-03
 -1.0193802e-03
  3.5634503e-04
  1.8848861e-03
 -4.4857697e-03
  2.6315296e-01
 -5.5676866e-01
  8.0007696e-01
  1.8955831e-03
  9.8110460e-02
 -1.5138738e-01
 -5.8012038e-02
 -6.9249666e-01
 -1.0478222e-01
 -2.0284748e+00
 -8.4825987e-01
  4.4055358e-01
 -1.3122492e-01
 -5.1293159e-01
  5.9258047e-02
 -3.1622300e-01
  6.5781385e-02
  3.1559420e-01
 -3.5217276e-01
  2.8785881e-02
 -3.7964442e-01
  1.3216265e-01
 -4.9871087e-01
 -5.2957809e-01
  6.6574715e-02
 -4.0991056e-01
  2.2703171e-02
 -3.7217766e-01
 -5.1976845e-04
  1.6020199e-02
  7.6835928e-04
  3.0195403e-03
 -1.2981278e-03
 -1.4323802e-03
 -1.4582130e-03
 -1.4053872e-02
 -9.6049131e-04
  3.9462554e-03
  1.0472379e-03
  2.5294384e-03
  3.0200093e-03
  5.6413552e-03
 -4.7173696e-03
 -2.2610098e-03
  1.5179859e-03
  2.4159279e-04
 -1.4880415e-03
 -4.8433328e-03
 -2.2532286e-03
 -6.6163932e-04
 -1.0469310e-03
 -4.4469442e-03
  4.3133586e-03
 -2.4187441e-03
 -2.1931382e-03
  2.4788417e-03
 -4.5663398e-04
  2.8675033e-03
 -5.6830543e-04
  1.8615585e-03
 -1.8327141e-03
  2.3854005e-03
 -9.7194762e-04
 -4.0819932e-04
 -1.9019101e-03
 -8.8681314e-05
  4.4292421e-03
 -8.1182754e-04
  1.8568850e-03
  3.5257349e-04
 -1.0335544e-03
  8.6557615e-04
  3.5415632e-03
  1.0964280e-03
  4.0180101e-03
  1.3701929e-03
  4.3705334e-03
  3.0414353e-04
  3.4086074e-04
  9.6926402e-04
  8.9308730e-04
  1.6746556e-03
 -9.7150791e-05
  5.2899923e-03
  5.1086646e-04
  5.8054412e-04
 -4.6026246e-03
  9.0018247e-04
 -2.2404508e-03
  5.4975366e-04
 -4.5837983e-04
  1.8791495e-03
  1.7379350e-03
 -5.1262560e-03
  9.0473570e-04
  1.9266715e-03
  7.0104473e-03
  1.9421899e-03
  3.2226881e-03
 -2.6641826e-03
  1.7594767e-04
 -1.8058690e-03
  2.1843850e-03
  1.8444990e-03
 -7.4984709e-04
  1.4565047e-03
 -7.1837478e-03
  6.6976226e-04
  2.2751768e-04
 -4.7461553e-03
  9.4572204e-04
 -9.1422244e-04
  7.9105661e-04
  1.5627762e-03
  2.5641946e-03
 -3.3456504e-03
 -6.7960843e-04
 -8.5554281e-03
 -2.0273130e-03
  1.7996180e-03
  1.0592913e-02
  1.1703526e+00
  2.6112559e+00
  1.4204476e+00
  1.8399253e-01
  4.7741588e-02
  4.0476732e-02
  2.7439296e-01
  2.2399670e-02
  6.3842928e-01
  4.5528105e-03
  4.8529512e-01
 -5.1954858e-02
  4.9372461e-01
 -1.2737304e-01
  1.7488462e-01
  1.8750198e-02
 -5.4277498e-01
  2.6719410e-02
 -2.7381837e-01
 -3.0832328e-03
  3.0988064e-01
  2.1645404e-02
 -3.8666502e-01
  4.4833833e-01
  1.0918381e-03
  4.8261373e-03
  6.0115379e-01
 -5.2757664e-03
 -2.1634531e-01
 -2.4364509e-04
 -3.9269394e-06
  4.1044480e-04
 -2.5239252e-03
  6.4469785e-03
  3.8719061e-03
  6.3841930e-04
 -5.2416790e-03
 -2.2474059e-04
 -1.4397366e-03
 -4.8047490e-03
  1.1921972e-03
 -6.9754673e-03
  1.1329547e-03
  7.9469541e-03
 -1.4134755e-04
 -2.5739500e-04
 -6.5991405e-04
  1.7026786e-04
  4.3345720e-02
 -5.0250270e-05
  7.3825467e-01
 -4.3279598e-03
 -5.2229110e-02
 -1.8394140e-03
 -9.1768586e-04
  8.2480488e-04
  1.1417967e-03
  3.1916683e-03
 -1.0673999e-03
 -2.0033917e-03
 -8.7446943e-02
  1.5405016e+00
  1.3070692e-03
 -3.5902966e-02
 -4.2419368e-03
 -2.2946193e-03
 -5.0493423e-03
  4.4951585e-04
 -1.4803520e-03
 -3.5128044e-04
  1.7217702e-01
  2.1345752e-01
  3.8125622e-04
  1.5897751e-04
  6.4584552e-03
 -4.0051620e-04
  1.7614511e-03
  1.9223297e-04
  3.4167622e-03
 -3.5600790e-03
 -1.4488349e-03
  6.3041849e-03
  3.3320554e-03
 -2.5714485e-03
  9.2063984e-04
  2.5199992e-03
  6.4483058e-04
  7.4708252e-04
  7.5744261e-04
  5.9983045e-01
 -3.4598693e-01
 -7.0411950e-02
  1.5218064e-02
 -4.8671179e-03
 -3.1441536e-03
 -2.7552620e-02
  4.4570897e-02
 -1.5222043e-01
  1.4507076e-02
 -8.3894975e-04
  1.4647217e-01
 -7.5792283e-01
 -2.1964787e-03
 -1.9518593e-03
 -2.3833793e-03
 -1.7743256e-02
 -6.8889610e-02
  1.9312681e-01
 -5.3977269e-01
  4.9003243e-04
 -1.9998804e-02
  3.2828912e-01
  2.0426200e-01
 -1.7222503e-02
  1.2891859e-02
  1.1207207e-04
  3.4875984e-04
  1.4780272e-02
 -4.3156515e-03
 -5.7878658e-02
  5.1154813e-04
  7.4796990e-02
  2.3605375e-01
  4.8470818e-03
  8.6643156e-03
  1.1587031e-01
  3.5456240e-03
  5.0357524e-03
  9.0550529e-05
 -1.2426453e-03
  3.6132753e-02
 -2.9769081e-01
  4.0014215e-02
 -6.0429471e-04
  2.6033639e-03
  6.5685349e-04
  5.2957725e-02
 -1.3989709e-02
  2.0310509e-01
  1.7786745e-03
  9.9656126e-03
 -2.9384987e-02
 -2.1747987e-01
  1.3496783e-03
 -7.8870490e-04
  1.6053841e-02
 -4.8652724e-03
 -4.8884396e-03
  3.2569122e-04
  3.0255201e-04
  6.2815676e-04
  2.0235174e-03
  1.2683460e-03
  2.8457330e-04
 -1.6572186e-03
  7.9569118e-03
 -4.7201938e-03
 -3.8444091e-04
 -2.5419700e-03
  7.7592122e-04
 -9.7863302e-03
 -3.8455171e-04
  2.6670759e-04
  2.4673000e-03
  1.5427979e-03
 -4.0377156e-04
 -1.9307110e-04
  2.5405532e-03
 -5.4967189e-03
 -1.2161159e-03
  5.9252870e-03
  5.4036546e-03
  4.1339728e-03
 -1.5534782e-03
  3.9935164e-04
  5.3278292e-03
 -2.2540027e-05
 -3.3881168e-03
 -2.4996225e-03
  9.0837979e-04
  9.7963437e-03
 -4.3831326e-04
  1.8127327e-03
 -5.0702393e-03
 -9.1675958e-03
 -2.7390141e-03
 -5.1506050e-04
  5.0093443e-03
  2.9859500e-04
  1.1035835e-03
  2.7919477e-03
  5.6095421e-04
 -5.0623110e-04
 -7.7569165e-04
  1.3170544e-04
 -9.3422778e-04
  6.5431994e-04
 -1.7381536e-03
  9.4995415e-04
 -4.8118058e-05
 -2.2153337e-03
 -3.8576601e-03
 -1.5987335e-03
  5.0605005e-03
 -1.5222140e-03
  3.5470945e-04
  1.2454166e-04
  2.7803245e-03
  6.7766657e-04
 -4.4369656e-03
  2.1467692e-01
  1.3618795e+00
  1.4990056e+00
  2.3618162e-01
  7.6448143e-01
  2.3936157e-03
 -7.9563069e-01
 -7.4750805e-01
 -4.7203049e-02
  5.4599009e-02
 -6.5333985e-02
 -7.5134456e-01
 -7.3374957e-01
 -1.5300975e-02
  4.0725763e-03
 -1.0992127e-03
  5.8023844e-02
 -4.7817674e-01
  1.8724546e-01
 -1.1559619e-03
 -2.7687547e-03
 -2.3037596e-01
 -5.7312983e-01
  3.1520042e-01
  1.0135220e-02
  3.0372819e-01
  1.0357221e-03
  6.1706116e-04
 -1.1080407e-03
  5.7489807e-03
 -5.6107115e-04
  3.9242426e-04
 -8.5027196e-04
 -2.3633768e-03
 -6.1688601e-04
 -2.5867841e-03
 -2.1901535e-05
 -2.1749178e-03
 -7.4450095e-04
  7.3316267e-05
 -3.3573271e-04
 -9.0669258e-04
 -5.1094564e-03
 -3.5410747e-05
  5.3482083e-05
  8.5682306e-04
 -4.7905630e-04
  6.1351643e-03
  8.0635203e-03
  1.0381988e-03
  1.8344655e-03
  1.2579422e-03
  5.3555644e-03
 -2.4654085e-03
  3.8485902e-03
 -6.3052918e-03
 -9.8206464e-04
  1.8081650e-03
  2.7778519e-03
 -4.1564685e-04
  2.3203893e-03
  2.6154954e-03
  9.5724518e-04
  5.0914357e-03
  1.4386712e-02
 -2.7318338e-03
  6.0697673e-03
  2.3814931e-04
 -1.7277977e-03
 -4.3291524e-03
 -2.4618024e-03
 -1.6062880e-04
  1.1904602e-04
  1.2633039e-03
  1.4861247e-03
  9.7056542e-04
  2.9775157e-04
  2.5137758e-03
  2.0132768e-03
 -4.1068092e-04
  6.7421963e-05
 -3.3814713e-04
  2.6440390e-03
  1.2701630e-03
 -2.4422507e-03
  2.2526504e-03
 -1.5824990e-04
  2.7726481e-03
 -2.9488113e-03
  3.9157351e-03
  1.1794014e-04
  1.8654660e-04
 -9.8750973e-04
  7.8607711e-04
 -2.3462910e-03
 -5.6818424e-04
 -2.8092749e-03
  4.3492205e-03
  1.9182734e-03
  3.1179709e-03
  1.1224665e-03
 -5.2811750e-03
  2.2642080e-04
  1.6426338e-03
  1.0812952e-03
  2.7182421e-03
 -1.8943944e-03
  2.1098717e-03
  4.2184358e-05
  1.5672580e-03
  1.1122305e-03
 -1.5910479e-04
  1.8486231e-05
 -1.3813952e-03
 -1.5223472e-03
  6.0746289e-04
 -1.5066421e-03
 -3.0941688e-03
 -5.2366490e-03
 -1.2109050e-04
 -8.7638131e-05
 -5.3753848e-03
  4.6627750e-04
 -1.6122767e-04
  1.6219295e-03
 -2.5438104e-04
  2.4617826e-05
  1.7114694e-04
 -2.2610608e-03
  2.6944338e-04
 -1.5732327e-03
 -4.3762247e-03
  1.6996641e-04
  7.5986760e-04
  3.3216956e-03
 -3.1262392e-03
  3.6919304e-05
 -2.5815968e-03
  9.1611920e-04
  1.5044574e-03
 -1.0166154e-03
  7.4134610e-04
  5.2837160e-04
  2.1262146e-03
 -1.1299552e-03
  3.2536185e-03
 -9.5242141e-03
  2.2275583e-03
 -6.9624343e-04
  3.6299142e-01
 -3.3163775e-03
 -1.7584917e-03
 -2.1922636e-04
  1.4450459e-04
  1.0349303e-03
  5.1127607e-03
 -2.9358063e-03
  2.4738507e-03
 -8.3669822e-04
  2.3155168e-03
  1.8052035e-03
 -4.6913329e-04
  5.1681711e-03
  1.0753901e-03
  7.7858465e-05
 -1.2279655e-04
  9.3806261e-04
 -7.4481784e-04
  5.5180602e-03
  7.9629070e-04
 -6.0143025e-04
  1.9285763e-03
 -1.0513758e-03
 -5.6559267e-04
 -1.9337020e-03
  1.6780462e-03
 -5.2471540e-04
 -1.6339407e-03
  2.0935426e-04
  1.7248746e-03
 -1.5277512e-01
  1.3001888e-01
  5.7229237e-03
 -4.0571406e-03
 -2.5582430e-01
 -4.8744753e-03
  1.3257724e-03
  4.5010021e-01
  1.2881277e-02
 -2.0370777e-01
  3.2446261e-02
 -1.2516876e-01
  8.8639808e-01
 -2.5491047e-01
 -3.0753454e-03
  8.8382035e-02
  8.1652673e-03
  4.6651277e-01
 -1.9460644e-01
 -7.2351578e-03
  1.8100661e-03
  2.3030920e-01
  5.6852347e-01
 -3.7921146e-02
 -6.5332616e-04
 -2.1820451e-01
 -6.2729642e-03
  4.9250377e-03
  4.3459443e-04
 -2.4773981e-03
 -3.2799118e-04
  1.1013196e-03
  5.4737448e-04
 -2.0560871e-03
 -1.8653383e-04
 -1.8316816e-03
  2.7079911e-03
 -1.9243702e-03
  3.9987057e-04
  9.5053180e-04
  2.5495382e-03
 -1.1521633e-03
 -2.0536368e-03
 -1.4359670e-03
 -8.5993885e-04
 -2.3136003e-04
  6.8469183e-04
  4.9992963e-03
 -2.4819064e-03
 -2.0029114e-03
 -7.8731281e-04
 -6.4040112e-05
  3.2648435e-03
 -1.2897993e-03
  1.2401234e-03
 -1.3124881e-03
 -6.6403288e-04
 -1.8843908e-04
 -5.5311872e-03
 -7.4298154e-03
  9.1048965e-04
 -5.0954148e-03
 -1.8616325e-03
 -5.4921117e-04
 -6.4401943e-03
  9.5120305e-04
  1.3846024e-04
  6.2790276e-03
 -2.7041493e-03
  7.6089811e-04
 -5.3518377e-03
 -8.0521690e-04
 -7.1406236e-04
 -6.1063573e-04
  2.4819898e-03
  8.0822874e-04
 -2.6869255e-03
 -4.4176099e-03
 -2.7145280e-03
  7.2681622e-05
  1.6702792e-03
  4.9675209e-04
  1.6190124e-03
  5.7169218e-03
  3.2053695e-03
  4.8118671e-03
 -1.9424377e-03
 -7.8805542e-04
 -2.9084533e-03
 -8.0191466e-04
  9.9406159e-04
  2.8559169e-05
  4.8760511e-03
 -1.6413076e-04
 -6.3108926e-04
  8.8524085e-04
  2.7861048e-03
 -6.4130095e-03
  3.9007659e-03
 -2.3496883e-04
 -1.4410475e-04
 -2.1566474e-03
 -7.8053600e-03
  6.8458235e-03
 -1.6705910e-03
 -1.4810831e-03
  9.6424704e-04
 -8.6631051e-05
 -4.8720832e-03
  2.2347757e-04
 -3.6712107e-03
  7.1672373e-04
  9.3973987e-04
  7.9599041e-03
 -9.7171348e-03
  3.7079219e-05
  2.8178443e-03
 -4.5850425e-04
  1.8441115e-03
 -5.6822057e-04
 -6.9910018e-03
  2.1173828e-03
 -4.9497309e-04
  1.8359685e-03
 -1.2121511e-04
 -2.2203817e-03
  1.1583855e-03
 -1.7611018e-03
  4.6323298e-04
 -9.3903765e-03
  1.0494157e-03
 -1.5539709e-03
 -2.4683913e-03
 -3.3097228e-04
 -5.0804168e-03
 -1.8275537e-03
 -1.8683460e-03
 -1.6398693e-04
  1.5477120e-04
 -2.6612149e-03
  1.3752993e-03
  1.6784361e-03
  2.2760099e-03
  1.4486250e-03
  2.1799954e-03
  5.1217381e-04
 -7.2009821e-04
  4.1281970e-04
  1.3781641e-05
 -3.7593090e-05
 -7.6958619e-05
 -6.4399406e-05
  3.7703838e-03
 -2.5476208e-03
 -7.0431159e-04
  6.9748529e-04
 -7.4325036e-03
 -2.9133982e-04
 -4.8440037e-04
  1.0010041e-03
 -9.1550493e-04
  1.4883423e-03
 -9.0666967e-05
  2.1065283e-04
 -3.1546096e-04
 -1.1580982e-03
  1.9162215e-04
  6.8681658e-04
  6.3927786e-04
 -8.9763053e-04
 -5.6279567e-03
  3.7861238e-03
  2.6341381e-03
  7.2164362e-04
  1.3217627e-03
  1.2035524e-03
  1.7502031e-03
  4.4113314e-03
 -7.6061866e-04
  3.8269456e-03
 -4.2324053e-05
  1.5030858e-03
 -2.6965134e-03
 -1.7441929e-03
 -1.1421506e-03
 -2.3081459e-03
 -1.0328243e-04
  2.0032334e-03
  3.3883336e-03
  8.2306005e-03
  4.6937415e-04
 -1.5421361e-03
 -2.7849138e-04
  6.5453863e-04
  1.5796825e-03
 -3.6870907e-03
 -7.8915795e-03
  1.5451156e-03
  1.1334263e-03
 -2.5030540e-04
  3.5806803e-03
 -3.5341394e-03
  6.3459401e-04
  9.6376060e-04
  3.1310068e-03
 -1.5575676e-03
 -6.1826189e-03
  1.7713578e-04
  1.0065112e-03
  4.3491108e-04
 -2.9030559e-03
  2.5476993e-04
 -2.4410998e-03
 -2.9724196e-04
  1.6909739e-03
 -3.2939969e-03
 -1.9338636e-03
  7.2532904e-04
 -2.5352440e-03
 -2.5791998e-03
 -8.5306086e-04
 -1.6996012e-03
  4.8638568e-03
 -5.3919456e-03
 -1.2776189e-03
 -2.9054069e-04
  7.7054190e-04
 -1.7105641e-03
 -3.7507660e-04
 -1.9498570e-03
  1.5711006e-03
  2.7876007e-03
  1.5255725e-03
  6.5005082e-03
  4.7015450e-03
  3.2617564e-03
 -1.9708790e-03
 -3.3594266e-04
  9.8142307e-04
 -2.1548239e-04
  3.9199513e-04
  3.5269341e-01
 -3.6959483e-03
  1.2992703e-03
  3.6337143e-03
 -2.8662232e-03
 -2.3475802e-03
  8.8555978e-05
 -1.4362442e-04
 -8.5593300e-04
 -1.3370160e-03
 -2.8742500e-02
  1.0626728e-03
 -1.3108688e-03
  1.7879788e-04
  2.0805255e-03
  5.8979996e-02
  1.7727999e-03
  1.2120968e-01
  6.4107339e-04
  1.0876269e-04
 -2.6270899e-03
 -4.1652820e-03
 -1.2965052e-03
 -2.8603520e-02
  1.4072767e-03
 -3.7322484e-03
  2.3066201e-03
  8.7209675e-04
  1.4258068e-03
  6.6438429e-03
  2.5931431e-04
  3.4557297e-04
 -1.5981107e-03
  2.6787203e-03
  6.9796080e-03
  1.1391552e-03
  2.7489313e-04
 -8.3639269e-04
  2.2208658e-03
 -3.6924055e-05
 -3.3913369e-03
 -3.2856364e-03
 -2.1458317e-03
 -1.3942773e-03
 -2.7427117e-03
 -5.8514057e-03
 -1.2237724e-03
 -5.8598844e-03
 -7.1622751e-04
 -2.4387145e-03
  4.7883228e-03
 -2.0975731e-03
  1.4171125e-04
 -3.4400666e-04
 -6.3303499e-03
 -8.7216394e-03
  1.7287404e-03
  2.6363365e-03
  9.5472211e-04
 -1.2118627e-02
 -4.3931226e-03
  9.7477790e-03
  4.5279050e-03
 -4.5958094e-04
 -1.2796727e-03
  1.1601816e-04
 -2.0265864e-02
  1.9650946e-03
  3.7184518e-04
  1.1065949e-04
 -3.4322054e-03
 -2.9940919e-03
 -2.5627310e-03
 -1.7901155e-04
  2.1708126e-03
  3.2732880e-03
 -1.9194177e-04
 -5.5860586e-02
 -8.2303211e-04
 -3.0196886e-04
  4.2101210e-03
  1.0076123e-02
 -1.5350120e-03
  4.1651027e-03
 -3.2807013e-03
 -1.8598466e-03
  2.1425013e-03
  8.0410362e-04
  1.7553945e-03
 -1.2815056e-03
  3.9998135e-03
  9.8329792e-03
 -7.2384765e-04
 -2.2594526e-03
 -1.1352322e-03
  1.6120169e-03
  1.8527525e-04
  8.5707456e-03
 -2.9186471e-03
 -9.2880160e-04
  6.2045851e-04
  2.1384014e-03
  1.5924125e-03
 -4.8280813e-04
 -2.1447772e-03
  1.5892569e-03
 -1.6485183e-03
 -1.7718520e-03
  1.2593451e-03
  3.5353727e-04
  1.5235441e-03
  1.2786794e-04
  4.2634073e-04
  4.7705267e-03
  7.5947342e-04
  5.9122528e-04
  2.4226878e-03
  1.5821692e-03
 -8.3460212e-02
 -3.8265919e-03
 -6.5793307e-03
  2.8269112e-01
  3.0154947e-04
 -7.4300854e-03
  1.7194550e-03
  2.9025523e-03
  1.9545099e-04
 -2.1982152e-04
 -5.5797850e-03
  1.8209585e-03
  2.7272846e-03
  1.5398574e-03
 -1.8981555e-03
  1.7486086e-04
  1.2554474e-01
 -4.8764586e-03
  1.7342141e-03
 -1.5901203e-01
  2.5796688e-03
 -4.4770082e-03
  6.2643969e-03
  2.1208717e-02
 -1.9718795e-03
  1.0451433e-03
 -6.0593057e-04
 -1.4855940e-03
  2.5666005e-03
  7.5304002e-01
 -7.5905910e-03
 -5.5714272e-04
 -6.6151889e-04
  2.0766133e-03
  6.0990546e-03
  4.6941168e-03
  1.3501230e-03
 -7.1198592e-04
  9.4821407e-05
  1.4836143e-03
 -3.3293029e-05
  4.2119035e-03
  8.2836050e-04
 -5.3082092e-04
 -1.7153904e-04
  5.2659055e-03
 -1.4386487e-03
 -1.6779482e-02
  2.8870351e-04
 -2.5106900e-04
 -2.9310693e-03
 -1.9202728e-03
  9.4466232e-04
 -5.2762604e-03
  3.0339963e-03
 -2.4587975e-03
  6.5589085e-04
  5.2629621e-04
  1.1614989e-03
 -7.1676110e-04
  5.6061393e-04
 -1.4271674e-05
 -1.6231674e-01
 -1.4805819e+00
 -9.0658646e-03
 -2.9631567e-03
 -3.9681181e-01
 -1.4611437e-03
  5.4111970e-03
 -6.7819346e-04
  4.4335066e-03
 -3.1470251e-03
  3.9496954e-04
  8.8677782e-01
  2.1530278e-03
 -4.4402685e-03
  3.8861655e-02
 -1.3263664e+00
  2.1409641e-03
 -4.4350022e-01
 -1.6318669e-03
 -5.1039783e-04
 -2.1249734e-04
  1.6128935e+00
 -2.9814283e-03
  1.2813536e+00
 -1.8389170e-01
 -1.3778871e-02
  2.7492198e-03
 -6.5219239e-04
  8.5600269e-01
 -1.3501056e-03
  2.2791461e-04
  1.0086811e-02
 -3.4756940e-03
  3.5233807e-03
 -6.4376336e-01
  6.5498441e-03
 -1.4447899e-03
 -2.4700821e-03
  1.8049499e-03
  2.6993894e-03
 -5.1448094e-03
 -1.1359546e-04
 -3.2866818e-03
 -1.6285947e-03
  4.0134790e-04
 -1.4077184e-03
  4.1558537e-01
 -4.5768353e-03
  4.3900698e-01
 -2.2218119e-01
 -1.1602987e+00
 -1.3133218e+00
  1.0033299e+00
  4.8539219e-03
 -9.3047231e-05
 -2.6881981e-03
 -3.4527348e-03
 -1.0297786e-03
  7.4667501e-04
  6.5104419e-04
  4.9714762e-04
 -1.5623515e-03
  1.1633239e-03
 -3.1442146e-03
  1.3087692e+00
 -9.0299141e-01
 -1.0457454e-03
 -1.1002793e+00
  4.5785916e-04
 -2.4522550e-03
 -6.6638812e-02
 -1.9922302e+00
 -2.6621059e-01
  6.4491159e-01
  9.3544996e-01
 -5.1766521e-01
 -2.9358026e-04
  9.9983765e-04
 -9.2212862e-01
 -8.3478121e-04
  2.4156109e-03
 -8.2483154e-04
 -1.7088705e-04
 -1.8122110e-03
  1.2568320e+00
  8.8223945e-03
 -3.9431965e-03
 -2.9968398e-04
  9.3046350e-05
  7.9104328e-04
  2.0763676e-03
 -1.1650000e-03
 -3.3794421e-01
 -6.9083739e-04
  2.9145556e-03
 -3.7281975e-04
  4.0929899e-01
  1.7739160e-02
 -4.8554799e-01
  8.8071716e-01
 -1.8757457e+00
 -1.0303576e-01
  1.5578173e-01
  1.2357997e-03
 -2.2665738e-01
  3.0413795e-01
 -8.9072663e-01
 -3.7493594e-02
  5.5216994e-02
 -1.4788749e-02
 -5.7404989e-01
 -2.3739163e-02
  1.5181240e-01
  3.1884508e-03
 -2.4173562e-03
  2.8000516e-01
 -1.1947582e+00
 -5.2053644e-03
  6.5360172e-04
  2.3799030e-02
 -3.6835876e-01
 -2.3779090e-01
  4.0592067e-02
  1.8979522e-03
 -5.1436410e-03
  2.1657242e-02
  1.5154761e-01
 -2.1733350e-01
 -1.0197730e+00
  2.4094656e-01
 -6.6082704e-01
  2.3582089e-01
  1.7400661e+00
  4.4509019e-03
  7.8177445e-02
  1.0571382e-03
 -1.4778152e-02
 -1.3096223e-02
 -1.0634035e-04
 -1.1662363e-02
 -3.2370475e-01
 -2.1580452e-01
  9.0855453e-04
  8.2031725e-04
 -3.3296028e-01
  1.3972518e-01
 -2.4878317e-01
  1.2617841e-01
 -2.1378263e-03
  2.6358322e-03
 -2.5856262e-01
 -3.3737221e-01
 -1.4813253e-02
  1.9079528e-03
 -1.4003182e-03
  3.2274697e-03
  7.6136496e-03
 -1.5709477e-02
  1.2183797e-03
 -3.2206590e-03
  9.1349779e-05
 -1.1928608e-03
 -3.8906313e-03
 -1.8919909e-03
 -1.9814936e-02
 -3.9470699e-03
  1.8849813e-03
 -5.9406675e-04
  5.4520369e-03
  1.6638510e-02
 -5.3266063e-04
 -4.4211998e-04
 -5.3172320e-04
 -8.3912321e-04
  1.7543352e-03
 -1.1422572e-04
  1.0063652e-04
  1.0934396e-03
 -3.2413451e-04
 -1.3074168e-04
  2.7098192e-03
  2.2175822e-04
  6.4638729e-04
  8.7438122e-04
 -1.1205488e-03
 -1.9648112e-03
  3.0332804e-04
  1.7389508e-03
  4.8973667e-03
 -1.1320389e-03
  7.0560421e-04
  1.5747857e-01
  1.2802480e-03
 -3.2123562e-03
 -1.7045238e-03
 -2.1138464e-03
  4.3584947e-03
 -9.1183500e-04
 -2.5635181e-04
 -1.9544570e-03
 -2.6624387e-03
 -1.5207306e-03
 -7.2616985e-04
  3.1790257e-04
 -4.5729643e-03
 -3.1762726e-03
  4.6218508e-03
 -6.3707586e-04
  4.1675832e-04
 -3.9847870e-03
  1.0483879e-04
 -5.3818937e-04
 -1.3989659e-03
 -1.3833251e-03
  3.1367089e-03
  1.3757281e-03
 -7.8461124e-03
  2.2091472e-04
  1.5164992e-03
  4.2505091e-04
  3.4524324e-05
 -9.4210292e-04
  1.2253862e-03
  1.9221660e-03
  8.0801226e-04
 -4.8986278e-03
 -5.3735580e-03
  2.5852332e-03
 -1.4260712e-03
 -1.5463179e-03
 -1.0639123e-03
 -2.0041729e-03
  2.1715027e-03
  3.1172190e-04
  8.0998329e-04
  8.1999657e-05
 -9.4552332e-04
 -1.7558988e-04
  3.1293251e-03
  2.2217128e-03
  1.5548250e-03
 -3.9479593e-04
  1.7108285e-03
 -3.8015507e-05
 -1.6818696e-04
  1.2659110e-03
  9.8217395e-04
  3.9174822e-03
  1.1504910e-02
  5.7582761e-04
 -8.5123768e-04
 -4.2416044e-03
  3.3014084e-03
 -4.0796790e-03
  1.9260255e-03
 -8.4936648e-04
  4.6407914e-04
  8.8375993e-03
 -1.8365630e-03
 -2.3854536e-04
  2.2166212e-04
 -3.6547941e-04
 -3.6827528e-03
  4.8529659e-03
  1.0242522e-04
  2.4305037e-03
 -1.2819096e-03
  2.9771924e-03
  1.5339280e-04
  4.4976668e-03
  2.0309503e-03
  1.8668197e-03
  5.2031258e-04
  3.1350719e-04
 -1.1087118e-03
 -4.5643565e-03
  3.0477066e-03
 -5.6073824e-03
  7.4985204e-03
  1.9833883e-03
 -1.8583123e-03
 -8.5770036e-04
  1.7300819e-03
  5.6559884e-04
  1.2984480e-03
  3.8483266e-03
  8.1301859e-04
  1.3539868e-02
 -4.1895814e-04
 -5.1958808e-03
  3.6483060e-03
 -9.4553412e-05
 -5.1319920e-03
 -2.6653560e-03
 -8.0626842e-04
 -7.3536835e-04
  4.1352882e-04
  1.3537869e-03
  1.0183559e-03
 -2.4608332e-03
  2.5338237e-03
  1.6522562e-03
  8.9431868e-04
  2.4556214e-04
  3.7999454e-04
  3.8166088e-03
  1.7439543e-03
  3.0980329e-06
 -2.5997530e-03
 -1.9824097e-03
 -1.6971803e-03
  1.3447258e-03
 -1.1347960e-03
  4.8148911e-04
  5.9977369e-03
 -5.8148790e-04
 -6.1338432e-03
  6.8030116e-04
  9.0501894e-04
  7.7432594e-03
 -3.7643055e-03
 -9.7003882e-04
 -3.5886662e-03
  2.3228249e-03
  2.2378706e-03
  2.7362251e-04
 -3.2929082e-03
  2.1652824e-03
 -2.2131656e-03
 -1.4462309e-03
 -5.3156220e-04
 -1.0608790e-03
  1.4140666e-03
 -3.7826719e-03
  1.5589477e-03
 -1.0489387e-04
 -1.2369509e-03
  4.1667409e-03
  1.1087266e-03
 -9.2852180e-04
 -5.9331236e-03
 -9.6465147e-04
  1.9459687e-03
 -3.5351003e-03
  4.0899650e-03
  1.6201333e-04
  4.6272245e-03
  3.8989543e-04
  2.2004233e-03
 -2.4426063e-03
  7.2402614e-03
  3.1147263e-04
  2.3197955e-03
  6.8689012e-03
  1.6757903e-04
  9.0912281e-04
 -4.8829429e-04
  1.4627544e-04
  1.4917023e-04
  5.4172445e-03
 -2.2153098e-03
  9.9991378e-04
  2.4930451e-03
 -1.1641067e-03
 -3.7534726e-03
  1.2697518e-04
 -6.5274816e-03
 -3.5891409e-03
  6.1972940e-01
  2.0100414e-03
 -6.5824106e-02
 -1.5842775e-03
  1.1797145e-02
 -3.4058737e-03
 -1.2807382e-03
  3.0497757e-03
  6.7459028e-03
 -6.6589408e-02
  8.6900470e-04
 -2.6598191e-02
 -3.1550620e-02
  4.9605016e-02
  3.6792078e-03
 -8.5821986e-04
  8.9800585e-04
  2.7765671e-02
  1.2238288e-03
 -1.9282969e-03
 -4.9008811e-03
  1.6398967e-04
 -5.9872209e-03
 -2.0052197e-03
 -1.2843109e-03
  1.2912472e-03
  5.8643199e-03
 -3.6291424e-03
  1.9151742e-02
 -1.1484891e-02
  1.0210396e+00
 -2.0127694e-01
  2.2608183e-01
 -1.1808042e-01
  2.8355881e-03
  5.0245301e-04
 -6.9347620e-03
  7.9992809e-04
  7.1664611e-03
  8.9434157e-05
 -2.2379507e-03
  2.9357487e-02
  7.9389773e-02
  6.3293469e-03
  3.1768268e-03
 -4.2852720e-05
  9.2776772e-03
  2.4448165e-03
  1.3695526e-01
 -1.5117419e-03
  6.5238809e-04
 -3.7691772e-02
  1.0001909e-02
  7.8142628e-02
 -1.9577686e-03
  4.6708779e-03
  1.7160281e-03
 -1.6485788e-03
 -1.2223533e-02
  2.3423966e-04
 -2.7163734e-04
 -4.2001056e-03
  2.0798545e-03
 -1.0419030e-03
  6.2126691e-07
  4.9183015e-03
  1.2670801e-03
 -4.1336683e-04
 -8.5431850e-04
 -4.5390595e-03
 -3.7420983e-04
  2.7663154e-03
  9.7510684e-03
  2.8247770e-03
  9.0799585e-05
 -1.8249031e-03
  1.7409330e-03
 -2.9290961e-03
 -2.8008579e-03
  1.1245413e-04
 -6.4018797e-03
 -1.7278236e-03
 -1.9107495e-03
 -4.8082662e-04
  8.1285642e-04
 -1.7367186e-03
  2.7316055e-04
 -1.1572574e-02
  7.6304196e-04
  3.2287760e-05
 -2.4813828e-03
  9.5758133e-04
 -2.6830209e-03
  9.6703088e-04
 -4.6290274e-04
 -1.1875534e-03
 -3.1613775e-03
  2.8997152e-03
 -1.2992714e-04
 -7.6432421e-04
  8.6174591e-04
 -9.9632794e-05
  1.1311910e-03
 -1.4068512e-03
  1.3728933e-03
 -4.9901695e-04
  2.6170099e-03
  1.0335245e-03
 -2.5689593e-03
 -2.2334969e-03
 -2.4543128e-03
 -1.0394083e-03
  3.7884635e-03
  2.4782731e-03
 -5.1337634e-03
  3.1599698e-03
  2.4151527e-04
 -6.9690467e-04
 -2.9080277e-04
  3.3849131e-03
 -1.2913012e-03
 -1.0730560e-03
  9.0705178e-04
  1.9876121e-03
 -3.6018551e-03
 -1.3876937e-03
  3.6677355e-03
  7.2633522e-04
 -5.6879839e-04
  4.3340100e-04
 -1.7433047e-03
  1.4411847e-03
  7.7854999e-04
  6.2837709e-05
  5.5586424e-04
 -1.8494576e-04
 -2.6547872e-03
  1.5329012e-03
 -2.2711805e-03
  1.3842797e-03
 -2.3708956e-03
 -2.9058172e-04
  1.0546207e-03
 -2.0403902e-04
  2.1157866e-04
 -1.5280579e-04
  2.9838481e-03
 -3.4659629e-04
 -2.1593450e-03
 -5.1115826e-03
 -4.5773285e-03
  4.9516256e-04
  2.6913034e-03
 -2.9948060e-04
  1.6208136e-04
 -4.3063373e-03
 -3.7003511e-03
 -1.7235432e-03
 -6.0859520e-04
 -2.2374149e-03
 -4.2992276e-03
  1.1236076e-03
 -2.9199638e-03
 -3.3766802e-03
 -4.6241358e-03
  2.3407565e-04
  6.2151987e-04
 -1.5240161e-03
  3.0339065e-03
  2.9662841e-03
 -2.4566930e-04
  6.3116136e-03
  8.1864651e-04
 -7.1559782e-04
 -4.1771418e-04
 -2.3401855e-03
 -7.3171919e-04
  5.6406757e-04
  2.1410999e-03
 -3.9713638e-04
 -2.7305207e-03
 -1.6470874e-05
  7.0864067e-04
 -8.5387356e-04
 -1.9734264e-03
  7.4655737e-04
  5.3843213e-03
  5.2939407e-03
  4.7271904e-03
 -1.7738648e-03
 -2.8227313e-04
 -2.0261025e-03
 -6.6793367e-04
 -7.8736537e-04
  2.9366231e-03
  4.3008393e-03
  3.4003027e-04
  1.2928977e-03
 -1.5964891e-03
  4.1706935e-03
  1.5030676e-03
 -1.1290729e-03
 -7.7474928e-03
 -1.8076886e-03
 -1.9240723e-03
 -1.5585384e-04
 -5.8925659e-03
  1.4273792e-03
 -6.7604482e-03
 -2.7915435e-03
 -7.9193490e-04
 -1.2122218e-03
 -7.2318636e-04
  2.6123105e-03
 -3.1350490e-03
  9.8740996e-04
 -1.2338322e-03
  5.3511519e-04
  3.8722791e-03
 -9.7020855e-04
  1.0413798e-03
  6.7518856e-03
 -4.0526818e-03
 -8.7344722e-04
  4.1669628e-04
  2.9616107e-03
 -2.2424108e-04
 -1.6117481e-03
  7.9917954e-03
  1.2845502e-03
  1.5186580e-03
  8.7106210e-04
 -3.1833260e-03
 -2.2590796e-03
  3.9693134e-04
  4.3142657e-04
 -3.8568836e-04
  9.1561722e-04
  3.3131866e-03
 -4.1340631e-03
  2.9522132e-03
  1.5900416e-03
 -5.1301653e-03
 -3.2735341e-03
 -2.7106511e-03
 -2.1984952e-03
  9.8906795e-04
 -1.2329826e-03
  1.2171437e-03
 -1.7877773e-03
  1.5694046e-04
 -1.0551600e-03
 -3.9357697e-03
 -3.0852773e-04
 -5.5648947e-01
 -9.5861708e-04
 -2.0844112e-03
  6.6782063e-04
  1.1301598e-03
 -7.0840557e-04
 -1.8782686e-03
  9.5084362e-04
  1.8405743e-03
  8.9026656e-04
  4.6002533e-04
 -2.2358561e-03
  2.3450232e-03
 -8.8778103e-04
 -2.8671774e-03
 -3.8484114e-03
  1.0242666e-04
 -4.9342536e-03
  8.2690601e-04
 -1.5301246e-03
 -1.6248510e-03
 -3.1174002e-03
 -4.6635891e-04
  2.8420470e-04
  6.1174948e-04
  4.0881615e-04
 -8.0769300e-04
  1.1219630e-03
 -8.8108494e-04
  2.2787678e-03
 -4.7296676e-04
  4.6212669e-04
  9.7730872e-04
 -7.5489195e-04
 -4.5755813e-03
  4.3421471e-03
 -1.3863800e-04
  1.0430248e-03
 -7.8452862e-04
  2.2522006e-03
 -1.9073841e-03
 -1.2583883e-03
 -1.9682711e-03
  4.5207562e-04
 -3.8017318e-04
 -2.6353095e-03
  2.2639601e-01
  2.0672819e-01
 -9.4589478e-01
  2.9012978e-01
 -6.3328247e-04
 -4.0099767e-04
 -3.6307157e-03
 -6.0710154e-04
 -1.3639980e-02
 -2.3785312e-02
 -7.6406106e-04
 -1.3867122e-01
 -9.2322834e-02
  2.2161524e-03
  2.9635434e-03
  6.1494093e-03
 -2.8631339e-04
  9.1489730e-03
 -3.8760442e-02
  6.5152654e-03
  1.0231705e-03
  3.9440814e-02
  9.2177093e-04
 -9.2922652e-04
  2.3906877e-02
 -6.1761206e-03
  1.9501463e-03
  1.5152219e-03
 -8.9434098e-04
  1.1354476e-03
 -2.3622049e-03
 -1.3221634e-03
  5.5145600e-04
 -7.8572761e-03
  1.0614883e-03
 -7.8674982e-04
 -8.5976376e-04
  5.5879178e-03
 -1.1557875e-03
 -1.3769546e-03
 -4.2076240e-04
  8.1514596e-04
 -2.9086939e-03
 -6.8854070e-03
  1.3199616e-03
 -1.6176145e-03
 -1.1936904e-02
  1.9706662e-04
  3.3675707e-03
  2.3288694e-03
 -7.9725333e-04
 -6.2088523e-04
 -6.8389722e-03
 -1.2482463e-03
 -3.2398240e-03
 -2.4473337e-03
  4.0515384e-05
 -7.0455490e-04
 -4.3877349e-03
  5.6178797e-05
 -1.4439990e-01
 -5.0848669e-01
  4.2865628e-01
 -5.7493836e-01
 -2.6759891e-02
 -1.8667786e-03
  2.0854864e-03
 -1.3003481e-03
  5.7820097e-04
  1.6914660e-01
 -2.7791208e-02
  6.4719882e-04
  2.2925265e-01
 -3.3079963e-02
  3.3532220e-03
 -6.1787409e-03
 -5.5891345e-04
 -3.5786245e-02
  8.0596656e-02
  1.8509022e-04
  1.0698262e-03
 -5.9389371e-02
  1.2117621e-02
  1.5037745e-01
 -6.2121352e-04
  2.4057357e-03
  3.7232186e-03
 -1.4370848e-02
 -1.3435875e-02
  3.5161756e-03
 -6.4445012e-03
 -3.1921994e-03
 -2.5623443e-03
 -2.2913716e-03
 -6.3494737e-03
  2.1899191e-03
 -2.3489087e-03
  3.7975580e-04
  9.0996304e-04
  1.2334498e-03
 -3.6099481e-03
 -1.1273656e-03
  1.7848794e-03
 -2.6079575e-03
  8.3266934e-03
  5.4198643e-03
 -4.1483636e-03
  8.4635935e-04
 -7.5075563e-06
  2.2100317e-03
 -3.2001862e-03
  2.6247085e-03
  1.0769034e-03
 -1.9688765e-03
 -2.0696078e-03
 -1.1567858e-03
  3.8759722e-03
  2.3598238e-03
 -1.7093738e-03
  1.9709216e-03
  1.9141254e-03
  6.7241192e-03
 -2.4255500e-03
 -2.4353599e-03
  1.3858798e-03
  4.8485263e-03
 -3.7668676e-03
  2.8646074e-04
 -4.6632453e-05
 -5.2388600e-04
  1.4672497e-03
 -8.6597441e-04
 -7.1093724e-03
  3.0678345e-03
 -4.9378662e-03
  1.2398498e-03
  1.4217378e-03
 -9.0125197e-04
  3.4870452e-04
 -3.1429175e-03
 -1.7297494e-03
  2.0339047e-03
 -5.1703160e-03
 -8.6488796e-04
  3.0102374e-03
  1.1226130e-04
  8.2854310e-04
 -9.6307229e-03
 -2.8626858e-03
 -3.2373366e-04
  2.8865568e-03
  4.7653314e-04
  4.8882142e-03
  4.8789028e-03
 -3.6091707e-04
  7.1274274e-04
  2.5021443e-03
  4.7981410e-04
 -4.7733972e-04
  1.6183495e-03
  5.1993299e-03
 -4.1568051e-03
  1.2125466e-04
  2.6680497e-03
  1.9049139e-03
 -8.4253540e-03
 -4.6200505e-03
  4.8672999e-03
  1.4006193e-03
  4.5166500e-03
 -6.7286203e-03
 -3.6134068e-03
 -3.6638270e-03
 -3.7456187e-03
  5.0006537e-03
 -4.5690183e-03
  1.7810162e-03
  1.7661161e-03
  1.0752804e-05
 -8.4999977e-03
 -5.3030270e-04
  1.2475551e-03
 -5.8833975e-05
 -7.3907222e-03
 -1.9549408e-03
 -5.0252033e-03
  5.2996509e-04
  2.0248732e-03
 -4.0831319e-03
 -3.6576478e-04
  4.5070029e-04
  9.7653382e-03
  1.7086803e-03
  2.1515664e-04
 -2.9964042e-03
 -4.5765946e-03
  1.5667991e-03
 -5.8265384e-03
  7.5101205e-03
  2.2246703e-03
 -1.3595095e-03
  4.1629520e-04
  5.3273229e-04
 -7.2822231e-03
 -9.7023387e-04
  1.8709053e-04
  3.4009761e-03
  4.6366826e-03
  4.4122999e-04
  6.3225133e-03
 -7.6334551e-03
  1.2128496e-01
 -1.2865954e-02
  3.1809197e-03
 -4.9268063e-02
 -9.5211138e-04
 -4.8855126e-01
  3.4539942e-03
 -4.3752723e-04
  6.3353940e-03
  5.0452095e-03
 -7.0880173e-04
 -7.6473234e-03
  6.1826687e-04
  3.7098385e-04
  7.3182012e-04
 -2.6128828e-03
  4.4734622e-03
 -2.4186512e-03
 -1.1037857e-03
  9.3617494e-04
  1.5607554e-03
 -1.7115577e-03
 -1.3250808e-03
 -3.8576997e-03
  4.4347188e-03
  5.2154055e-03
  3.3312905e-04
 -4.7394074e-05
 -2.7580457e-03
  1.2627597e-03
 -5.3957230e-03
  3.3749703e-03
 -6.2554999e-04
 -1.3978260e-04
 -4.8042927e-04
  1.3646604e-03
  5.8346539e-04
 -2.5178022e-06
 -7.5385702e-04
 -4.2047459e-03
 -6.5281798e-05
 -1.5923283e-03
  2.2227108e-04
 -9.1601483e-04
 -1.9706865e-03
  3.5895386e-03
 -6.2913680e-03
  6.2450450e-03
  2.7276446e-06
 -2.3636830e-04
 -3.2504287e-03
  9.9807680e-03
  1.9391763e-04
  7.0694081e-02
  3.4815699e-04
 -8.2869199e-05
  7.1250077e-05
 -2.3301187e-04
 -1.7617276e-04
 -7.7912281e-04
  8.4081544e-03
 -7.4463547e-04
  9.7464415e-04
  3.5704300e-04
 -2.0341813e-03
  1.3447995e-03
 -7.1275560e-04
  1.7357769e-04
  1.5669916e-03
 -2.9183279e-03
 -1.1251272e-04
  1.7831166e-03
  2.9557597e-04
 -6.3264770e-03
 -2.0826510e-04
 -3.8293991e-05
  5.0784129e-04
  1.8685239e-03
  7.4564083e-04
 -3.3719579e-03
 -3.6530609e-03
 -3.3489843e-03
 -9.2888536e-04
  2.5691958e-03
  9.1933482e-04
  1.3387612e-03
  2.5790730e-03
  2.6317683e-04
 -6.3308133e-03
 -2.6577932e-01
 -6.7654389e-01
 -4.9920258e-01
  1.2294891e+00
  2.4674249e+00
  7.5478688e-02
  3.3264346e-02
 -1.2976046e-03
 -7.4461690e-04
 -1.3507076e-01
  1.7861603e-01
  3.0875940e-02
 -5.6481493e-01
 -1.4675947e-01
  2.2849438e-03
 -1.7862233e-03
 -1.1597252e-01
  3.6931723e-01
 -1.0326988e-02
  5.1131880e-01
 -1.4283859e-04
  7.0895394e-04
 -1.7350248e-01
 -2.8765956e-01
 -2.7820918e-01
 -4.8762062e-04
 -1.7083544e-02
  2.8132540e-03
  1.3256951e-02
 -1.6423456e-02
  1.0768770e+00
  1.8307378e+00
  4.4776820e-02
  6.9364905e-01
 -1.7644585e+00
  3.1632638e-01
  1.3349213e-01
  4.5842806e-01
  4.2051527e-01
 -1.4801394e-02
  2.4722551e-01
  2.4910551e-01
 -7.1364522e-01
  3.5143799e-01
 -9.5798582e-04
  3.5471493e-01
  9.0013631e-02
  4.3447143e-01
  5.5260048e-03
  6.8006046e-02
 -3.0666955e-03
  4.5708311e-01
 -2.7335978e-01
 -1.2258033e-01
  7.7487595e-02
 -8.0883568e-03
 -4.5382204e-03
  4.0960274e-04
  1.9612736e-03
 -1.4617185e-01
  1.3603969e+00
 -9.8453619e-02
  3.3950180e-01
 -2.5780126e-01
  1.7543142e-03
  1.1057489e-03
 -3.8128358e-03
  1.7443657e-03
  7.2149481e-03
  3.3507696e-03
 -8.8118482e-03
  3.3548246e-03
  2.4141662e-02
 -2.8330053e-04
 -1.8457342e-05
 -1.5224649e-03
 -2.5702703e-03
  4.6647721e-04
  5.5337958e-02
  1.0209439e-03
  3.9668969e-04
 -7.6147646e-04
  2.6596785e-03
  2.1069266e-02
 -4.6071839e-03
  1.5410924e-04
 -2.3352120e-03
 -3.8587535e-03
  1.4060501e-03
  2.6313472e-04
 -2.1588936e-01
 -5.3654164e-01
  9.5141453e-01
 -7.2528028e-01
  9.8403260e-02
  5.6048486e-02
 -7.0731419e-01
  8.8497674e-01
 -1.6595969e-02
  2.9102397e-01
  1.9210924e-01
 -5.2275926e-01
 -6.8673265e-01
  3.3495366e-03
 -3.6557525e-01
  1.8439282e-01
 -5.7944959e-01
  4.4842955e-01
 -4.3254304e-01
 -1.3765862e-04
  1.7073494e-03
 -5.4655954e-02
 -4.2688990e-01
 -4.8550141e-01
  7.6610446e-01
 -2.5349597e-02
 -1.7540420e-03
  2.5028121e-02
  6.2458315e-03
 -1.0617687e-01
 -1.1840234e-01
 -1.4408493e-01
  2.8105906e-01
 -4.4606358e-01
 -1.3153046e-01
 -9.6198556e-04
 -7.0201077e-02
 -3.3848334e-02
 -1.7108610e-03
  7.8482948e-02
 -4.3025711e-03
  5.2181918e-02
  2.9320076e-01
  2.6936878e-03
 -8.9846973e-05
 -3.6739435e-03
 -1.6518573e-03
 -4.2161442e-02
  1.4078808e-01
  1.0792490e-02
  3.6853452e-03
  4.9449038e-02
  2.6398657e-03
  6.5557100e-02
 -8.2070529e-03
  1.9621497e-03
 -2.1032396e-05
 -5.8326339e-03
 -6.7146011e-03
  8.2068719e-02
 -6.0877146e-06
  6.6371240e-02
 -1.0858233e+00
  7.3066890e-01
 -4.6049985e-03
  2.2097259e-04
 -2.2998308e-01
  5.0881668e-03
 -6.0561798e-03
 -4.7735460e-02
 -1.0877505e-03
 -1.6294526e-02
 -5.3992467e-03
 -3.9748792e-03
 -4.4429000e-03
 -3.2050739e-04
 -1.3825385e-03
  7.0561259e-03
 -3.6247780e-03
 -1.7309571e-03
  2.9392695e-04
 -3.2671960e-04
 -1.1123964e-03
  1.3111501e-04
 -5.1723167e-05
 -3.9990004e-03
  5.3576159e-04
  2.2229073e-03
  4.2116051e-03
 -3.4096217e-04
  1.0486359e-03
  3.4759103e-03
 -1.6170705e-02
 -3.7297709e-03
  1.0334833e-03
  7.5226516e-04
  6.0821883e-03
 -2.1952193e-03
 -3.6513405e-03
 -4.3335455e-03
  6.6831673e-04
  3.5939136e-04
 -3.2611410e-03
  1.2061171e-03
 -5.0404575e-03
 -5.3795092e-03
  1.9206579e-03
 -2.3513425e-03
 -9.0292341e-04
 -3.5720952e-03
  7.2029972e-04
  2.1024246e-03
  1.7425647e-03
  3.3483382e-03
 -4.0500872e-03
  6.9139054e-04
  2.7576252e-03
  7.6296134e-04
 -4.4136241e-06
  6.7851966e-04
 -8.3754265e-01
  3.9608341e-02
 -5.5695671e-01
  1.8860380e-01
 -1.0292156e-03
  4.3565575e-03
  4.7121327e-03
 -6.5456494e-04
 -3.0833163e-04
 -5.8968691e-04
  9.5681017e-03
 -3.7884519e-01
 -8.2541980e-02
 -1.6347397e-02
  1.8433722e-03
  1.5063048e-03
 -3.8148400e-03
  5.2057640e-03
 -7.1267925e-02
  1.0232003e-03
  8.9610391e-04
  3.6079441e-03
 -9.1254767e-03
 -3.5540633e-02
 -2.4338621e-03
 -1.0246758e-02
 -2.0375780e-03
 -3.5104961e-03
  1.0262541e-02
 -3.7610061e-03
  1.0103420e-03
 -6.6264383e-03
  4.3207061e-04
  5.5933528e-05
  3.5906725e-03
 -6.9958172e-03
  4.2411448e-03
 -2.1381488e-03
 -6.3975458e-04
 -1.7013558e-03
 -2.8981027e-04
  1.7292234e-03
 -7.1300156e-03
  4.3398945e-04
 -7.9647929e-04
  2.7936941e-03
  3.0210717e-03
  6.8483368e-04
  5.7275163e-05
 -1.3915069e-03
 -5.6066585e-04
  4.0800027e-03
  2.9731083e-03
 -1.5058867e-03
  5.1097656e-03
 -2.1437088e-04
  1.8289910e-03
 -5.1943562e-03
 -1.0125197e-02
 -2.8374678e-04
  2.5663842e-03
  2.0292886e-03
 -1.0977725e-03
  1.5031199e-03
  2.2550176e-04
 -5.6172890e-04
 -2.9847808e-03
 -7.5988594e-04
 -2.3196379e-03
  2.9509545e-03
 -1.3416496e-04
  6.1175757e-04
 -3.0314841e-03
 -6.5452470e-03
  1.6676480e-03
 -1.7548895e-03
  1.2208906e-03
 -6.3841683e-03
  1.6479907e-03
  2.7247524e-04
  1.4786589e-03
 -3.9889505e-03
  7.9881831e-04
  2.0853963e-03
 -9.1927859e-04
  9.6855388e-04
 -1.8216147e-04
  4.0853981e-02
 -7.6283817e-04
 -2.1486918e-03
 -2.0824538e-03
  1.9809336e-04
  1.8897485e-03
  2.0810114e-03
 -3.4903581e-03
 -9.0847183e-03
 -2.0566881e-03
 -1.1592244e-03
  2.6877893e-03
  2.4184606e-03
  1.6106971e-03
 -1.6790563e-04
 -5.6005227e-03
 -2.9904084e-04
 -5.9028604e-04
 -7.5432663e-03
 -2.7794813e-04
  1.4742739e-04
  1.6632695e-04
 -4.8756469e-03
 -4.1704588e-03
 -5.6227818e-03
 -5.6163891e-04
  4.4001746e-03
 -3.2029836e-03
  5.4655544e-04
 -1.9685787e-03
 -2.4387692e-03
 -4.8615350e-04
 -6.7267851e-05
 -2.4949274e+00
  9.0454221e-02
 -5.7314193e-01
 -3.1468624e-01
  9.3820781e-01
 -3.4578826e-02
  1.9311756e-01
 -5.2208626e-01
  7.0032296e-03
  1.4314136e-01
 -2.6574703e-02
  4.8138075e-02
  3.1617597e-02
 -8.6290795e-01
  2.0663010e-02
 -8.0338612e-02
 -6.7747724e-01
 -1.4890918e-03
 -8.9583889e-02
  1.6786139e-01
 -9.2062794e-05
 -9.0973225e-04
 -6.7215064e-04
  5.8702016e-03
 -1.8923852e-01
  5.8660167e-03
  5.5105295e-03
  5.6887011e-04
 -3.6405344e-02
  7.2557330e-03
  1.2905002e-03
 -9.4081060e-04
 -4.1462141e-04
  4.8341691e-03
  3.5774542e-04
  1.9791697e-03
 -7.2076672e-04
 -8.4472512e-04
 -4.7876132e-03
 -1.4968049e-04
  1.1958500e-04
 -1.3106625e-03
 -4.1751605e-03
 -1.3178657e-03
 -2.9373021e-04
 -2.1641096e-04
  8.6290085e-05
 -1.5354269e-03
  1.7350152e-03
 -2.4806370e-03
 -4.9363734e-04
 -1.1692530e-03
 -7.3838484e-04
  1.3974707e-03
 -2.7757334e-03
  1.1745121e-03
 -6.5674586e-03
 -1.6919895e-03
 -1.3306495e-03
 -9.7755687e-03
 -9.4987489e-02
 -3.4287125e-01
  7.2703862e-01
 -5.5521190e-01
 -4.6638064e-03
 -2.8505032e-03
 -1.3247275e-01
 -3.1635491e-03
  9.9914437e-03
  1.3085051e-01
  1.7869184e-03
  1.3432971e-02
  2.3521782e-01
 -1.2830731e-03
 -3.7715188e-03
  7.3725346e-04
  8.0253574e-04
 -1.0998871e-02
  6.4443395e-02
  4.7827498e-03
 -7.0223323e-04
 -4.4900179e-02
  7.3113712e-05
  9.8250404e-02
 -9.6199056e-03
  6.8372599e-04
 -6.0460356e-04
  1.3399250e-03
 -6.7737041e-04
 -2.6597048e-04
  2.1392848e+00
 -8.4282255e-01
  1.0442121e+00
 -2.4470499e-01
 -1.3734080e+00
  7.8851357e-04
 -8.8700093e-02
 -2.8430938e-03
 -4.4503725e-01
 -5.6765871e-03
 -2.6377870e-04
  1.3287669e-01
  2.9900596e-01
  3.4192804e-01
 -6.2598966e-02
 -1.1626926e-03
  2.0917864e-01
 -2.8045470e-01
  9.1815673e-02
 -3.0677634e-01
  4.6575791e-03
 -4.4810139e-03
  4.5709580e-01
  6.5127337e-01
  1.5442458e-01
  9.4124498e-03
  5.8520620e-04
 -4.6948550e-04
 -6.0724905e-03
  9.7840866e-03
 -2.6159184e-03
 -6.2588812e-03
  3.5326951e-03
  4.9261064e-03
  1.5013667e-03
 -4.2468400e-04
 -1.0978271e-03
 -4.9294025e-04
 -1.1072832e-03
  1.9044935e-03
  1.2902229e-04
  1.7395605e-03
 -2.4729725e-03
 -1.2818349e-03
  2.8035027e-04
  2.0151136e-03
 -1.1878882e-03
  1.0210404e-03
 -5.4796156e-04
 -2.7363417e-03
  1.4991291e-03
  9.9076843e-04
 -2.0167641e-03
 -1.0615273e-03
  2.1632072e-03
  3.7645986e-03
  1.6126761e-03
 -9.1822149e-04
 -1.7568297e-03
 -9.3649197e-03
  6.7060720e-04
  1.1382503e-04
 -3.5824103e-03
  2.2181496e-03
 -5.2791601e-04
 -1.4726649e-03
 -5.1650900e-04
 -8.4152346e-04
  6.3446048e-04
  9.9567452e-04
  2.5559885e-03
 -6.7691720e-04
 -3.5646601e-05
  8.6519337e-04
 -9.0644573e-04
 -3.5985084e-03
  8.7717977e-05
  2.1919948e-03
  1.2028688e-03
 -1.0718798e-04
 -6.5428810e-04
 -6.6996417e-06
  1.6961299e-05
 -3.5488612e-03
  4.1854044e-04
  7.0298096e-04
  2.0600129e-03
  6.0557440e-04
  1.2515577e-04
  1.8004971e-03
 -2.0602308e-03
 -7.3304479e-03
 -4.7476022e-03
  3.2599657e-03
  1.1688479e-03
  2.5498875e-05
 -2.3956718e-03
  1.2814432e-03
 -5.8026653e-04
  1.6206534e-03
 -2.9916271e-05
  2.6065952e-04
  1.4471121e-03
  1.4990423e-03
 -1.1952096e-04
  3.7232081e-03
  5.1883911e-03
  1.9088542e-03
  1.5229358e-03
 -1.8808614e-03
  2.7830075e-03
 -3.7652783e-03
 -2.3506235e-03
  1.2922869e-03
  2.8422114e-03
 -4.1838699e-05
 -9.4016717e-04
  4.7019820e-04
  3.2710524e-03
  1.9761561e-04
  1.8427060e-03
 -4.6009463e-03
 -2.9637860e-03
 -5.2356520e-03
 -4.5046564e-03
  3.3991390e-03
 -3.1616497e-03
  1.2545269e-03
 -2.5281303e-03
 -5.5796006e-03
  4.3847244e-03
 -4.9875397e-03
 -1.2530810e-04
  3.8358578e-03
  5.5323285e-04
 -6.6785514e-03
 -7.7352934e-03
 -2.4077443e-04
  1.7679393e-03
  2.4281905e-03
  1.0767028e-03
 -3.0442260e-04
 -6.8165762e-03
 -2.2162253e-04
  2.5343476e-03
  6.2930970e-03
 -8.2079582e-03
 -1.0407333e-03
  3.6698228e-04
  2.9270939e-05
 -1.3895944e-03
  3.9392512e-04
  1.6397582e-03
 -5.3122523e-04
 -4.2348183e-03
  3.3661355e-03
  3.2394524e-05
 -1.0977848e-03
  6.8739959e-04
  4.5197755e-03
 -1.1016417e-04
  5.4107013e-04
  2.2386535e-04
 -6.2832609e-04
  1.7329939e-03
 -2.3234971e-03
 -1.3998339e-03
 -5.1592346e-05
  1.6618236e-03
  1.6401645e-03
  1.0973346e-04
 -6.9304113e-04
  4.6064312e-04
  1.9110861e-03
 -8.8249486e-05
  3.9254312e-04
  4.5551620e-05
 -4.4869105e-03
 -1.6511718e-03
  1.5642132e-03
 -6.4896527e-03
  1.4610079e-03
 -4.1433666e-03
 -7.0483726e-04
  6.6599232e-04
 -2.2644708e-03
  8.8494510e-04
  1.8781527e-03
  3.1352806e-04
  2.8760419e-03
 -8.6025387e-04
  5.2326458e-04
  1.8285608e-03
 -1.6276899e-03
  2.1428415e-03
  4.1768341e-03
 -5.8595627e-04
  6.8283180e-04
 -8.7673770e-04
 -3.4032860e-03
 -5.7537742e-03
 -5.7148188e-04
  4.0884575e-04
 -4.9652169e-03
 -8.5816020e-03
  1.9153240e-03
 -1.1383678e-03
  1.2954066e-03
 -7.3695485e-03
 -2.6118939e-03
 -7.5220698e-01
 -1.2102858e+00
 -6.5690238e-04
 -5.7837671e-01
 -3.3203438e-03
 -6.0171308e-04
  2.1106845e-03
  1.9685696e-03
 -8.1966753e-04
 -1.3862514e-01
  7.6150125e-01
 -2.0788552e-03
  2.8121194e-03
 -9.0975984e-04
 -2.6492653e-03
  2.2592129e-04
 -2.6244514e-03
  3.4385619e-03
  3.3951059e-04
 -3.4860695e-05
  1.5417065e-03
  2.3492104e-03
  5.5385783e-04
 -2.7673799e-03
  1.0456174e-01
 -1.4998083e-03
 -6.0750981e-04
 -4.4859382e-03
 -3.9467993e-03
 -1.3139536e+00
  7.7391177e-02
  9.8530048e-01
  8.2217956e-01
  2.2973144e-02
 -2.3449322e-02
 -1.7250879e-03
 -8.2319576e-01
 -5.1811482e-03
  2.0152945e-03
 -1.9069572e-03
 -1.5382645e-01
 -1.1621378e-03
 -1.7425324e-03
  1.6419941e+00
  8.7687396e-04
  2.7818338e-03
 -5.3572301e-03
 -3.6382906e-03
  1.5160730e-03
 -6.3711271e-04
 -1.6198567e+00
 -1.2943795e+00
  2.5140432e-01
  3.0184594e-01
  2.5226577e-04
 -4.2371922e-03
 -1.5309782e-03
 -2.1360572e-03
 -2.3932518e-03
 -9.0160996e-01
  8.0811280e-01
  1.1641547e-01
  2.9085868e-03
 -1.2517272e-03
  7.9330169e-02
 -9.6398219e-04
  4.2539666e-04
 -5.0302100e-04
 -1.3243341e-05
 -7.4116540e-01
 -2.5421851e-03
  1.0172336e+00
 -1.8151320e-03
 -5.3501707e-03
 -8.7680854e-04
  2.9553790e-04
 -1.5557557e-01
  3.4042123e-01
  5.3098844e-04
 -1.7790613e+00
 -1.8125070e+00
  6.1270750e-01
 -2.1813843e+00
  1.0426984e+00
 -5.9609538e-01
  1.3170539e-03
 -8.3067548e-01
  1.8958058e-03
  4.5447395e-04
  6.8014162e-04
  2.0547512e+00
  9.3625076e-03
  1.0217713e+00
  1.1544609e+00
  8.5738796e-04
 -2.4086565e-01
  1.4698812e-04
 -3.0412490e-04
 -1.0362223e-03
 -8.7993871e-04
  2.5600314e-01
  4.0863165e-01
  1.6802926e-01
 -1.7149319e-01
  2.4153616e-01
  2.4367574e-01
  2.4276018e-02
  2.0770562e+00
  4.4848453e-03
 -6.5558124e-01
 -1.2342497e+00
 -2.3995199e+00
  1.5145481e+00
  4.4127741e-01
 -5.5467403e-01
  4.4438279e-01
  6.4950722e-01
  1.3368139e+00
  6.9433576e-01
  1.4076271e+00
  4.9124455e-01
  6.5839574e-02
  1.8830948e-01
 -5.7752413e-01
  6.7255739e-03
 -7.6459318e-01
  2.4224388e-05
  6.4831603e-01
  4.4634688e-01
 -4.1425610e-01
 -4.6656647e-01
  1.2579142e+00
 -2.4543309e-01
 -1.5248404e+00
  4.4013759e-01
  2.7349204e-01
 -8.5260677e-01
  9.8673296e-01
 -6.4702529e-01
  3.3011433e-02
 -7.4578893e-01
 -5.2641536e-04
 -3.2939214e-01
  3.0150514e-03
 -7.2856212e-01
 -1.0886576e+00
  6.7888927e-01
  9.4911790e-01
  2.9703295e-01
  6.2231714e-01
  1.2700788e+00
 -1.0026267e+00
 -6.8099654e-01
  6.6980815e-01
 -2.0980203e+00
  5.2951694e-01
 -8.9083624e-01
  3.3705482e-01
  1.7396611e-01
 -1.7350810e+00
  6.5563522e-02
  8.1956558e-02
  1.5164404e-01
  4.6681497e-02
 -1.8220878e-01
  1.4358841e+00
 -1.3670636e+00
  1.2415960e+00
 -2.7597281e-01
 -2.5954565e-01
 -6.7421365e-01
  1.5325774e+00
 -2.2458400e-01
 -1.4845857e-01
  7.7258551e-01
  5.9202260e-01
  4.4364563e-01
 -1.2146413e+00
  2.1100177e-01
  1.2436301e+00
  5.1699523e-03
  1.2270657e+00
 -3.4181592e-01
 -2.0762838e-01
 -1.3669350e+00
  1.7878714e-01
  9.4148523e-01
  3.5443687e-01
 -1.0562686e+00
 -1.7709329e+00
 -8.5519445e-01
  8.4710532e-01
  6.2117495e-02
 -1.0469668e+00
 -1.3359929e+00
  8.7448406e-01
 -1.8059923e-01
  9.2892981e-01
  3.0234450e-01
  6.6759199e-01
  2.4919422e-01
  1.0536860e+00
  1.3612186e+00
 -6.9051814e-01
 -3.3775076e-01
 -2.9421136e-01
  3.0325064e-01
  4.6943459e-01
 -3.5994208e-01
  5.1952642e-01
  1.1628215e+00
 -1.4434483e+00
  8.7076801e-01
  6.9715046e-05
 -1.6487385e-01
 -1.1211650e-02
 -1.7962789e-03
  9.0233429e-05
  1.0058199e-01
 -7.2296631e-01
  2.0213464e-02
 -1.1719328e+00
  7.1807147e-04
 -2.6145211e-01
  1.8429909e+00
  2.1637855e-01
 -2.1315885e+00
 -4.2822474e-01
 -4.1252127e-01
  7.2435570e-01
 -1.5066370e+00
 -6.7700797e-01
  6.3209742e-01
 -1.6934435e-01
  5.2453828e-01
 -5.1406831e-01
 -1.8967037e-01
 -1.5138460e+00
  1.1167682e+00
 -2.1936652e-01
  1.1060342e-02
  4.6425417e-01
  1.4288375e-01
  8.0018288e-01
 -1.1910739e+00
  9.8350102e-01
 -4.2303732e-01
  3.5602805e-01
 -1.3743740e-01
 -2.7405520e-03
 -3.0879554e-01
 -1.1495829e+00
  2.9942545e-01
  6.7429537e-01
  1.0969806e+00
  1.7050165e+00
 -2.1735328e-01
 -8.4100854e-01
 -4.6634264e-02
 -5.9063137e-01
  1.9266303e+00
  3.7490070e-01
 -1.0594058e+00
 -1.7109505e+00
  1.2429649e-01
  4.6897468e-01
  1.5164236e+00
 -7.5552925e-02
  2.0039925e-01
  1.3726792e+00
  5.8706832e-01
  3.4233764e-01
  9.5506394e-01
  9.8259383e-01
 -1.5236657e+00
 -1.1116853e+00
  5.3994787e-01
  5.8164942e-01
 -9.2686576e-01
 -4.1882044e-01
  5.1703334e-01
  2.3082684e-01
 -7.5029683e-01
 -1.3032929e-03
  6.6192932e-03
  2.2965481e-03
 -5.3141333e-02
 -5.9997337e-03
 -7.2723906e-03
  1.5589985e-01
  8.6483563e-04
  1.1929696e-03
 -2.3643775e-03
 -2.2463191e-02
 -1.1369544e+00
 -2.9293648e-03
  8.6775870e-04
  2.3029405e-01
 -1.0650212e-01
 -3.0412257e-03
  9.8870452e-03
 -6.2237758e-02
  2.6751029e-01
  7.6720625e-02
  4.2110786e-04
  2.9505178e-01
 -1.5682507e+00
 -2.5973594e-01
  7.9561220e-03
  7.2982126e-01
  3.3950043e-01
  4.2092931e-01
  3.1822501e-04
  3.4143093e-01
  1.6678747e+00
 -9.5574915e-01
 -1.7761661e-03
  2.6522970e-03
  1.8924453e+00
 -7.6625508e-01
 -2.3676835e-02
  3.9438391e-03
  8.8108773e-04
 -1.2179001e-01
  1.0752345e-04
 -2.1181545e-01
 -4.7408901e-02
 -1.8553320e-01
 -1.2627311e-01
  1.6562866e-01
 -5.7882291e-01
  1.9358741e-01
 -1.7178580e-05
 -3.7412995e-01
  4.8551336e-04
  4.0001315e-01
 -2.6831019e-01
  1.0639629e-01
 -4.0090330e-02
 -8.0814523e-01
  6.8619993e-04
  2.0549627e-04
  5.4449624e-01
 -1.3548828e+00
 -3.2335159e-01
 -1.9214660e-02
 -1.4799092e+00
 -1.4313003e-01
  1.7151285e-04
  4.5438182e-01
  8.5302752e-01
 -3.6969307e-01
 -2.8050056e-01
 -6.4714225e-03
 -5.0364129e-02
 -1.0954590e-01
 -6.8411851e-01
 -7.4256293e-04
 -1.3917583e+00
 -7.6861149e-01
  5.9961881e-03
 -2.5853938e-01
 -1.1715225e+00
  1.5235648e+00
 -7.5884622e-01
 -2.1006966e-02
 -8.2186788e-01
  1.9851809e-02
 -2.8721222e-03
 -1.4045244e-01
  5.2029055e-02
  3.1826022e+00
 -5.7704961e-01
 -1.0910524e+00
  3.7989020e-01
  5.5133390e-01
 -1.7075727e-03
 -5.7001883e-01
 -1.0493484e+00
 -1.6426659e-01
 -5.6174934e-01
  1.6058722e-01
 -2.9898620e-01
 -5.0874341e-01
 -2.2414727e-03
  1.4272848e-01
 -9.7236764e-01
  2.1544869e-01
 -6.9302309e-01
 -5.6848422e-02
 -3.1371517e-03
  1.6173567e+00
 -1.3219444e+00
 -3.4665070e-02
  5.3600356e-02
  1.3235661e-01
  8.1909390e-04
 -1.0790637e-01
  8.8281691e-01
  2.6643419e-01
 -9.1022193e-01
 -9.7830832e-01
  8.8158983e-01
 -2.7244908e-01
 -3.2624093e-01
  3.3583988e-02
  2.3262061e-01
 -2.4933834e-01
 -3.1971321e-01
 -2.0969462e-01
 -5.7151663e-01
  5.6072748e-01
 -9.0808266e-01
 -1.3716693e+00
  1.7447629e+00
  1.0709372e+00
 -5.8073044e-02
 -5.2787107e-01
 -1.1602859e+00
  1.9356303e-01
 -6.2696308e-01
 -1.7719118e-01
 -9.1708988e-02
 -4.3515825e-01
 -7.4531221e-01
 -2.1672845e-01
  1.1676639e+00
 -7.2031868e-01
 -5.8084265e-03
 -7.2752987e-04
  3.4805950e-02
  9.9329813e-04
  9.7905472e-04
 -2.2933775e-01
  1.0178114e+00
 -9.2221594e-01
  1.8170750e-03
 -7.8007863e-05
 -8.7577754e-01
  1.0343755e+00
  3.6329555e-03
 -4.9037823e-01
  7.2390902e-01
 -1.7754570e+00
  9.4582676e-04
 -4.6785668e-01
  2.5559282e-01
 -5.7429891e-02
 -2.1913766e-03
 -1.3297266e-01
  9.2219394e-01
 -6.7490667e-02
 -4.4265906e-03
 -1.3876390e-01
  7.9367453e-01
 -1.5806700e+00
  8.5846946e-04
  1.0821604e-01
  4.2006099e-01
 -6.7522442e-01
 -5.3232936e-03
  2.7734071e-02
  2.7734071e-02
  2.7734071e-02
  2.7734071e-02
  2.7734071e-02
  4.5671934e-01
  4.5671934e-01
  4.5671934e-01
  4.5671934e-01
  4.5671934e-01
  3.2051027e-01
  3.2051027e-01
  3.2051027e-01
  3.2051027e-01
  3.2051027e-01
  7.1556397e-02
  7.1556397e-02
  7.1556397e-02
  7.1556397e-02
  7.1556397e-02
  3.7431113e-02
  3.7431113e-02
  3.7431113e-02
  3.7431113e-02
  3.7431113e-02
  5.2305448e-01
  5.2305448e-01
  5.2305448e-01
  5.2305448e-01
  5.2305448e-01
