nep4_zbl 2 Mg Bi 
zbl 0.75 1.5
cutoff 6 5 52 31
n_max 4 4
basis_size 10 10
l_max 4 2 0
ANN 80 0
 -8.3489001e-02
  2.3100953e-01
  8.3386293e-03
 -3.2638988e-01
 -3.7750530e-01
  1.5554711e-01
  3.2768533e-02
 -1.9483237e-01
 -1.8977499e-01
 -2.8923789e-02
  1.7872891e-01
  9.1917574e-02
 -2.7406380e-01
  1.6042142e-05
 -7.5326525e-02
 -5.8533147e-02
  2.1261798e-01
 -3.1626397e-01
  1.8241610e-01
  1.4022510e-01
  2.2588509e-01
 -2.8446338e-01
  1.5760751e-01
 -2.4391718e-01
  1.3818143e-02
  6.7727976e-02
  1.1625416e-01
 -9.7697243e-02
  1.0717432e-01
  2.2138689e-01
  1.2981105e+00
  6.5393192e-01
 -9.9551994e-01
  6.6932791e-01
  7.9947436e-01
  1.7231262e-01
 -9.8067528e-01
 -8.4887892e-01
  8.3064812e-01
 -3.7664336e-01
  4.8826435e-01
 -3.3416376e-01
  5.3903908e-02
 -9.2395329e-01
 -1.0217202e+00
 -5.4061407e-01
 -6.0219634e-01
 -1.0231609e+00
  3.3592448e-01
 -6.4583802e-01
 -1.4320724e+00
 -3.5967305e-02
 -1.1860228e-01
 -3.9873612e-01
 -3.8063255e-01
 -8.3143711e-02
 -4.7217408e-01
  2.8604847e-01
 -2.1393333e-01
  2.1868663e-01
 -1.7390758e-01
 -9.5228267e-01
  1.4143511e+00
 -4.7490347e-02
 -7.5562853e-01
  6.7059869e-01
  1.3115363e-01
 -1.7527656e-01
  7.9997748e-02
 -4.1685499e-02
 -1.3361506e-01
  4.3442857e-01
 -2.5050759e-02
  1.0744397e-02
  6.8563133e-02
  1.0463502e-01
 -2.5723812e-01
  1.8004672e-01
 -1.2573030e+00
  2.4231064e+00
  2.7523845e-01
 -3.9796632e-02
  3.0177990e-01
  2.2788374e-01
 -1.2206213e-01
 -1.1532950e-01
  9.7320952e-02
  2.7606568e-01
 -6.6224746e-02
 -7.9769194e-01
  4.9840841e-01
  3.3952233e-01
 -8.7459028e-02
 -2.4680954e-01
  2.2262847e-01
 -2.5840211e-01
  5.1186796e-02
  4.6558046e-01
 -4.4624040e-01
 -8.6355156e-01
 -2.5707871e-01
 -1.4698963e-01
  2.7867147e-01
 -3.7986133e-01
 -9.1026455e-01
 -9.7771883e-02
  1.1160535e-01
  3.9254871e-01
 -9.7150132e-02
  1.4923418e-01
 -1.4294090e-02
  1.1553039e-01
  9.2184030e-02
  4.9891233e-01
  7.5937891e-01
  1.6132828e-02
  1.8913704e-01
 -1.7322271e-01
  5.8504593e-01
 -1.1233496e-01
 -7.7385366e-02
 -4.4091681e-01
 -2.5894876e+00
  7.4524969e-01
  2.4224133e+00
 -5.5818274e-03
 -4.0886158e-01
  4.5179188e-02
  2.1112271e-01
 -1.0870159e+00
  3.7447345e-01
  6.5136427e-01
  7.4696076e-01
  5.6418228e-01
 -6.5974903e-01
 -3.1758112e-01
  1.7294821e-01
  9.4401813e-01
  4.2763853e-01
 -3.9810467e-01
 -2.9069063e-01
 -4.9459212e-02
  4.2984712e-01
 -5.7870853e-01
 -1.5550363e-01
 -2.3508212e-01
  9.6323855e-02
  1.5699255e-01
 -5.2241462e-01
 -1.7764340e-01
 -1.6497526e+00
 -8.0214339e-01
 -2.3912780e+00
 -1.8128082e+00
 -8.8317281e-01
  3.5377252e-01
  3.5994610e-01
 -1.9672637e-01
 -5.2657247e-02
 -3.7396762e-01
  1.0175718e+00
  3.9230406e-01
 -7.9070097e-01
 -3.9737323e-01
  7.9192126e-01
 -6.3316923e-01
  2.8503120e-01
 -1.8903039e+00
 -6.5778315e-02
  2.5225726e-01
 -8.9946842e-01
  3.4538335e-01
 -2.6961294e-01
 -4.4061196e-01
  2.8430256e-01
 -2.0084749e-01
  3.2652628e-01
  8.2981504e-02
 -5.1318470e-02
 -4.1031681e-02
  6.4500725e-01
  4.5712274e-01
  9.3332446e-01
 -1.2650216e+00
  9.2198782e-02
 -6.8363237e-01
 -3.7516502e-01
 -1.2006477e+00
 -3.1242874e-01
 -2.5433630e-01
 -3.9999885e-03
 -9.4994709e-02
 -2.6010290e-01
 -3.7523332e-01
  3.5268071e-01
 -2.3834604e-01
  2.6101366e-01
  2.4294336e-01
  1.1456346e-03
 -2.1657015e-01
 -2.1099529e-01
  1.8172818e-01
 -1.3354076e-01
  2.3259100e-01
  1.2544054e-01
  1.6854534e-01
 -2.2478335e-02
 -3.1028402e-01
  5.6294192e-02
 -5.2680492e-02
  1.0438927e-01
 -2.0846346e-02
  1.5870224e-01
 -1.7557192e+00
  1.9735777e-01
 -1.0521657e-01
 -1.8596001e-01
 -8.1510194e-02
 -2.3593476e-01
  9.0109035e-02
 -6.7732930e-02
  1.4785813e-01
  1.8815969e-01
 -2.4865429e-01
 -1.3762195e-01
  2.2701268e-01
 -4.3338689e-01
 -2.7688161e-01
  1.9091356e-01
 -2.3743069e-01
 -1.0679556e-01
  2.7091870e-01
 -9.7584151e-02
  8.4305406e-02
 -6.7169070e-02
  8.2662165e-02
 -1.2660284e-01
 -1.8168819e-01
  2.3887606e-01
 -2.5573158e-01
 -6.9300979e-02
  5.3439856e-01
  2.9161435e-01
  2.1810415e+00
  1.1048726e+00
 -2.6216298e-01
 -4.2240208e-01
  1.3718387e-01
 -3.2754254e-02
  3.4508193e-03
 -8.6565679e-01
  2.3944804e-01
  2.5662819e-01
  4.0876049e-01
  2.3252389e+00
 -2.3221591e-01
 -1.6723558e-02
 -9.6393051e-03
  1.4699705e-01
  4.3494540e-01
  7.1274489e-02
  4.1328892e-02
  1.4472032e-01
  1.4346309e-01
  9.1700763e-02
  1.6316975e-02
  6.4554393e-01
 -6.0326290e-01
 -1.2887170e+00
  3.2534368e-02
  1.2169108e-01
  2.6125777e-01
  8.1548221e-02
  1.3500276e-04
  3.2400593e-01
 -5.5329725e-02
  6.1177947e-02
 -6.4030570e-01
  5.8625907e-01
 -2.3548107e+00
 -2.4759388e-01
  3.4374115e-01
  1.5850453e-01
 -3.0638036e-01
  1.6140456e-01
 -2.0828350e-01
  1.9826876e-01
 -1.4547646e-01
 -3.0625939e-01
  1.1469193e-02
 -7.2048560e-02
  7.0222020e-02
  1.2748997e-01
 -8.3774343e-02
 -2.0274079e-01
 -2.8338459e-01
 -3.6450610e-01
  4.3892142e-01
 -6.8183884e-02
 -4.8982007e-03
 -2.1190274e-01
  7.6447940e-01
  2.4336848e+00
  2.9047388e-01
 -3.0438232e-01
  1.5294765e-01
 -9.1573584e-01
  2.3959573e-01
  4.6542440e-02
 -3.3263510e-01
  3.5228443e-01
 -2.4877262e-01
  3.0145526e-01
 -4.2298812e-01
  1.4871646e-01
 -3.9443219e-01
 -4.3719366e-02
  9.4319731e-03
 -1.8651359e-02
  1.6045490e-01
  5.0339782e-01
  2.5514251e-01
  1.8856059e-01
 -2.6157358e-01
  3.2002831e-01
 -1.7981170e-01
 -1.0674413e-01
  3.1211242e-02
 -6.2830105e-02
  2.6029670e-01
 -2.5991920e-01
  6.8103939e-01
 -7.7778488e-01
  5.9095435e-02
 -5.6168377e-01
 -7.3186442e-02
 -6.2530476e-01
  1.7683700e-01
 -2.0637024e-02
  1.5841426e-01
 -1.1307478e-01
 -3.2307804e-01
  9.0009514e-03
 -9.3111917e-02
 -7.2993979e-02
  1.9399777e-01
  2.1548715e-01
  2.3619264e-01
 -3.5699287e-01
  2.3949584e-02
 -2.3508498e-01
 -3.5149831e-02
  1.2723638e-03
 -5.0132427e-02
  4.9306817e-02
  4.3517104e-01
  5.1891255e-01
  2.4061449e-01
 -6.5145123e-01
 -1.8319720e-01
 -2.6071727e-01
 -5.0639048e-02
  5.9352899e-01
 -4.3778926e-01
  4.8220718e-01
  5.4068543e-02
 -1.8982206e-01
  5.4004516e-02
  3.4307444e-01
  1.2535200e-02
 -2.4968953e-01
 -3.4481391e-01
  2.1150328e-01
 -2.4467947e-01
  9.6308783e-02
 -2.6220703e-01
  1.4186822e-01
 -2.2343007e-01
 -8.6639173e-02
 -2.8027665e-02
  3.5901564e-01
 -1.4570510e-04
  2.2926994e-01
  5.6183975e-02
  1.1296242e-01
 -2.8865489e-01
 -1.6227977e-01
 -9.2284888e-02
 -9.3269020e-02
 -1.2831829e-01
  4.2143589e-01
 -1.7188507e-01
 -1.4072181e-01
  2.9219866e-01
 -4.3075874e-01
  2.1134728e-01
 -4.6539538e-02
  2.3581816e-01
 -1.6026995e-01
 -5.4597943e-03
 -7.5231111e-03
 -2.9815869e-02
  1.5091674e-01
  5.2100163e-02
  3.3226764e-01
  2.9648194e-01
 -1.2588206e-01
  3.1339434e-01
 -7.0081986e-02
  2.5295320e-01
 -3.1626484e-01
  1.2035009e-01
 -9.5581308e-02
 -7.3773898e-02
 -2.0185487e-01
 -1.0847857e-01
  2.0942445e-01
  4.5039002e-02
  1.3713789e-01
 -2.1630621e-02
  4.0153039e-01
 -1.1328273e+00
 -1.1228964e-01
  2.3260190e-01
 -5.1395279e-01
 -2.3323481e-01
 -1.0678973e-02
  4.7262171e-01
 -1.1793000e-01
  7.8503734e-01
  2.1772616e-01
 -1.5511930e+00
  4.5433119e-01
 -2.9480824e-01
 -5.8368838e-01
  2.2774810e-01
  8.2542503e-01
  5.2375442e-01
  2.6050767e-01
  1.8284604e-01
  1.0636750e-01
  2.4992879e-01
 -4.5736715e-01
  1.6861425e-01
  2.7534726e-01
 -5.4512107e-01
  5.2500676e-02
 -2.2085109e-01
 -9.1880135e-02
  3.4594831e-01
 -5.2870587e-02
  2.5424719e-01
  3.3871534e-01
 -3.3924067e-01
  4.5981669e-01
 -2.5652722e-01
  1.9922803e-01
 -1.5624712e-01
 -2.3847795e-01
  1.9316063e+00
 -2.9022726e-01
  8.4095724e-02
  1.0959049e-01
  1.7324288e-01
 -1.7959739e-01
  8.1772648e-02
  2.3898011e-01
 -2.4349262e-01
  1.1568180e-01
  1.0166663e-02
  3.7179983e-01
 -3.6836329e-01
 -5.0843382e-01
 -9.2609689e-02
  3.8243800e-02
  2.3282653e-01
 -2.1645378e-01
  1.0394486e-01
  1.9029149e-01
 -4.1176427e-02
 -1.0927618e-02
  9.1326982e-02
  2.5874782e-01
  8.5022517e-02
  1.3601746e-01
 -1.2511214e-02
  4.1304192e-01
 -1.2455230e-01
 -7.6076865e-02
 -3.9542213e-01
  2.5255316e-01
 -3.2686718e-02
  1.3709027e-01
  8.2001835e-03
 -2.7476361e-01
  3.2528466e-01
  2.6493001e-01
 -1.8843831e-01
  6.5736122e-02
 -2.8915921e-01
  5.3775832e-02
 -1.0940455e-01
 -9.1950454e-02
  5.4965365e-01
 -5.3191804e-03
  2.8609747e-02
  3.1254029e-01
  5.9621209e-01
 -1.4383958e-01
  1.7993359e-01
 -4.4507647e-01
  1.6293429e-01
 -2.6048343e+00
 -6.0685438e-01
  6.5328658e-02
 -6.6811669e-01
 -5.0892168e-01
 -3.0124074e-01
  5.8588643e-02
  2.0805830e-01
 -1.4895089e-01
  1.3531661e-01
  2.1956363e-01
  1.6117477e-01
  9.1879225e-01
  2.2012307e-01
 -2.5128722e-01
  2.4997640e-01
 -4.5469749e-01
 -3.0208012e-01
 -5.1617181e-01
  2.1517503e-01
 -7.3666319e-02
  2.1820980e-01
  2.8802374e-01
  1.6549455e-02
 -6.0583111e-02
 -3.2307613e-01
  1.3767628e-01
  1.1550070e-01
 -1.6446374e-01
  2.8579268e-01
 -2.4581121e-02
  2.0163652e-01
  1.1303972e-01
  3.9721954e-01
 -6.0355190e-02
 -1.9564283e-01
 -2.8411934e-01
  1.9124572e-01
 -9.8034926e-02
  7.8442218e-03
  1.3554150e-01
 -1.9413555e-01
 -2.0273216e-01
 -2.4227054e-01
  1.5182509e-01
  5.7623424e-02
  1.4000393e-01
 -1.8118834e-01
 -9.7623788e-02
 -6.9265172e-02
 -1.4752957e-01
  1.7925481e-01
  3.1126836e-01
 -1.2591685e-01
  2.5126505e-01
 -4.3816894e-01
 -1.4811784e-01
 -2.6305979e-01
 -3.5843602e-01
  4.0441498e-01
 -5.8764988e-01
 -3.9110875e-01
  1.3674186e+00
  4.6660268e-01
  3.1829956e-01
 -1.7800993e-01
  2.2801392e-01
 -5.9420258e-01
 -3.6220726e-01
 -4.1527044e-02
  1.4458816e-02
 -4.2800069e-01
 -7.7200703e-02
  2.5807926e-01
  1.0401882e+00
 -4.4550681e-01
  9.6107408e-02
  9.0862587e-02
 -7.4955672e-02
  1.2000750e-02
 -1.6436152e-01
 -8.3774328e-02
 -1.2042449e-01
  2.9452961e-02
 -1.8366626e-01
  8.7242402e-02
 -1.0319757e-01
 -2.0675670e-01
 -1.1213131e-01
  7.6541597e-01
  5.9290272e-01
  5.7803923e-01
  1.9064589e-01
 -5.8729231e-02
  3.7639081e-02
  5.1973980e-02
 -2.6439697e-01
  9.3050681e-02
 -6.8947129e-02
 -1.9371757e-01
  3.8919938e-01
 -2.7388281e-01
  2.1750665e-01
  1.5359105e-01
 -1.4345065e-01
  1.3988601e-01
 -2.1955301e-01
  5.3025413e-01
 -2.8044090e-01
  7.5549491e-02
  6.5911569e-02
 -9.8235965e-02
 -7.2894141e-02
  2.1112545e-03
 -3.6400485e-01
  1.8025741e-02
 -3.6211699e-01
 -7.4931793e-02
 -1.4537413e-01
  8.8139266e-01
  8.8040572e-01
 -3.9421642e-01
 -1.7670233e+00
  2.8332260e-01
  4.8910215e-02
  3.3402786e+00
  1.7356431e-01
  4.3885443e-02
  2.1674314e-01
  3.5168758e-01
  3.4794205e-01
 -5.0548308e-02
  1.6476758e-01
 -3.3606565e-01
  4.1830648e-02
  4.6409604e-01
  1.1368813e-01
 -7.2073862e-02
 -3.2619399e-01
  4.8861521e-01
 -1.2177497e-01
 -1.1822016e+00
 -2.9832572e-01
 -7.9197797e-04
 -1.3427454e-02
  3.7238517e-01
 -2.8684166e-01
  1.7979263e-01
 -1.3594398e-01
 -4.4536868e-01
  1.6602743e+00
  2.8623834e-01
  7.7837765e-02
  2.4423551e-02
  2.0866251e-02
  2.4161887e-01
 -1.1955596e-01
  7.5225285e-03
 -9.4981194e-02
 -7.5280041e-02
  3.6708307e-01
 -1.1431498e-01
  4.1818928e-02
 -1.4808212e-01
  9.1224909e-02
 -1.3285622e-01
  1.8869376e-01
  1.3657728e-01
  2.5096598e-01
 -2.6407409e-01
 -7.7830181e-02
  6.7344058e-01
  8.0683857e-02
 -4.4284010e-01
 -2.3681005e-02
  1.4131090e-01
 -2.3458347e-01
  1.0403222e-02
  8.1334782e-01
 -2.7265912e-01
 -2.4563770e+00
 -8.8648283e-01
 -3.4492800e-01
 -3.1612176e-01
  6.3726038e-01
 -2.4759349e-01
 -2.2160214e-01
  1.0886984e-01
 -2.4014650e-01
 -1.6419403e-01
 -4.6217257e-01
  1.9089937e-02
  1.3237417e-01
  1.2338900e-01
 -4.2989433e-01
 -6.2001753e-01
 -1.5868635e-01
  3.7055157e-02
 -4.4275388e-01
 -1.0090332e-01
 -2.2900322e-02
 -2.5207257e-01
 -2.5615966e-01
 -5.1149845e-01
  6.9510698e-02
 -3.7730274e-01
  9.1195464e-02
 -2.3602417e-01
 -7.9993293e-02
  2.0790076e-01
 -8.0339819e-01
  8.1255771e-02
  1.3738172e+00
  9.3667172e-02
 -3.4944656e-01
  2.3230173e-02
  2.2348921e-01
  2.1109462e-01
 -1.1742543e-01
  1.0075085e+00
  2.8691915e-01
  1.2457158e-01
 -3.1878632e-01
 -1.8309134e-01
  3.5771376e-01
  1.2696582e-01
 -2.8593076e-02
  1.3325238e+00
 -1.4359988e-01
 -1.2675419e-01
 -2.2219975e-01
 -2.1519600e-01
 -1.9143854e-01
 -1.0457166e-01
 -6.2158152e-02
 -8.3674721e-02
 -2.5748500e-01
 -1.6653590e-01
 -4.9993526e-02
 -2.0223486e-01
  1.2802066e+00
 -1.5948470e-01
 -1.0859857e-01
 -5.2435573e-02
 -1.3425670e-02
 -6.8328224e-02
  1.5631257e-01
 -4.5647562e-01
  3.7148914e-01
 -2.1426958e-01
 -9.2470253e-01
 -1.0102641e-01
  5.8652144e-02
 -3.7984955e-01
 -1.7854205e-01
 -5.0135378e-02
 -1.6611409e-01
  1.8379451e-01
  3.5962757e-01
  3.7746033e-01
 -4.3100840e-01
  5.5681616e-02
  1.7197850e-01
 -1.3008644e-01
 -1.1452238e-01
 -4.5106059e-01
 -1.6871919e-01
 -3.3514285e-01
 -6.4993580e-03
  2.3031038e-01
  4.1788155e-01
 -2.0087829e-01
 -1.3499546e-02
  1.6239917e-01
 -1.2938905e-01
  6.5300912e-02
 -1.9138278e-01
  4.5978185e-02
 -3.7286854e-01
  2.0272277e-01
  1.0669389e-01
  3.4913006e-01
  6.6522054e-02
  8.6473171e-03
  1.2071638e-01
  9.9383913e-02
  2.6787072e-01
 -1.9160031e-01
  6.6554248e-02
  7.6131773e-01
  1.1128623e-01
  8.1277736e-02
  1.1901250e-01
 -5.7696247e-01
 -2.8138547e-04
  1.6005111e-01
 -2.2134762e-01
 -3.6579704e-01
 -2.3092055e-01
  2.7773738e-01
 -4.4698067e-02
  2.3177814e-01
 -1.2308394e-02
  4.4013470e-01
  8.4629893e-02
  9.6135996e-02
 -4.6399820e-01
 -1.9231330e-01
 -1.1751676e-01
 -3.5535541e-01
  2.1140024e-01
  1.0685127e-02
 -2.9189430e-02
  2.2966510e-01
 -1.2758458e-01
 -1.7491873e-01
 -1.8351272e-01
 -3.2380041e-01
 -9.1664948e-02
 -4.3272907e-01
 -1.9952521e-01
 -8.6990899e-01
  5.8420841e-02
 -4.2215085e-01
  5.7752796e-02
 -4.5137912e-02
 -8.2745709e-02
 -1.2673999e-01
  5.0901353e-01
  7.0292258e-01
  6.1043739e-02
  4.3196169e-01
 -1.6394018e+00
 -2.2590217e-01
  1.2046920e+00
  2.0130911e-01
  1.1328176e-01
 -1.6912004e+00
 -1.3092209e+00
  2.5045168e-01
 -1.0134618e-01
 -5.7915264e-01
  5.6048733e-01
 -1.7006299e-01
  9.8776579e-01
 -2.7656013e-01
 -4.2177647e-02
  7.0354886e-02
 -6.4570129e-02
  4.6377584e-01
 -1.5614991e-02
  1.2893002e-01
 -4.1706660e-01
  1.6840160e-01
  2.3182410e-01
  4.5436966e-01
 -3.2998747e-01
  1.2745270e-01
  1.5095368e-01
  1.2436844e-01
 -1.0010118e-01
 -7.7437676e-02
 -2.5513958e-02
  3.9427575e-01
  2.0946298e+00
  4.7173214e-01
  7.2042865e-01
  1.1089946e-02
 -2.1207172e-02
  3.7191663e-02
 -5.0116402e-01
  5.3174816e-02
 -6.4018086e-02
  9.7727038e-02
 -2.4201967e-01
  1.3729803e-01
 -6.2343698e-02
  1.2328998e+00
  2.7634579e-01
  1.6360594e-01
  5.8768052e-03
  1.3322340e-01
  8.5108243e-02
 -2.9681209e-01
 -1.6768721e-01
 -1.1261293e-02
 -3.1796724e-02
  1.0940161e-01
  6.4297634e-01
  1.6775894e-01
 -1.5080922e+00
  2.1945050e-01
  4.3427503e-01
 -8.0450848e-02
  2.5665012e-01
 -6.2610723e-02
 -2.6408967e-01
  1.2744610e-01
  9.9359555e-03
  4.4060868e-01
  7.3861144e-02
 -1.7823385e-01
  3.8476218e-02
  2.9402143e-01
  1.0956088e-01
 -3.9781466e-01
  4.1474998e-01
 -6.9479394e-01
 -2.5870410e-01
  2.3127975e-01
  6.7493820e-01
 -3.1224546e-01
 -2.4423474e-01
 -2.2652528e-01
 -1.5828361e-01
  1.4695965e-01
 -3.3540285e-01
 -5.2149296e-02
 -4.1535857e-01
 -1.0539275e-01
  1.0475730e-01
 -4.7355822e-01
 -2.9310870e-01
 -2.0709321e-02
 -1.5901843e-01
  2.5733271e-01
 -3.6016695e-02
 -2.9783070e-01
  1.6904173e-02
 -8.8146880e-02
  2.9262748e-01
 -1.8795708e-01
 -9.8685008e-01
  7.6518044e-02
  2.6688349e-01
 -3.2359064e-01
 -1.1904413e-01
  1.2127867e-01
  2.5181750e-02
 -4.1416340e-02
 -1.2395865e-01
  4.8882172e-01
 -6.7383528e-02
  2.2611229e-01
 -2.5721866e-01
 -1.3553327e-01
 -1.4048821e-01
 -2.5670263e-01
 -1.5199712e-01
 -2.7761510e-01
 -1.0846577e+00
  1.7288795e-02
 -1.4666946e-02
 -2.3720564e-02
 -1.0723072e-01
 -1.6520089e-01
  3.6034063e-01
 -3.3290669e-02
  1.1680611e-01
 -3.4255192e-01
 -6.6200666e-02
 -2.3264167e-01
 -1.9070542e-01
 -3.0968183e-01
 -1.3566418e-01
  2.8434128e-01
  1.7975819e-01
  1.6860636e-02
 -1.7814493e-01
 -1.0445128e-01
 -8.2518458e-02
 -8.5398957e-02
 -4.8093343e-01
  2.1374692e-01
 -1.1304959e-02
  1.4949247e+00
 -2.0881588e-02
 -1.7193241e-01
  4.2365849e-01
 -2.1028031e-01
 -9.8234439e-01
  1.1779547e-01
  1.6673753e+00
 -2.8548867e-01
 -7.1012622e-01
 -1.3757297e-01
  1.1958722e-01
 -3.0972335e-01
 -9.0481269e-01
 -7.2756469e-01
  2.8851783e-01
  3.9326641e-01
  1.8609893e-01
  2.4488678e-02
 -4.1827959e-01
  4.2418978e-01
  3.7788910e-01
 -1.0287950e-01
  1.8796906e-01
  1.7981611e-01
  2.8629940e-02
 -4.3559805e-02
 -8.0714419e-02
  1.4120086e-01
 -1.7278956e-01
  1.4193308e-01
  1.2740770e-01
 -7.8473735e-01
  1.1758481e+00
 -1.1336809e+00
  5.5418754e-01
  4.5437765e-01
  1.1597770e+00
  2.8762561e-01
 -1.1930197e+00
  3.4689404e-02
  2.6055947e-01
 -1.0870674e+00
  6.6309375e-01
  1.1838756e+00
  7.7529681e-01
 -1.7090896e+00
  4.3421231e-02
  5.3320169e-01
 -2.6521444e-01
  8.5091984e-01
  4.0346169e-01
 -8.3385386e-02
 -4.1860905e-01
 -4.3696538e-01
 -2.1565856e-01
  3.8760364e-02
 -4.2388886e-01
 -5.0863987e-01
  2.5959471e-02
  2.2176187e-01
  3.3358970e-01
 -2.3212631e-01
 -1.3427957e+00
 -1.4700387e-01
  2.3594191e+00
  2.4187982e+00
 -2.6562635e-02
  2.0315781e-01
 -2.7693355e-01
  4.9804669e-02
 -3.1667960e-01
  6.3506410e-02
 -1.7496920e-01
  5.4235733e-03
  2.0199910e-02
  3.2868201e-01
  1.3018321e-01
 -3.0062325e-02
  6.5520637e-02
  2.3159315e-01
  2.6880252e-01
 -1.2347230e-02
  1.0446676e-01
 -8.8751065e-03
 -2.7099130e-01
 -3.1548473e-01
  3.0646876e-01
 -3.5331029e-01
 -4.2296734e-02
  1.0267389e+00
  7.6417141e-02
 -1.1453084e-01
 -1.4689314e-01
 -2.6303023e-01
 -2.6015678e-02
  1.0687570e-01
 -2.4923012e-01
  2.6525286e-01
  3.8236942e-02
 -1.1300229e-01
 -2.1358480e-01
  2.3657431e-01
  1.4944930e-01
 -2.1773214e+00
  1.6847309e-01
 -1.3231330e-01
 -1.3745505e-01
 -2.2122626e-01
  2.4442185e-01
 -1.1150496e-01
 -2.7970797e-01
 -1.1789500e-01
  1.1451365e-01
 -1.2800986e-01
  2.0043898e-01
 -2.2552148e-01
 -9.1149278e-02
  1.7798422e-01
 -8.8138282e-02
 -8.8560432e-01
  3.5510276e-02
  1.0533722e-01
 -2.3870194e-01
 -2.3531909e-01
 -2.1751566e-02
  2.4786437e-04
 -2.5233731e-01
 -1.6499662e-01
 -2.2234157e-01
 -5.1813358e-01
  2.6011541e-02
 -1.5176861e-01
  6.6029228e-02
 -2.5786477e-01
  2.2733220e-01
 -1.9449820e-01
  1.3646091e-02
 -3.5872418e-02
 -1.6910097e-01
 -3.7230268e-01
  1.3785002e-01
 -2.1235549e-01
 -1.2675691e+00
  2.5140306e-01
 -1.2368119e-01
 -2.1945626e-01
  1.1126925e-01
  1.8384092e-03
 -1.1103261e-02
  3.2732224e-01
 -5.5679536e-01
  4.3126014e-01
 -1.0102614e+00
 -8.7477870e-02
  2.4845020e-01
  9.3348645e-02
  1.9408467e-01
  6.7055412e-03
 -3.5197055e-01
 -8.4525265e-02
 -1.0027242e-03
 -1.8244740e-01
  5.3529733e-01
  4.3717328e-01
 -1.7000748e-01
 -1.1671752e-01
  4.2690378e-01
  9.8818131e-02
 -7.3116705e-02
 -3.9061897e-02
 -7.4396253e-02
 -9.8080104e-03
  1.4576142e+00
 -1.0602749e-02
 -5.2847516e-02
  1.3110979e-01
 -4.0011311e-01
  2.8094941e-01
 -3.4975737e-02
 -2.3449211e-01
  1.2132818e-01
 -3.5833851e-02
  5.4476857e-01
  2.7450708e-01
 -1.1499079e+00
 -7.6928747e-01
 -9.5704168e-01
 -1.8411495e-01
  2.6492316e-01
 -1.7943203e-01
  3.9048299e-01
 -6.2742881e-02
 -4.8841053e-01
 -8.6496450e-02
 -1.8929689e-01
 -1.7245522e-01
 -1.4832598e-01
 -4.6643654e-01
  1.2525627e-01
 -9.4221137e-02
  2.9066464e-02
  6.0900934e-02
  4.1127416e-01
  5.4264539e-01
  2.8949189e-01
 -3.2994735e-01
 -1.7073327e-01
  1.0676653e-01
  1.4725687e-01
  3.3809915e-02
  4.4502217e-01
  3.9420642e-02
  8.4891282e-02
 -6.6848613e-02
  2.5204945e-01
  8.2281590e-01
 -1.2386160e-01
 -1.5493591e-01
 -6.9295228e-01
  7.9392499e-01
 -1.5056621e+00
  1.0980964e+00
  7.3172396e-01
 -1.3006531e+00
  2.4307577e-01
  7.3384541e-01
 -1.1439662e+00
 -2.7513206e+00
  1.5081714e+00
  4.6820548e-01
 -1.4967018e+00
 -4.4468519e-01
 -1.5893789e-01
  7.8637385e-01
  5.6283826e-01
 -7.5754359e-02
 -6.8490052e-01
  1.8043695e-01
  5.6930876e-01
  4.9150649e-01
 -8.1112131e-02
  5.4797988e-02
  6.1358386e-01
  3.5624975e-01
 -1.9400861e+00
 -9.2123622e-01
 -3.5423908e-01
 -7.6118864e-02
 -6.8446830e-02
 -2.4984157e-02
 -6.7300059e-02
 -7.7253744e-02
  1.1300842e-01
 -1.2277545e+00
  1.2104345e-01
  2.5620902e-01
  1.6291110e-01
 -3.1905371e-01
  5.1995084e-02
  2.2883146e-01
  2.3588265e-01
  1.9971481e-01
  3.1931806e-01
  7.2937056e-02
 -4.8345815e-02
 -3.3318689e-01
 -1.7328833e-01
  1.6347924e-01
  1.2456074e-01
 -1.2142447e-01
 -6.6702262e-02
  2.6148567e-01
  4.4908795e-01
 -9.7917855e-02
 -2.9697280e-02
  2.2792239e-02
  2.9935065e-01
  3.8857502e-01
  2.7623942e-01
 -7.7458888e-02
  2.6954687e-01
  5.3695451e-02
 -1.2582123e-01
  4.3974578e-01
  1.9820839e-01
 -3.3215645e-01
  1.0597835e-01
 -1.2781212e-01
  2.9170135e-02
 -4.4765484e-01
 -3.4617819e-02
 -5.0443872e-03
  3.2633059e-02
  1.6095331e-02
 -1.7069849e-01
  1.2909803e-01
 -8.6630888e-02
 -2.5368336e-01
 -1.8583578e-01
 -1.6168427e-01
 -9.5581025e-02
 -1.0838302e-01
  6.0238284e-01
  2.9210117e-01
 -8.0499315e-01
 -3.3352682e-01
  4.3974644e-01
 -9.7674793e-03
 -2.5863850e-01
 -1.1938553e-01
  5.4281437e-01
 -1.2966907e-01
 -8.9014940e-02
 -4.4749552e-01
 -2.5843102e-01
  5.5908871e-01
 -1.4944555e-01
  7.7840850e-02
  1.9627784e-01
  7.7649131e-02
  2.0867640e-01
 -1.1375866e-02
 -6.5825856e-01
 -2.1171479e-01
 -1.2112621e-01
 -3.3218723e-02
  1.0544574e-01
 -6.6638678e-02
  1.2048090e-01
 -2.9357278e-01
  2.6211369e-01
  4.0683862e-02
  5.8772671e-01
  5.8683753e-01
 -2.3623380e-01
  8.4175438e-01
 -9.5090342e-01
  4.3527070e-01
  1.9631812e-01
 -2.1960907e-01
 -4.8139173e-01
  8.1096096e-03
  5.3745216e-01
  1.3619535e-01
  3.0093551e-01
 -2.5854871e-01
  6.9075757e-01
 -1.0491893e-02
 -3.9498847e-02
 -2.9717666e-01
 -3.8832662e+00
 -2.8542715e-01
 -5.0762725e-01
  5.9082031e-01
 -3.7633721e-02
 -5.9518123e-01
  6.4863555e-02
 -1.5817614e-01
 -1.1739433e-02
  3.7190309e-01
  2.5435993e-01
  9.9113010e-02
  1.8561119e-02
 -1.5299276e-01
 -4.2575240e-01
 -9.5401309e-02
  1.6355658e-01
  1.0649640e-01
  1.7219483e+00
 -2.6579732e-01
 -3.0009773e-01
  1.2987188e-01
 -1.1190981e-01
 -1.0192797e-01
 -1.2277791e-01
 -3.2381143e-02
  3.0331898e-02
 -1.2365118e-01
  1.3472678e-01
 -9.5980093e-02
 -1.5114062e-01
  1.6312668e-02
  1.4377457e-02
 -1.6000323e-01
  6.9535412e-02
  1.3756880e-01
  3.9738998e-02
  8.4945686e-02
 -1.5348986e-02
 -7.1079351e-02
 -2.7422976e-02
 -2.8764692e-01
  4.9127382e-01
 -4.1693002e-01
 -1.5068438e+00
  2.4469931e-01
 -5.3098325e-02
  3.5229710e-01
  2.7947124e-02
  2.9006530e-02
  6.0706276e-02
  2.2838603e-01
 -3.6791262e-01
  3.7985554e-01
 -7.3431775e-02
  8.2881488e-02
  1.8659718e-02
  5.8770597e-01
  6.8518877e-01
 -2.0474643e-02
  1.1917367e-01
 -1.3452411e-01
 -1.9968775e-01
  2.9272375e-01
  1.1358918e-01
 -3.7454182e-01
  4.1663063e-01
  1.2568100e-01
 -2.8414842e-01
  2.0705019e-01
  1.0263907e-02
  2.1897118e-01
 -1.7185178e-01
 -8.2266563e-01
 -7.4766898e-01
  1.3053520e-01
  1.6951147e-01
 -1.1494818e-02
  8.8287491e-01
 -5.4242820e-01
  2.9784733e-01
 -1.3616239e-01
 -2.1839724e-01
  9.8410076e-01
 -2.6889867e-01
  1.4695894e-02
  2.2768231e-01
  6.5619004e-01
 -8.1852329e-01
 -1.6879711e-01
 -1.0540397e-01
 -1.6377920e-01
 -5.5607364e-02
 -3.2756481e-01
 -2.6890604e-02
 -3.4257907e-01
 -1.7269708e-01
  4.9761224e-01
 -9.4269693e-02
  6.1175648e-02
 -3.1045187e-01
  6.3676244e-01
  4.5082182e-01
  1.7052920e-01
  5.5468309e-01
 -7.6243949e-01
  1.5597394e+00
 -7.8691399e-01
  1.7378357e-01
  6.8786249e-02
  7.9629880e-01
 -6.0052001e-01
 -8.4819749e-02
  5.6918269e-01
 -1.2572756e+00
  1.0008155e+00
  1.7165783e-01
  1.7721656e-01
  1.1264194e+00
 -7.9007071e-01
  3.2592586e-01
 -2.7260455e-01
 -1.7492267e-01
  3.2164574e-02
  8.0959052e-02
  1.6657157e-01
 -2.9754561e-01
 -4.4729486e-01
 -4.0831674e-02
 -2.7041560e-01
  3.3491817e-01
 -6.3774228e-01
  6.5420412e-02
  7.4894965e-02
 -2.6904461e-01
  1.4864077e-01
  5.4189342e-01
 -7.1595687e-01
  2.1872184e-01
 -1.4925393e-01
 -2.7387759e-01
 -1.4697224e-01
 -6.8789899e-01
 -6.2872815e-01
 -4.4590414e-02
 -6.8989643e-03
 -2.9922318e-01
 -1.2367766e-01
 -6.2515073e-02
 -1.5364540e-01
 -1.9966172e-01
  3.7926352e-01
 -1.0071756e-01
  2.5571322e-02
  5.9806740e-01
  2.7027738e-01
 -1.8852012e-02
 -5.2851867e-02
 -1.0199194e-01
 -2.1513431e-01
 -7.8365825e-02
  8.2731819e-01
 -2.8596175e-01
 -1.9038554e-01
 -4.6689743e-01
 -1.6435653e-01
  2.7048075e-01
  2.8283054e-01
 -7.2108492e-02
 -4.7972683e-02
  2.5022259e-01
  2.3426665e-01
 -2.3258796e-01
  8.4597193e-02
  2.2002174e-01
  4.1623361e-02
  1.6957203e-01
  2.2255304e-01
 -3.1648582e-01
  5.5624839e-02
 -1.4874558e-01
 -1.6724978e-01
 -1.2092062e-03
  9.8837808e-02
  1.7582716e-02
  1.8987702e-02
  1.3096918e-01
 -1.7737530e-01
 -1.0768857e-01
 -1.0941553e-01
  1.0168694e-01
  9.5211295e-03
  4.2191219e-02
 -3.9254877e-01
  7.5046647e-01
 -3.9310619e-01
 -8.0921739e-01
 -4.9092427e-01
 -8.9768463e-01
 -9.2944127e-01
 -3.0917856e-01
  6.5761423e-01
 -5.4894519e-01
  8.6692160e-01
  3.8828719e-01
  1.1405185e-01
 -3.7477401e-01
 -4.9205488e-01
 -3.2523143e-01
 -4.2217156e-01
  9.9890316e-01
 -1.8999131e-01
  5.0354284e-01
  4.0747246e-01
  1.3281287e-01
 -1.2364243e-03
 -2.1079901e-01
  3.0222738e-01
 -5.3196285e-02
  4.2686448e-01
 -3.8475406e-01
  2.9955047e-01
  1.7804861e-01
 -2.3186901e-01
 -3.7698515e-02
  1.7084913e-02
  1.7462440e-01
  8.0061302e-02
 -2.2921050e-01
  6.9301838e-01
 -4.8180506e-01
  2.6812984e-02
 -1.1463854e-01
 -5.0991416e-02
 -2.6426303e-01
  2.0696674e-01
  9.7489074e-02
 -1.0692396e-01
  2.5149325e-01
 -1.6808023e-01
 -7.9270385e-02
  2.2622247e-01
 -1.8665360e-01
 -1.3224734e-01
  1.7718136e-01
 -3.8127059e-01
 -1.9271110e-01
 -2.4004328e+00
  1.4795996e-01
  2.1946439e-01
  1.9344686e-01
  2.3569345e-01
  2.2249220e-01
  3.1437773e-01
  2.3450661e-01
  2.2313213e-01
  3.8365579e-01
 -3.2501966e-01
 -2.6675880e-01
 -4.2003134e-01
 -9.5661245e-02
 -6.5545112e-02
  6.5339454e-02
 -7.4497320e-02
 -4.9044985e-02
  5.1529936e-02
  7.8925264e-01
 -1.8040934e+00
  2.8573701e-01
 -1.0398606e-01
  1.5975536e-01
 -1.7005901e-01
 -4.9163055e-01
  2.7412872e-03
  5.6552154e-01
  4.1035664e-01
  3.6244532e-01
  1.1806295e-01
  2.1355626e-01
 -7.3412359e-02
 -1.6365087e-01
 -7.8486666e-02
 -2.9134148e-01
  4.1744843e-02
 -4.5855942e+00
 -6.4420551e-01
 -4.2262625e-02
  2.1785261e-01
 -5.5708778e-01
  1.9150996e-01
 -4.1739297e-01
 -4.4778493e-01
  8.9910433e-02
 -9.2384130e-02
  1.8113148e-01
 -1.0630671e-01
  4.3254453e-01
 -2.5958446e-01
  2.0250922e-01
  1.9588116e-01
  2.3774922e-02
 -8.8420503e-02
  4.3688990e-02
  6.5815724e-02
  1.6630353e-01
  1.4393203e-02
 -2.6145318e-01
 -9.8082536e-01
  1.7510681e-01
 -5.2975166e-01
 -5.3931031e-02
 -1.6056370e+00
  2.6931441e-01
 -1.4435831e-01
 -1.7225049e+00
 -2.0479532e-01
 -2.8278559e-01
 -2.5791332e-01
 -6.6867220e-01
 -3.5800824e-01
  3.2233712e-01
  6.1770374e-01
  8.1101763e-01
 -8.7962203e-02
 -2.0935081e-01
 -1.8952408e-01
  3.0982670e-01
 -1.1119359e-01
 -6.9875024e-02
  1.6922332e-01
  1.5954542e-01
  3.2047576e-01
 -7.6079622e-02
 -3.1264734e-02
 -1.2959501e-01
 -1.1152473e-01
  1.0252180e-02
  1.7367628e-01
  6.3997614e-01
  2.1899298e-01
 -1.7470662e-01
  6.7597911e-02
  1.1768909e-01
 -1.8493582e+00
  5.3354800e-01
  1.6736501e-01
 -1.3059087e+00
  8.8079292e-01
 -2.7774875e+00
 -3.1482396e-01
 -5.8885263e-03
  3.5489681e-01
 -3.9450714e-01
 -3.7250903e-01
  3.7555397e-02
  9.9750340e-02
 -1.8496521e-02
 -3.3921751e-01
 -4.7615683e-01
 -2.7518034e-01
  6.8015170e-01
 -1.7668495e-01
  5.4262549e-01
  1.3451902e+00
 -2.5862101e-01
 -4.7105533e-01
  2.5826782e-01
  1.4348176e-02
 -5.1649714e-01
 -6.5762520e-02
  1.2927129e+00
  1.2377768e-01
  2.1132875e-02
 -3.4966704e-01
 -5.1637924e-01
 -1.6786936e-01
 -1.8867236e-01
 -4.0660149e-01
  2.5691941e-01
  1.1185336e-01
  1.6208300e-02
  1.2501444e-01
  8.7109104e-02
  5.7034530e-02
 -1.3157776e-01
 -9.2321321e-02
  2.2493482e-01
 -1.1630125e-01
  4.2458823e-01
 -2.1383971e-01
  1.3113879e-01
  3.3659282e-01
  6.0536597e-02
 -5.6640702e-01
  3.1887617e-02
 -1.7971516e-01
 -2.9807299e-01
  6.5436184e-02
  2.3433155e-01
 -2.0787624e-01
  2.5119767e-01
  1.8413171e-01
  6.9674879e-02
 -9.7300011e-01
 -9.4945955e-01
  4.7763833e-01
  2.3319383e-01
  1.9059579e-01
 -1.9038965e-01
 -1.7836435e-01
 -4.0848556e-01
  6.1857820e-01
 -6.7823178e-01
  1.3103511e+00
  2.2656620e-01
  5.3764403e-01
  3.6897417e-02
  9.4802089e-02
  6.8872517e-01
 -5.4366314e-01
 -4.3730989e-01
 -1.7882408e-01
  1.9154849e+00
  4.0153420e-01
  6.9380736e-01
 -4.2198732e-02
  5.7309851e-02
  1.4401080e-01
 -3.3868137e-01
 -4.6943743e-02
 -1.4190682e+00
  6.4397857e-02
 -1.9145250e-01
 -5.1979944e-02
  4.5143813e-01
  3.3651311e-02
  6.5414757e-02
  1.1911956e-01
 -6.1140102e-01
 -2.4312399e-01
 -1.9034025e-01
  8.2555883e-02
 -1.3117447e-01
 -9.8219104e-02
  1.5150526e-01
  1.2102050e-01
  1.2885158e-01
  1.4268173e-01
 -6.9726698e-02
 -2.2603045e-01
 -7.9525709e-01
 -6.3842011e-04
 -7.9947509e-02
 -2.9950917e-01
 -3.5554308e-01
 -2.4649997e-01
  1.2348478e-01
  1.7423324e-01
 -3.4199566e-01
 -1.7963494e-01
  4.9169581e-02
  1.2470869e-03
 -2.0031601e-02
 -6.4147219e-02
  6.9702226e-01
  2.7931362e-01
  3.8156581e-01
  4.7564279e-02
  1.2417981e-01
  3.2962969e-01
 -5.4634941e-01
  8.3332166e-02
  3.6476237e-01
  3.0253100e-01
  7.7067807e-02
  2.3767658e-01
 -4.2967889e-02
 -1.3010103e+00
  2.5017980e-01
  8.5845560e-02
 -2.1990320e-01
  2.7605346e-01
  1.0930756e-01
 -3.0794752e-01
 -5.8487590e-02
  2.9994217e-01
 -2.0567800e-01
  2.6549497e-01
 -1.4448692e+00
  6.7321613e-02
  6.6180058e-02
  8.0382660e-02
 -7.6356781e-01
  2.5516471e-01
  5.5928123e-01
 -3.1273296e+00
  1.2470663e+00
 -3.6127947e-02
 -2.9022050e-01
 -2.1765523e-01
  8.4673643e-02
 -2.6214263e-01
  5.9879791e-02
  3.3552808e-01
 -3.8712862e-01
  4.9410591e-01
 -7.0409410e-02
  2.4983697e-01
 -3.7716874e-01
  1.6473323e-01
  3.2284081e-01
 -1.3638791e-01
  2.4454454e-01
  5.5007819e-02
  5.9743774e-01
  3.0845529e-01
  1.4726278e-01
  3.8059399e-02
 -3.8342278e-02
 -3.7094557e-03
 -4.6917474e-01
 -2.0796596e-01
  7.7297278e-02
 -1.3869043e-01
 -9.0204114e-01
 -8.4202610e-02
  6.3627353e-03
 -1.6203094e-01
 -4.7421071e-01
  6.4443432e-02
  1.2224969e-02
 -2.1484146e-01
  1.0088254e+00
  4.5915093e-02
  2.8550273e-02
 -1.8658006e-01
  5.3653531e-02
 -2.3138006e-01
  1.4702247e-01
  1.9441326e-01
 -6.6883460e-02
 -9.9494189e-02
 -1.0399000e-01
  1.2491065e-01
 -1.4351830e-01
 -7.4214861e-03
  2.5377982e+00
  2.5435250e-02
  6.1227494e-01
  1.6546937e-02
 -1.8577378e-02
 -5.9607115e-02
 -4.2145228e-01
 -6.0462713e-01
 -2.9409313e-01
  5.1552391e-01
  8.4409398e-01
 -1.2424750e-01
 -1.7361687e-01
 -1.5903796e-01
 -1.2623265e+00
 -2.4471742e-01
 -3.8433790e-02
  2.0817801e-02
  2.5117081e-01
  8.9277697e-01
 -1.3565336e-01
 -5.1752489e-02
 -8.6473912e-01
  8.0047054e-03
  5.7060686e-03
  1.1857511e-02
  2.7357620e-01
  3.4827891e-01
  5.1351261e-01
 -3.4893438e-01
  3.1450897e-01
 -4.2977966e-03
 -4.5692605e-01
 -3.9943299e-01
  1.7749062e-01
 -7.7964291e-02
 -1.5233859e-01
  4.2245305e-01
 -2.8736162e-01
 -3.8542387e-01
 -5.8340693e-01
 -2.1599799e-02
 -1.8685438e-02
  1.7068166e-02
  1.8795879e-01
 -9.3924098e-02
  8.9297637e-02
  2.5786352e-01
  9.9238449e-01
 -2.2423360e-01
  2.6083642e-01
 -2.9079868e-02
  1.0373858e-01
 -5.2993417e-02
  3.1556663e-01
 -2.1955161e-01
 -2.7767822e-02
  1.4579499e-01
 -3.8694602e-02
  7.3198327e-03
 -1.0919919e-01
  5.2391846e-02
  1.1283064e-01
 -7.8040428e-02
 -1.0214814e-02
  1.5206556e-01
 -1.0294455e+00
  6.4706564e-01
  1.8758510e+00
 -2.3894465e+00
 -2.0824611e+00
 -7.6823729e-01
  9.8301941e-01
 -3.4235892e-01
 -8.7960377e-02
 -6.1740202e-01
 -6.5938461e-01
  1.2902291e+00
 -1.3007933e-01
 -5.6644374e-01
  3.8190317e-01
  1.4529499e-01
  7.0714045e-01
  1.0116948e+00
  1.5203664e-01
 -6.7021644e-01
 -4.4845527e-01
 -6.5498173e-01
 -2.6568338e-01
  1.6097316e-01
  1.6343698e-01
  1.0887893e+00
 -1.6177595e-02
  9.2515737e-02
  7.6862818e-01
  3.0347860e-01
  1.4626822e-01
 -3.2294396e-01
 -3.5926971e-01
 -1.2572517e+00
  1.6508694e+00
  2.7480200e-01
  4.2918649e-01
 -3.2446006e-01
  5.3342390e-01
  1.4344043e-01
 -2.8940814e-02
  9.0013766e-01
 -2.2021775e-01
  8.6281049e-01
  2.3510115e-02
  2.1184245e-01
 -1.4285924e+00
 -3.4863266e-01
  1.0864939e-01
 -1.8663985e-01
  2.8524792e-01
 -4.0993437e-02
  2.2650512e-01
 -1.7776890e-01
 -5.4366660e-01
 -4.3066919e-01
 -4.6415016e-01
 -6.0650809e-03
  2.2687639e-01
 -1.3717240e-01
  1.1211997e-01
 -1.1962157e+00
 -1.0658495e-01
  8.8397920e-01
 -9.2394955e-02
 -4.4701472e-01
 -2.1047968e-02
  9.0759695e-02
 -3.3673063e-02
  4.6002457e-01
 -6.2991536e-01
 -5.0338137e-01
  3.7185650e-02
 -8.9272866e-03
 -5.3020209e-01
 -4.7906879e-02
 -1.6207397e-01
 -7.1310222e-02
  2.0977861e-01
 -1.0191680e-01
  1.0185127e-01
 -1.2225626e-01
 -2.7989420e-01
  1.1447694e-01
 -3.0397451e-01
  1.5968892e-01
  3.3856532e-01
  3.1110567e-01
 -3.1460452e-01
  4.9487405e-02
 -3.3735418e-01
  9.6254522e-01
  8.4125918e-01
  1.4127633e-01
 -1.1660730e-01
  9.4259560e-02
  2.2199471e-01
  3.7840220e-01
  2.6528278e-01
  1.1266825e-01
 -2.7080896e-01
 -4.3763455e-02
  4.3277600e-01
 -1.7956488e+00
 -1.2512836e-01
  4.1119441e-01
  5.2059162e-01
  6.8837628e-02
 -2.7060297e-01
 -3.6480382e-01
 -5.6876868e-02
  5.4211849e-01
 -5.9412900e-02
  8.1745058e-02
 -2.1027623e-02
  3.1025767e-01
  1.5220700e-01
  1.3719849e-01
 -5.8278286e-01
  1.6868842e-01
 -3.8560116e-01
  6.8716794e-01
 -1.8428659e+00
 -5.7341933e-01
  3.1659198e-01
 -1.5572420e-01
  1.8181063e-01
 -5.3237572e-02
  3.1011412e-01
  3.8897014e-01
  1.2780638e-01
 -7.4518859e-02
 -1.5596168e-01
  2.0100927e-01
 -2.2664987e-01
 -1.2369221e-01
 -8.2000270e-02
 -4.7585720e-01
 -1.3358065e-01
 -7.2429404e-02
 -2.7534720e-01
 -2.3752716e-01
 -1.1235409e-01
  4.2492163e-01
 -2.9569718e-03
  1.3357747e-01
  1.1742301e-01
 -1.6363671e-01
 -8.5047320e-02
  2.3777612e-01
 -1.0197794e-01
  6.7463303e-01
  2.3152127e+00
  1.0699140e+00
 -3.5952726e-01
  3.6044249e-01
 -1.5590647e-01
  1.1393404e+00
 -6.3557610e-02
 -7.0117772e-01
  2.2263084e-01
 -5.9151191e-01
  3.6269361e-01
 -7.6656096e-02
  2.6754439e-02
 -5.1593280e-01
  2.4055555e-01
 -1.5242815e-01
 -5.4407835e-02
 -2.3895562e-01
  6.5813398e-01
  2.3629694e-01
  1.2329522e-01
 -1.9290075e-01
  7.8569633e-01
 -3.4254822e-01
  2.0833375e-02
  2.2996555e-01
 -2.2503537e-01
 -4.9360353e-01
 -1.5529837e-01
  4.5495410e-02
  2.2034170e-01
 -3.1828400e-01
  1.9925108e-02
 -4.3209501e-02
 -3.0902860e-01
  5.1045272e-02
 -2.8117630e-01
  2.9999292e-01
  1.2926613e-01
  4.2506400e-02
 -9.0102993e-02
  2.9620740e-01
  6.3502818e-02
  3.8160479e-01
  8.3601288e-02
 -3.7097633e-02
 -4.5716307e-01
  3.4293607e-01
 -1.6100910e-01
 -2.5616893e-01
 -2.3802161e-02
  1.0853857e-01
  2.9762810e-01
  1.0338116e-01
 -3.3922023e-01
 -1.0082138e-01
 -6.0378563e-02
 -3.1976861e-01
  4.0236011e-02
  4.8404413e-01
  4.6883184e-02
 -4.9879000e-01
 -1.3455585e-01
  6.5353912e-01
 -1.0699481e-01
  4.4027534e-01
 -2.6604956e-01
  3.6643267e-01
 -3.9736471e-01
 -1.9265679e-01
 -4.5628852e-01
 -5.4093397e-01
  1.1855289e-01
 -5.4643169e-02
  2.1734342e-01
 -4.3070570e-01
  3.8980849e-02
  4.9088839e-01
  1.4900179e-02
 -4.6267560e-01
 -2.4040518e+00
  1.2441199e-01
 -1.0558119e-01
  2.5161721e-03
  7.1216643e-02
 -1.4993142e-01
 -8.8826758e-01
 -7.8937277e-02
  2.9926801e-01
  1.5538867e+00
  1.9505727e+00
  8.6779870e-02
 -1.1606005e+00
  1.6505218e-01
 -7.1546561e-01
 -6.8962342e-01
  2.4624522e+00
  6.4723007e-02
 -2.1679370e+00
 -9.3840715e-03
 -6.8590969e-02
 -6.3842833e-01
 -3.3231932e-01
 -1.3905369e-01
 -6.5819129e-02
  1.3750771e+00
  1.7591545e-01
 -4.7225127e-01
 -3.4474814e-01
  5.6156623e-01
 -5.1663354e-02
  7.0778871e-01
 -9.8166978e-03
  2.9587337e-01
 -4.3858293e-01
 -1.0334483e-01
  4.8704259e-02
  1.8539672e-01
  1.5846851e-01
  2.8758737e-01
  1.4891969e+00
 -2.6665618e+00
 -1.3644315e-01
  3.4443699e-02
 -4.3426771e-02
  7.6469250e-02
 -2.8689986e-01
  9.4134256e-02
 -2.1946965e-02
 -7.1387851e-01
  7.7535585e-02
  5.5355161e-01
  2.0571400e-01
  4.8206940e-02
  9.7995088e-02
 -1.1261579e-01
  2.1080115e-01
  1.0666514e-01
 -7.8268230e-01
  3.8502181e-01
 -1.0985667e-02
  2.3492204e-01
  6.5933585e-02
 -1.3637745e-01
  8.1574760e-02
 -9.8800533e-02
 -9.0396956e-02
  6.2377293e-02
 -6.0516804e-02
 -5.8646256e-01
  9.1354936e-01
 -3.6855891e-01
  1.0949989e-01
  1.5719760e-02
  2.8475082e-01
 -5.5950925e-02
  5.3373349e-01
 -8.2946494e-02
 -3.5783261e-01
 -4.6329162e-01
 -1.3646699e-01
  2.7965224e-01
 -7.0612647e-02
  8.8465405e-01
  4.1443703e-01
  1.4438368e-01
  1.8111707e-01
 -1.9853650e-01
 -9.1080531e-02
  4.9580079e-02
  6.0299210e-02
 -1.6199911e-01
 -7.4209683e-02
  3.4693323e-02
  3.9108583e-01
 -2.1980757e-01
  9.6043907e-02
  5.1124758e-01
 -2.3187177e-01
  2.2793518e-02
 -9.1408181e-01
  4.1253984e-01
 -6.8441081e-01
 -2.0159679e-02
 -3.0274913e-01
  2.1362325e-02
  1.9604510e-01
 -2.5365108e-01
 -1.0675704e-01
  7.5839674e-01
  1.7798787e-01
  1.0217988e-01
 -1.1687188e-01
 -4.4294808e-02
 -6.6084892e-02
 -3.5550185e-02
  1.5605015e-01
  2.5526741e-01
  4.1140831e-01
 -1.0167705e+00
 -1.3438839e-01
  2.3509316e-01
  1.0840811e-01
  1.7394239e-01
 -1.8288405e-01
  4.1447291e-01
  1.5362479e-01
  6.1128274e-02
  4.1127626e-02
  9.4404081e-03
  5.8459125e-02
 -1.0970378e-01
 -1.5003835e-01
 -3.1122896e-01
 -7.0411996e-03
  4.5786679e-01
 -4.9594451e-02
  1.0317235e-01
  2.4708098e-02
 -1.8414517e-01
  1.5996747e-01
 -1.6386571e+00
  6.8014853e-02
 -2.0562869e-01
 -1.4346791e-02
 -9.9756293e-02
 -2.9465681e-01
  6.5607116e-02
  2.3201761e-01
  2.5160578e-01
  4.6675858e-01
  1.2523121e-01
  5.6204692e-02
 -5.0387915e-02
 -8.4370188e-02
 -2.1371274e-01
 -6.7543231e-02
  2.2283867e-02
  4.7486842e-01
 -8.3718383e-01
  1.9144808e+00
 -2.2763009e-01
 -8.6923647e-01
  3.4639990e-01
 -4.7083184e-01
  3.3317468e-01
 -6.1184049e-01
 -5.1364630e-01
  1.2050175e-01
 -5.5591452e-01
 -2.1211737e-01
 -2.8720951e-01
  1.2106109e-01
  2.3021598e-01
  1.9054201e-01
  2.2632222e-01
  1.5115073e-01
  1.5538315e-01
 -4.4785876e-02
  6.5552391e-02
 -1.5162109e-01
 -2.2303702e-01
  1.5774535e-02
 -3.8583821e-01
 -1.2622414e+00
  1.1905816e-01
 -3.6155805e-01
 -5.4342672e-02
 -5.0580209e-01
  3.2420218e-01
 -6.6061008e-01
  1.4921023e-01
  1.3469608e+00
 -1.5944548e-01
 -5.1392841e-01
 -1.6707402e-02
  1.0203962e+00
 -5.4396387e-02
 -3.6588010e-01
 -8.8732988e-01
 -2.0812002e-01
 -7.9242393e-02
 -1.9292231e-01
 -5.7521212e-01
 -3.1586093e-01
 -4.2908538e-02
 -2.3343199e-01
  9.8054662e-02
 -1.0894646e-02
 -2.7119413e-01
  3.2022080e-01
 -1.1814996e-01
  2.6237833e-01
 -3.4510410e-01
  1.5350123e-01
  2.6746663e-01
 -2.4465010e-02
 -4.5639224e-02
  2.0920126e-01
 -1.0150249e+00
 -2.5741374e-01
  3.5364952e+00
  6.5307671e-01
  1.8370371e-01
  5.4727018e-01
 -3.3920135e+00
 -8.0269128e-01
 -7.4286044e-01
 -2.4540728e-01
 -5.8791220e-01
  1.4113413e+00
  7.1434480e-01
  9.6552825e-01
 -1.4930753e+00
  3.1133068e-01
 -3.5765916e-01
  6.4794779e-01
 -9.7725910e-01
 -1.2931575e+00
  3.4281930e-01
  3.1656948e-01
  2.1077211e-01
  4.4000825e-01
  6.3122755e-01
  8.6226594e-01
  2.6586871e+00
  2.4535550e-01
  1.6803955e+00
  2.2045112e+00
  8.3085984e-02
  1.0042604e+00
  1.2815781e+00
 -1.9461516e-02
 -1.1898360e+00
 -1.0787459e-01
  7.9795861e-01
  8.3770138e-01
  3.8946927e+00
 -7.2748768e-01
 -5.5868149e-01
 -1.6467572e+00
 -1.1909591e+00
 -1.1304775e+00
 -1.7698903e-01
  2.0867860e+00
 -1.0517907e+00
  2.0689851e-01
  1.7424524e+00
  3.6398723e+00
 -1.4847140e+00
  2.2272537e+00
 -1.6853632e+00
  8.6125904e-01
  9.8665237e-02
 -2.5821385e+00
 -6.7132145e-01
  1.9475899e+00
  1.4898682e+00
 -1.2200431e-01
  1.3141431e+00
 -1.0494514e+00
  9.5904827e-01
 -1.0913277e+00
 -1.3753202e+00
 -1.2911260e+00
 -1.3873403e+00
  9.4324005e-01
 -2.4674506e-01
  2.2657736e-01
  2.7485635e+00
 -8.1136990e-01
 -1.0150440e+00
 -6.7719263e-01
  1.0815001e+00
  1.1979632e+00
  2.1406372e+00
  3.1619361e-01
  1.1356845e+00
  7.0190713e-02
 -7.3429096e-01
  5.7882402e-02
 -3.0562192e-01
 -4.6559450e-01
  1.6099682e+00
  1.8656357e-01
  1.8512964e-02
 -1.1969749e-01
 -9.7221963e-02
  7.0964533e-01
  5.1568687e-01
  7.6797760e-01
  2.8047097e-01
  3.8492259e-01
 -3.6730000e-01
 -1.1701809e-01
 -1.0334942e+00
  3.5063244e-02
  6.8241280e-01
  1.8445982e-01
 -1.9160442e-01
  4.4658196e-01
 -9.3390393e-01
  1.6963074e-01
  4.2868507e-01
  1.4548780e-01
  2.1435717e-01
 -4.3968412e-01
 -5.5420321e-01
  3.4917951e-01
  1.8766248e-01
 -1.3250332e-01
 -3.7712482e-01
 -3.4957311e-01
  3.0726478e-01
 -1.7920015e-02
 -4.9279493e-01
 -4.0253928e-01
 -1.7789397e+00
 -6.6885233e-01
  1.7960527e+00
  2.9984999e-01
 -1.6822103e+00
 -5.6306905e-01
 -8.7574326e-02
  2.5763351e-01
 -1.4335507e+00
 -4.5007673e-01
 -5.7699341e-01
 -6.3554734e-02
 -9.6309716e-01
 -7.9869205e-01
 -4.0889409e-01
  9.3475229e-01
  3.3682677e-01
 -2.9765916e+00
  6.4924294e-01
  8.8112104e-01
 -1.3219477e+00
 -2.1030824e-01
  5.6262392e-01
  8.5481977e-01
 -5.7879323e-01
  9.0206325e-01
 -5.7457179e-01
  1.6309146e+00
 -5.7973558e-01
 -9.8028785e-01
 -1.0404001e+00
  1.2533776e+00
  8.6512721e-01
  4.9030441e-01
 -3.8287356e-01
 -2.1542597e-01
  5.6433260e-01
 -1.3559100e-01
  2.4352215e-01
  7.2124046e-01
  5.1861799e-01
 -1.5846908e-02
  1.4087297e-01
  1.0537151e-01
 -4.3132442e-01
  1.1384978e-01
  6.7302547e-02
 -2.2036435e-01
 -3.1555346e-01
  4.0066984e-01
  4.7809817e-02
  4.5426596e-02
  4.3984693e-01
  1.0679540e-01
 -3.8989957e-02
 -4.9921906e-01
  4.3768632e-01
  2.9706214e-02
 -8.9282610e-02
 -1.9882147e-01
  3.9666462e-01
 -1.8291416e-02
  1.0055315e-01
  4.1639942e-01
  7.5805083e-02
  3.1061196e-01
 -1.5635608e-02
 -3.5144022e-01
 -2.2242115e-01
  1.7275776e-01
  2.8787938e-01
  1.1456743e+00
 -2.0699937e+00
 -2.8443069e+00
 -1.7765555e+00
 -2.1783336e-01
 -5.3974074e-01
  6.2486303e-01
 -7.4665350e-01
  1.0889168e+00
 -9.6965082e-02
  5.8572018e-01
 -6.2145394e-01
 -3.7765227e-02
 -2.5940490e+00
 -2.6668406e-01
 -3.8088399e-01
 -1.7296745e-01
 -1.2159940e-01
  6.2232429e-01
  1.6616808e-01
 -1.0937008e-01
  3.5430220e-01
  8.0605751e-01
 -6.6822492e-02
 -7.6190484e-01
 -3.0793199e-01
 -2.3671713e-02
  2.3896411e-01
  3.9217889e-01
  4.8480228e-01
  9.2731065e-01
  1.6955047e+00
 -8.3741868e-01
 -2.4365681e-01
 -1.0241134e+00
 -2.5059608e-01
 -3.5094541e-01
 -2.2133925e+00
 -8.7835890e-01
 -2.7992761e-01
 -7.4536137e-02
 -8.3229639e-02
  6.3087173e-02
 -3.8169152e-01
 -1.0330963e-02
 -1.1250656e-02
 -1.7910890e-01
 -4.7820657e-01
  5.5810446e-01
 -9.2274666e-01
  5.8604110e-02
  4.3289766e-01
 -2.9239357e-01
  6.7558980e-01
 -6.1467165e-01
  1.9587828e-01
 -1.3485949e-01
 -3.1738931e-01
  2.7191481e-01
 -1.4265515e-01
  1.6321952e+00
  8.1696904e-01
  3.4369767e-01
 -7.7280599e-01
  2.4031000e+00
  1.2229947e+00
 -2.1780203e-01
 -2.5355107e-01
 -4.3316774e-02
  7.0911145e-01
 -1.3783708e-01
 -6.2302464e-01
 -2.0200561e-01
 -1.0794690e+00
 -9.8607183e-02
 -1.6209118e-01
  8.6757672e-01
 -3.0025592e-01
 -2.1099794e-01
 -7.5756282e-01
 -7.9214340e-01
 -8.5239631e-01
 -1.6540847e+00
  1.0829022e+00
 -8.3505136e-01
 -2.4379176e-01
  2.2379918e-01
  4.5747146e-01
 -3.9059967e-01
  4.3992538e-02
 -2.2892293e-01
 -3.1218657e-01
  6.9448441e-02
 -5.1572692e-01
  8.2384311e-02
 -4.2611469e-02
  2.2426382e-02
  2.2602169e-02
 -2.6768753e-01
 -5.9184540e-02
 -1.1946235e-01
 -1.1683622e-03
 -1.1551482e-01
 -1.7089373e-01
 -1.3088452e-02
  1.3704254e-01
 -6.6370167e-02
 -8.5108161e-02
  6.2001389e-02
 -1.3058528e-01
 -1.8685348e-01
  6.1892146e-01
 -5.1571060e-02
 -4.6994105e-02
 -7.1858704e-01
  4.5215979e-02
  1.3776727e-01
 -9.5468879e-02
  2.1268321e-02
  9.9703349e-02
 -1.2376862e+00
 -2.8335786e-01
  3.4438667e-01
 -4.9189949e-01
 -2.7745893e-02
  3.2702971e-01
  3.6796311e-01
  2.1624492e-01
 -2.8119576e+00
  1.2285539e+00
  9.4137728e-01
 -4.0983200e-01
  3.2226619e-01
  1.8153170e-01
 -2.8876334e-02
  1.4160123e+00
 -4.5049541e-02
 -7.3214106e-02
  5.1971991e-02
  2.4730270e-01
  3.1984892e-01
 -4.5464821e-02
 -3.0284688e-01
  7.1438187e-01
 -2.4571676e-02
 -1.3975379e-01
 -1.0891893e-01
 -3.4654874e-01
 -7.2127417e-02
 -1.2754831e-01
  8.7782699e-01
 -2.6329558e+00
 -6.4250663e-02
 -2.0204589e+00
  1.0596108e+00
 -1.6516750e+00
 -5.7238728e-01
 -2.4072644e-01
 -1.6497952e-01
 -1.5449612e+00
  8.3869231e-01
 -1.7782262e-01
  6.4866811e-01
 -6.4216036e-01
 -4.9949476e-01
 -3.4428874e-01
 -1.3737912e+00
 -3.2386890e-01
 -7.6936060e-01
 -9.2556745e-01
  3.6828318e-01
  1.1940832e+00
 -2.1450202e-01
 -3.5107152e+00
 -5.4797089e-01
 -1.3404603e-01
 -4.5751955e-02
  1.2434532e-01
 -3.1707555e-01
  2.0486116e-01
 -2.3174478e-02
 -3.0542392e-02
 -4.5071509e-02
 -3.6737826e-01
  1.8471627e-01
  4.6384759e-02
 -1.2356408e-01
  2.5067115e-02
 -5.6036714e-02
 -4.2348877e-02
 -3.8739130e-02
 -1.3281897e-01
 -4.2855304e-02
 -6.8291947e-02
  6.1435107e-02
  1.3775034e-01
  1.7070310e-02
 -8.9982390e-02
  1.4497171e-01
  2.9648381e-01
  3.2737440e-01
 -2.8165603e-01
 -6.9962636e-02
 -1.0958914e-01
 -3.0229934e-02
 -5.5104881e-03
  6.7871946e-01
  2.9022334e-02
 -1.5529182e-02
  1.3505358e-01
  1.3092059e-01
  8.5940492e-01
  2.5298116e-01
  7.6907462e-01
  9.1657266e-02
 -3.0303627e-01
  3.7633341e-02
  1.7583159e-01
 -6.5891552e-01
  2.7365509e-01
  5.1633394e-01
  1.5032952e-01
 -4.2933285e-01
  5.9495006e-02
  7.0077695e-02
  1.7048882e-01
  3.2959309e-01
 -4.1406959e-02
  1.2821350e-01
  5.4844569e-02
  3.9922684e-01
  3.9035130e-02
  7.7511117e-02
 -5.5219825e-02
  2.6227596e-01
 -1.9905536e-01
 -4.1551091e-02
 -2.7576342e-01
  1.2858972e-01
 -1.1350248e-01
  1.2426246e-01
  4.7314402e-01
 -1.1139667e+00
 -4.7630742e-01
 -2.2847986e-01
  3.7824783e-01
  5.7073659e-01
 -5.1038104e-01
  1.5619004e+00
  1.7733952e-02
 -1.8395266e-01
  3.5711384e-01
  2.0549004e+00
  1.1770242e-01
  6.4375229e-02
  8.0607124e-03
  2.6730102e-01
  1.1138591e-01
 -1.6233964e-01
  4.0628120e-01
  1.6533150e-01
  3.4666019e-03
  7.0664752e-01
 -3.6988282e-01
 -9.3209185e-02
  1.8228723e-02
 -2.1024841e-01
 -8.7470926e-02
 -4.3966368e-01
 -3.4585634e-01
 -1.1325279e+00
  7.6889354e-01
 -2.7314156e-01
 -2.7189317e-01
 -6.5993875e-02
  2.8223506e-01
 -2.4998983e-02
 -3.7796521e-01
 -1.1258870e+00
  2.3238541e-01
 -8.9281268e-02
  5.5358905e-01
  5.4945809e-01
  5.3043127e-01
  8.8655218e-02
 -6.3486241e-02
  1.3620201e-01
  1.4800729e-01
 -3.1624937e-01
  1.2305128e-01
 -1.3568828e-01
 -8.8812083e-02
  5.6290376e-01
  1.5808126e-01
 -3.9813620e-01
  4.2188987e-01
 -5.4358762e-02
 -1.0124931e-01
  4.2150947e-01
 -9.1756806e-02
 -4.2686611e-01
  3.4846008e-01
 -8.0799592e-01
  4.0779662e+00
  2.6774991e-01
  3.0031499e-01
  3.2620347e-01
 -5.4282182e-01
  1.0348915e+00
 -5.1794928e-01
 -3.6875522e-01
 -6.1391639e-03
 -3.1291986e-01
  2.7667916e-01
  6.3364869e-01
  2.9154658e-01
  5.1704174e-01
 -2.3137200e-01
  7.4430895e-01
 -1.6764310e-01
 -4.3122335e-03
  1.1592879e-01
 -1.2593392e-01
  1.4740252e-01
  2.2931795e-01
 -2.4293220e+00
  2.4925956e-01
  3.3399731e-01
  2.5799564e-01
 -1.8253849e-01
 -4.5820373e-01
 -1.4557272e+00
 -4.7993276e-01
 -1.2844598e+00
 -7.0255049e-02
  2.0904392e-01
  1.0432754e-01
  3.0519211e-01
  7.1886671e-01
 -3.3667693e-01
 -4.8633468e-01
  2.2318450e-01
  3.6037412e-01
  8.4502734e-03
 -1.2753098e-01
 -5.2928958e-02
  2.5606088e-02
  1.9493014e-01
 -1.2611337e-01
  9.5962368e-02
 -1.3258633e-01
  4.4958204e-02
  9.7993582e-02
  9.1665886e-02
 -1.5280756e-01
 -5.8170164e-04
  6.3737208e-01
 -5.0303054e-01
  2.0837372e-04
  1.8900182e-02
  2.0344539e-01
  3.8820931e-01
 -5.6763798e-01
 -6.6319518e-02
 -1.1185289e-01
  9.8555483e-02
  2.2672421e-01
  4.6031892e-01
 -7.7368426e-01
 -1.9488479e-01
  1.1206989e-02
 -3.7693104e-01
  8.5934691e-02
 -2.5229812e-01
  2.6437515e-01
 -3.4526354e-01
  1.8106177e-01
 -6.9949262e-02
  1.3815543e-01
 -1.7664577e-01
  2.9805565e-02
 -1.0391626e-01
 -2.7623639e+00
 -3.4837934e-01
 -7.4870564e-02
  2.1445850e-01
  3.0504258e-02
  2.3708364e-01
 -7.4104957e-02
  2.5664181e-01
  1.4891133e-01
  2.5733519e+00
  1.1905415e+00
 -9.0246874e-01
  1.3039836e+00
  2.5712946e-02
 -9.6296385e-02
  7.7898456e-03
 -1.3298931e+00
  8.1615537e-02
 -6.9608521e-03
  1.2600455e-02
 -1.9811496e+00
 -1.2737749e+00
 -3.9219234e-02
 -5.3049665e-02
 -3.4538519e-02
  5.1993011e-03
 -5.8288532e-01
 -2.3168680e-01
 -1.6877265e-01
 -1.8202937e-01
 -2.3084955e-01
  1.7944123e-01
  2.5696462e-01
  1.9640352e-01
 -6.6029578e-02
 -6.2166733e-01
 -2.4286647e-01
  3.6912572e-02
  9.2280470e-03
 -3.7095867e-02
  3.1467131e-01
  5.5897500e-02
  6.4748831e-02
  1.9449587e-01
  8.9882985e-02
 -7.1318373e-02
 -2.0397562e-01
 -1.4877782e-02
  2.6854292e-01
 -8.5985586e-02
 -2.4557047e-01
 -7.7119517e-01
 -1.0333481e-01
 -1.2414540e-01
  2.6433632e-01
 -1.3798620e-01
  2.2209606e-01
  7.6041175e-03
  4.8590708e-01
  1.8867142e-01
  7.2875850e-02
 -3.2478192e-01
 -9.6474372e-02
 -1.1707865e-01
  3.1179266e-02
  3.9289244e-02
  3.4151178e-02
  7.0469248e-01
 -2.9735935e-01
  9.5188409e-02
  2.2574840e-01
  1.0540969e-01
 -2.9910251e-02
  4.8257917e-02
  9.7670453e-04
 -3.8957953e-02
 -3.1648022e-01
  7.2505422e-02
 -7.3395795e-01
  1.7780638e-01
 -2.4342273e-01
  2.9106125e-01
  1.9700664e-01
 -9.7552218e-02
  1.4600626e-01
  1.4366320e-01
  2.3263405e-01
 -8.9303100e-01
  2.2899079e-01
  1.0349268e-01
  7.9350889e-02
 -5.5139095e-01
  1.4054175e-01
 -1.8551378e-01
  1.9289084e-02
 -8.6037147e-01
 -6.5351985e-02
  2.0250915e-01
  7.2457843e-02
  3.3583310e+00
 -5.0189608e-01
 -6.8328840e-01
  2.9275465e+00
 -3.0376822e-01
  1.4243127e-01
  2.1475150e-01
 -8.8469344e-01
 -1.5453611e-01
  4.5690215e-01
  7.6948680e-02
  2.5404189e-02
  1.9437471e-02
 -3.7305734e-01
 -2.9155466e-01
 -6.1093360e-01
  2.7480239e-01
  3.5290000e-01
 -3.9748397e-01
  2.0282686e-01
  9.6575648e-02
 -2.2602537e-01
  4.5219544e-01
 -8.9875102e-01
 -3.8758814e-02
  1.2528537e-01
 -3.3330747e-01
 -3.3584464e-01
 -4.2826658e-01
  4.9087143e-01
 -6.8117492e-02
  2.0990279e-02
  1.8944272e-01
 -5.1921327e-02
 -1.8406061e-03
  7.2175182e-02
 -9.1957323e-02
 -1.9049911e-01
 -3.2289812e-01
  2.3554866e-01
  1.8588392e-01
  5.7717942e-02
  3.4819445e-01
 -1.2993069e-01
 -1.6781640e-01
  4.8599359e-02
 -1.1251208e-02
  1.5454727e-01
 -4.6438777e-01
  4.0524089e-01
 -1.0092723e-02
  1.2090889e-01
  3.8628647e-01
 -4.7177616e-01
  2.8417704e-01
 -2.9427290e-01
  6.1399475e-02
  2.7713761e-01
  2.1681033e-01
  8.0678868e-01
 -9.3205190e-01
 -2.3047566e+00
 -2.1310844e+00
  7.6462442e-01
  3.9146462e-01
  6.2120897e-01
  4.1574989e-02
 -7.6138490e-01
  9.5909393e-01
 -1.9030204e-01
  7.0236474e-02
  2.6485512e-01
 -7.1896309e-01
 -3.4295151e-01
  1.4267284e-01
  3.7140474e-01
  4.6806046e-01
  9.4571985e-02
  4.5194346e-01
 -1.5104358e-01
  4.8672783e-01
 -2.4127036e-01
  6.8063533e-01
  5.9161973e-01
 -1.0178854e-01
  3.3974546e-01
  5.0573927e-01
  1.4689611e-02
  4.9111679e-01
  1.8246764e+00
  8.9782965e-01
  3.2226095e-01
 -2.6055961e+00
  8.1695393e-02
 -2.5916541e-01
 -5.7467884e-01
  1.8358858e-01
 -8.8752997e-01
  5.2898645e-01
  6.2444729e-01
  1.7263134e+00
  5.4645890e-01
 -6.4351879e-02
  2.0783311e-02
  8.6305141e-02
 -2.3225485e-01
 -1.9293214e-01
 -2.8218010e-01
  1.0426005e-01
  1.0327014e-01
  1.1055456e-01
  5.1751819e-02
 -1.5820369e+00
 -3.7695923e-01
  3.2445455e-01
  1.3132054e-01
 -3.0270082e-01
 -5.8361668e-02
  3.4032654e-02
  1.8165849e-01
  1.4325349e-01
  4.6207687e-01
  4.7606874e-01
 -3.2204950e-01
 -4.9127441e-02
  7.0685321e-01
 -9.1268718e-01
  9.1672581e-01
  2.4282219e-01
  1.2700726e+00
  2.7644148e-01
  3.5868043e-01
 -1.5916763e-01
 -1.9919418e-01
 -1.2572044e-01
  2.1527097e-01
  4.4055465e-01
 -1.6133592e-02
  2.5920609e-01
  1.6697161e-01
 -4.2704257e-01
 -1.2372484e+00
 -8.8119373e-02
 -9.7480841e-02
  8.1258439e-02
  1.7294325e-01
 -8.9747474e-02
  1.6593616e-01
 -9.7442344e-02
 -4.6988320e-01
  5.2590662e-01
 -4.1993681e-01
 -4.4735977e-01
  5.0269712e-02
 -1.0927200e-01
  5.2501485e-02
 -5.7564217e-01
 -1.5138175e-01
 -4.6663287e-01
  1.4449620e-01
  6.3320589e-03
 -3.2097948e-01
  2.6311201e-01
  1.2814386e-01
  1.2234452e-01
 -6.7623779e-02
 -6.9233227e-01
  2.5519800e-01
 -2.9996318e-01
 -2.3204033e+00
  4.6401422e-02
 -3.8589094e-02
  1.1153514e-02
 -2.5934759e-01
 -1.8497366e-01
  2.7925229e-01
  5.4628696e-02
  1.7478114e-01
  9.2634149e-02
  1.6763322e-01
 -1.3015787e-01
 -2.2110075e-01
 -7.8109942e-02
  7.7994913e-01
 -1.0266083e-01
 -7.9304649e-04
 -6.2260535e-03
  8.6306773e-02
 -2.8667605e-01
  6.8228908e-02
 -1.7812766e-01
 -3.9576322e-01
  2.0746994e-01
 -6.4299658e-02
  1.2663935e-01
 -5.5221595e-02
  1.4392750e-02
  6.7136340e-02
 -2.3501511e-01
 -4.4074735e-01
  2.1593827e-01
  2.7491227e-01
 -1.1096828e-01
 -3.1483603e-01
 -5.6629550e-02
  4.9567468e-02
 -1.0631961e-01
 -1.0144497e-01
 -1.4540676e+00
  7.5552170e-03
  2.6598915e-01
  1.5418406e-01
 -4.8970073e-02
  1.4563634e-01
 -1.1241229e-01
  1.7126796e-01
 -6.1368208e-02
 -4.0385088e-01
 -4.1541910e-01
  2.3010924e-01
 -1.8001635e-01
 -2.1585427e-02
 -1.1258944e-01
 -3.7349153e-02
  2.0617971e-01
  1.9043325e-01
  1.0639634e+00
 -2.6715341e-01
  3.5361096e-02
  5.0392419e-02
  1.3531935e-01
  1.6475721e-01
 -3.1202418e-01
 -1.3441294e-01
 -1.5371892e-02
  1.1077384e-01
  1.2890654e-04
 -1.5671207e-01
 -1.1494590e-01
 -2.4496432e-01
  1.5576445e-01
 -3.7080050e-01
 -8.0845177e-02
 -4.9073786e-01
  3.0624416e-02
 -1.1038921e-01
  6.0867213e-02
 -2.0942727e-02
  1.1088140e-01
 -8.2688712e-02
  8.3673775e-01
  2.1468924e-02
  3.4108207e-02
  2.5454896e-02
 -8.6300008e-02
  1.6573346e-01
 -2.1702519e-01
  3.8594848e-01
  1.7959183e-01
  1.0885865e-01
 -8.3536059e-02
  2.0472659e-01
 -1.2040234e-01
  1.1417595e-01
 -1.2052386e-01
 -2.3749575e-01
  1.8146808e-01
  1.5657076e-01
  8.3475910e-02
  2.9273498e-01
  2.0082755e-01
 -1.7840387e-01
  8.7250113e-01
 -3.0179086e-01
 -1.8746747e-01
  2.9648000e-01
  5.6029409e-02
 -6.9900107e-01
 -1.9419065e-01
 -1.7256029e-02
 -3.7458409e-02
 -8.4256932e-02
  5.4078823e-01
 -2.8132921e-01
 -2.9763290e-01
  1.8614678e-01
 -1.1059642e-01
 -9.8956466e-02
 -1.1370420e-01
 -6.8132184e-02
 -1.9571327e-01
 -1.3951579e-01
 -2.1402675e-01
 -7.9710156e-02
  2.2403207e-01
 -4.7407627e-02
  1.9538240e-01
 -1.3321365e-01
  4.0798709e-02
 -2.2310350e+00
  9.9011153e-01
  1.1207893e+00
 -1.2208170e+00
 -7.4049813e-01
 -2.0606342e-01
 -5.5135973e-02
 -7.4786976e-02
  3.3831563e-02
  5.4404217e-01
 -1.7891291e-01
  1.1914892e-01
 -4.9333686e-01
 -6.5106899e-01
 -5.6333703e-01
 -1.2150402e-01
  5.2671224e-01
  5.2596825e-01
  1.4278848e-01
  4.4700827e-02
 -1.2795717e-01
 -1.2518509e-01
  1.0821170e-01
 -2.7232479e-02
  7.7690586e-02
  1.3827416e-01
  3.4861967e-02
 -2.7858567e-01
 -1.2594232e-01
 -1.1681674e-01
  1.3486645e+00
 -2.1740942e-01
  2.8898733e+00
 -1.3992417e+00
 -1.5706147e-01
  2.8556633e-01
 -7.0339195e-02
 -1.1065143e-01
 -3.9338790e-02
 -3.9710715e-01
 -1.2810132e-01
 -1.5694617e-01
 -2.9766282e-01
  4.7683644e-01
 -2.6272615e-02
  3.8449576e-01
 -1.3941173e-01
  1.1130113e-02
  1.3829128e-01
 -4.7644854e-01
  1.7769526e-01
  2.3694004e-01
  2.8367594e-01
  8.1500709e-02
 -6.4517207e-02
 -1.8223771e+00
  1.3360287e-01
  2.8361732e-02
  2.3384139e-01
 -2.7274147e-02
 -4.1261685e-01
 -8.8742632e-01
  5.4371524e-01
  6.1520767e-01
  1.6482830e-01
 -9.5748685e-02
 -1.2654314e+00
 -3.3008393e-02
  7.5750089e-01
 -1.7553112e-01
 -1.4838167e-01
 -4.4888157e-01
 -1.3510065e-01
 -3.6572328e-01
 -6.9606505e-02
  1.3936889e-01
  1.8496618e-01
  4.5777544e-02
  9.4893634e-02
 -3.6204543e-02
  2.5280919e-02
 -1.0024229e-01
 -7.3805094e-02
 -4.4669899e-01
  1.3551851e-01
 -1.6241816e-01
  1.4515802e-01
  1.2578946e-01
  4.6733703e-02
 -5.7490391e-01
  2.4226372e-01
  9.0643936e-01
 -1.2540546e-01
  1.9839944e-01
  3.3213609e-01
  3.2867473e-01
 -2.1088512e-01
 -5.9797227e-02
 -5.7720292e-01
  2.0302463e-01
 -7.5726408e-01
  1.8700674e-01
 -3.5803089e-01
  4.1107801e-01
 -1.9055651e-01
  2.4010982e-01
  1.5883553e-01
  3.1333792e-01
 -8.1662375e-01
  7.4243985e-02
  1.5828981e-01
 -9.0974873e-01
  2.0353690e-02
 -6.6440439e-01
  2.0585737e-01
  1.6436712e-01
  7.7450633e-02
  3.3647907e-01
 -3.3094413e+00
  2.4891053e-01
 -2.8577542e-01
  1.4447835e-02
  3.6133257e-01
  8.4496617e-01
  1.6104388e+00
 -4.1123340e-01
 -1.6503433e-02
 -1.5997873e-01
 -6.0850525e-01
  4.5547634e-01
 -3.4395896e-02
  2.1599405e-01
 -1.7046597e-02
  7.5591326e-02
  1.2102193e-01
  7.3499903e-02
 -1.6952805e-02
  2.3904042e-01
 -8.8355049e-02
  1.5625608e-01
 -2.4940720e-01
 -1.6634049e-02
  1.8609678e-02
 -4.1375688e-01
  2.7074122e-01
  4.3482669e-02
  3.9511085e-01
  2.3878007e-01
  4.6144524e-01
  4.0953372e-02
 -1.1086324e+00
 -3.5647583e-01
  1.4700758e-01
  1.7155620e-01
 -1.4465635e-01
  1.5154964e-01
 -1.5155351e-01
 -1.6947240e-02
  1.7982767e+00
  1.2120618e-02
  2.7253291e-02
 -1.6043004e-01
  2.6047736e-01
  7.5415649e-02
  1.5581879e-01
  2.4207495e-01
 -3.0869219e-01
  1.8196289e-01
 -2.9469916e-01
 -4.5381024e-02
  2.2637534e-01
 -3.6241874e-01
 -1.1270997e-01
  4.0768752e-01
  7.1352011e-01
 -7.9831757e-02
 -8.9045143e-01
 -1.0672335e-01
  2.7585419e-02
 -1.8826734e-01
 -1.1505417e+00
  4.4205967e-01
  2.9446071e-01
  9.6772391e-01
 -4.6489641e-01
 -1.0569724e-01
 -4.2611623e-01
  4.4312564e-01
  4.8485675e-01
  5.4483628e-01
 -1.3372332e-01
  1.8832065e-01
 -1.7756566e-01
 -3.8544759e-01
  1.0729206e+00
 -1.5320137e-01
  2.3063073e-01
  9.6433383e-01
  2.2915754e-01
  6.4662552e-01
 -1.0212789e-02
 -1.6457678e-01
  1.3120982e-01
 -1.6112430e-01
  7.9316241e-01
  2.0960526e-01
 -1.0602281e-01
 -9.1917557e-01
 -4.8406433e-02
  2.1104787e-01
  3.8357507e-02
 -1.1276789e-01
 -7.2144747e-01
  1.7256261e+00
  4.3121642e-01
  8.4349319e-02
  2.1498880e-01
  1.0354052e-01
  2.5289947e-01
 -4.1336769e-01
 -2.3844323e-01
  1.3212448e-01
  3.7532631e-01
  2.0649502e-01
 -1.6271213e-01
 -9.1044003e-01
  2.8585663e-01
  5.5854391e-02
  4.3368675e-02
  3.7894815e-02
 -4.3822166e-02
 -1.9060725e-01
 -1.3778390e-01
 -1.5838251e-01
  1.4113443e-01
  3.3204358e-02
 -1.3034340e+00
  1.8911116e-02
  1.1107412e-01
  4.1689880e-02
 -2.5708666e-01
  4.1604894e-01
 -2.0398352e-01
  2.7774233e-01
 -7.1386740e-02
 -8.5297763e-02
  2.0906948e-01
 -1.8529136e-01
 -2.0710792e-01
  3.4395427e-02
 -3.7428979e-02
 -8.2617499e-02
  1.9693679e-01
  9.0080485e-02
 -2.4729798e-02
  3.2789597e-01
  1.0872854e-01
 -9.1603868e-02
 -6.3763909e-02
  1.3300125e-01
 -2.8793427e-01
  2.7225220e-01
 -5.8693081e-01
  5.0415758e-02
  6.2179030e-03
  6.7902684e-01
 -4.3964535e-02
  1.6546682e-02
  6.6266716e-02
  7.6665655e-02
  5.0677729e-01
 -9.3713468e-01
  1.0199378e-01
  8.8973552e-01
  3.3372205e-01
 -1.0673295e-01
 -2.0075618e-01
  3.7000743e-01
  1.2472577e-01
 -1.3711014e-01
  5.9790157e-02
 -1.2877361e-01
 -1.7445971e-01
  1.2649977e-01
 -1.8579568e-01
  9.2301341e-03
  9.6823588e-02
 -1.6299644e-02
 -1.3053037e-01
 -2.8370541e-02
  2.0032051e-01
 -4.2974892e-01
  1.1850643e-01
  5.6939352e-01
 -4.6641812e-02
 -3.3923289e-01
 -1.9719204e-01
 -6.8449989e-02
  8.4228903e-02
 -2.5256202e-01
 -1.0327105e-01
  2.2667987e-02
 -6.1751757e-02
  1.4020622e-01
  1.2733757e-01
 -3.2105106e-03
 -2.9832458e-01
 -1.4137784e-01
 -2.8473759e-01
  4.9523156e-02
  8.6070411e-04
  1.8672110e-01
  1.7909934e-01
 -1.4925906e-01
  1.3855299e-02
  7.1781784e-02
  2.2068168e-01
 -1.5318571e-01
 -1.3603222e-01
 -1.2709978e-03
  2.3175123e-01
  2.7467263e-01
  5.1552352e-02
 -6.1469012e-01
 -7.1530879e-02
 -4.2709580e-01
 -9.7318992e-02
 -4.8563379e-01
 -1.0120739e-01
 -5.3267088e-02
  4.0329710e-01
 -8.6077696e-01
 -1.1337578e-01
  1.0305756e-01
 -3.9532900e-02
  2.8425025e-02
 -2.6621211e-02
 -1.9242224e-01
  2.2697765e-01
 -3.2323977e-01
  1.6297963e-01
 -1.9396240e-01
  1.0253510e-02
  1.2493195e-01
  9.8325625e-02
  1.3141663e-01
 -3.5524514e-02
  1.9386756e-01
 -6.1757352e-02
  3.2327968e-01
 -1.6806753e-02
  1.3649844e-01
 -1.5701696e-01
  1.2171346e-01
 -1.5551773e-01
 -7.1442336e-02
  4.7832531e-01
  3.9043760e-01
  1.8241243e-01
 -6.6610530e-02
 -6.2245500e-01
 -5.1573926e-01
 -3.9913183e-01
 -7.0905095e-01
  2.6488612e+00
  1.1299063e+00
 -9.8060131e-01
 -1.0162165e+00
 -5.3838956e-01
  1.5141653e-01
 -1.0690470e-01
  6.6525143e-01
  7.9866171e-01
 -6.8853003e-01
 -1.3517518e-01
  1.5995847e-01
 -2.0019040e-01
  6.1058229e-01
 -8.8628626e-01
  1.2101529e+00
 -8.6926073e-02
  1.2045307e+00
 -9.8490381e-01
 -5.7288464e-02
  3.5841751e-01
  1.3647516e-01
 -2.9092360e-01
  4.4167754e-01
 -1.4283841e-02
  4.5532383e-02
  6.7291176e-01
  3.4479600e-01
  7.2053212e-01
 -1.4009413e+00
 -4.5196852e-01
 -1.5679787e-01
 -5.2632374e-01
 -2.2353493e-01
 -1.2044655e+00
  2.9365950e+00
 -1.4069851e-01
 -2.7721187e-01
 -1.2335291e+00
  1.2462112e+00
 -9.9439740e-02
  9.0359434e-02
  2.4264121e-01
 -1.3227960e-01
  8.9872867e-02
 -1.5162392e-02
  5.8666330e-02
  3.2632422e-01
 -8.7303978e-01
  1.2871338e-01
 -3.3325666e-01
  7.0462406e-02
 -1.8732622e-03
  2.7098995e-01
  4.3145517e-01
  1.8816132e-02
 -1.1536751e+00
 -6.7640942e-01
  1.6874652e+00
  7.2347736e-01
  1.3915541e+00
  7.9630375e-01
  3.7808409e-01
 -2.3452548e-02
  1.3444436e+00
 -5.2294981e-01
 -1.5885426e-01
 -2.6281151e-01
  1.1454152e-01
  2.4877682e-01
 -2.8101212e-01
 -1.1437666e-01
  2.9625612e-01
 -1.4741217e-03
  3.9040872e-01
  9.6261166e-02
 -6.1250374e-02
 -6.8930678e-02
  3.2456592e-01
 -3.5944259e-01
 -6.5648144e-01
  9.2166588e-02
 -2.3967707e-01
  5.4098964e-01
  3.2171077e-01
  4.0076610e-01
  1.5839448e+00
  1.3396760e+00
  1.1567037e-01
  4.5017123e-01
  1.0069194e-01
 -4.6266388e-02
 -2.0218065e-01
 -4.0249985e-01
  6.2515154e-02
  2.3878406e-01
 -8.7738611e-02
  2.4505812e-01
  1.2812386e-01
  2.6265651e-01
 -7.5957879e-02
 -2.5276475e-02
  2.1473469e-01
  4.5490187e-01
 -2.0009837e-01
  1.8377307e-01
 -6.1718695e-02
  1.3954376e-01
  4.3906227e-02
  2.6711565e-02
  1.1713303e-01
 -2.4787551e-01
  2.6598245e-01
  1.6951878e-01
 -3.0871564e-01
 -2.8955942e-01
 -5.7547635e-01
 -7.9035676e-01
  9.1306573e-01
  1.6207740e+00
 -9.7179097e-01
 -4.2686108e-02
  3.8204588e-02
 -2.7799734e-01
  5.6622058e-01
 -2.5227112e-01
  2.5493726e-02
 -2.7611148e-01
  7.2183467e-02
  4.4218588e-01
 -8.6477071e-02
  2.8430724e-01
 -3.9972734e-02
 -2.6408505e-01
  4.6530774e-01
  8.3396435e-03
  3.5294065e-01
 -2.9319847e-02
  6.6672027e-01
 -1.5719758e-01
  7.8357056e-02
 -9.1608524e-02
 -1.3488542e-01
  4.4960326e-01
  4.0830052e-01
  1.8431978e-01
 -3.4406322e-01
  9.3878843e-02
 -3.6704010e-01
 -1.9373289e-01
 -1.8301407e-01
  1.9873026e-01
 -1.1777444e-01
 -1.9098310e-01
  6.1499619e-01
 -1.9317298e-01
 -2.0165676e-02
 -1.4962555e-01
  7.1561180e-02
 -2.1044366e-01
 -3.2993588e-01
 -3.0546224e-02
 -2.6765835e-01
 -2.2760780e-01
  2.3538314e-01
 -2.5491190e-01
 -3.1282970e-01
 -2.5279966e-01
  1.8730561e-01
 -4.8834190e-02
 -1.9681929e-02
 -5.4042041e-02
  1.9428395e-02
 -1.8792143e-01
 -1.0467054e-01
  1.6611223e-01
  6.1216080e-01
  9.3757349e-01
 -9.8141950e-01
  3.7780008e-01
 -1.3976733e-01
  7.2501972e-02
 -9.9090919e-02
  9.8690964e-02
  1.2119724e-01
 -6.9513291e-02
 -1.1434882e-01
  1.2832741e-01
  3.9383623e-01
 -1.7997593e-01
  1.3636522e-01
  3.0833519e-01
  2.8719398e-01
  3.2409963e-01
 -1.8368444e-01
  4.1093493e-01
  5.1853672e-02
  2.3904715e-02
 -5.1191296e-02
  4.3771058e-01
  3.9092872e-01
  1.0437093e+00
  1.0245874e-01
 -2.9353836e-01
 -8.8670626e-03
 -1.2758023e-01
 -3.0976835e-01
 -6.0757797e-02
  2.3227157e-01
  2.7485690e-01
 -2.0825969e-01
 -1.0646769e-02
 -8.9468230e-03
  7.4871868e-01
 -4.5353165e-01
  4.8280701e-01
 -1.3165282e-01
 -6.7360498e-02
 -6.5523401e-02
 -1.5753478e-01
 -2.3670407e-01
 -2.9711834e-01
 -2.0061274e-01
  5.5077517e-01
  6.8998858e-02
 -3.1722221e-01
 -6.8522379e-02
 -1.4717890e-01
  4.2862934e-01
 -8.0111764e-02
 -1.8074393e-01
 -4.6055615e-01
 -1.7150678e-01
  1.5706432e-01
 -1.5585938e-03
  2.3906666e-01
  1.1190509e-01
 -8.4363705e-01
  3.3305657e-01
  3.0354178e-01
  8.8190508e-01
  1.8067822e-01
  3.6960909e-01
 -4.8928404e-01
 -1.3460623e+00
 -3.6613700e-01
 -5.6756876e-02
  6.4753741e-01
  1.4030313e-01
 -2.8642473e-01
  8.9053683e-02
  1.0203893e-01
  2.3683523e-01
  9.8714773e-03
 -2.4321355e-01
 -3.9834205e-02
 -6.7282066e-02
  2.9359546e-01
 -3.6138263e-01
 -1.5051036e-02
  2.1557561e-01
 -3.2260084e-01
  2.0834133e-01
  1.5897590e-01
 -2.0991112e-01
 -7.3032595e-02
 -9.5964152e-01
 -6.8897480e-01
 -1.2212585e+00
  6.7511111e-01
  5.1887822e-01
  6.4063817e-02
  4.7307146e-01
  4.3923947e-01
 -1.6101360e+00
 -2.5576994e-01
 -3.8244069e-01
  4.0807977e-01
  8.2679957e-02
 -4.5545456e-01
  3.6360466e-01
 -1.4674042e-01
  3.0840236e-01
  2.5415430e-02
 -1.9783849e-01
 -8.1337094e-02
 -6.3198589e-02
 -1.0816953e-01
  2.0081598e-02
 -8.3601141e-01
  4.0963702e-02
  7.6336250e-02
  6.4925537e-02
 -3.3686280e-01
 -4.0238687e-01
  3.9211670e-01
  1.1916422e+00
  1.7953346e+00
 -6.4013475e-01
  6.2614746e-02
 -2.6055807e-02
 -2.4581733e-01
 -9.2220187e-01
 -1.0912701e+00
 -3.1153012e-02
 -1.1767012e+00
  2.0134732e-01
 -1.7318255e-01
 -1.3209327e-01
  6.5898582e-02
 -5.3222591e-01
 -1.6991682e-01
 -3.0445340e-01
 -9.7734076e-01
 -2.3417119e-02
 -9.0771210e-01
  6.6690929e-02
  3.1808195e-01
 -5.1222557e-01
  3.2467499e-01
 -5.9017274e-03
 -4.0659022e-01
  3.7976146e-01
 -1.7932245e-01
 -1.4337349e-01
  3.7418786e-02
 -1.4992284e-02
 -2.0933658e-02
 -3.7995487e-02
 -9.8490091e-03
 -1.0479800e-01
  8.2241753e-03
 -1.5764630e-01
  1.2270237e-01
  4.1438146e-03
  2.9578155e-01
  1.5916982e-01
  3.7528947e-01
  1.0263237e-01
  7.1890362e-02
  4.3275180e-01
 -7.5362600e-02
  2.2569126e-01
 -2.1058695e-01
  5.5289671e-02
 -2.6071760e-01
  7.9217531e-02
 -1.1770660e-01
  3.1845555e-01
 -1.9936533e-01
 -6.3534075e-01
  1.0550684e-01
 -2.2374922e-02
  9.5888905e-02
 -7.0577633e-01
 -1.7038962e-01
  4.2371839e-02
 -4.4631857e-01
 -5.6361560e-02
 -3.3824843e-01
 -1.1968087e-01
 -9.2172824e-02
 -1.8369043e-01
 -2.2070773e-01
 -2.0919859e-01
 -2.9210678e-01
  2.7223095e-01
  1.2403881e-02
  1.1525777e-01
  1.5696889e-01
  7.1325719e-02
  1.5896913e-01
  1.7101653e-01
 -1.1475513e-01
 -1.6020608e-01
 -7.8627788e-02
 -2.5511177e-02
 -1.7325580e-02
 -1.5934455e-01
 -2.1535729e-01
  7.9307310e-02
 -1.4307272e-01
  3.6239263e-01
 -1.8180479e-01
  1.1572731e+00
 -6.1516620e-02
  6.3897926e-01
 -1.1481047e+00
 -1.8090969e-01
  7.2694474e-01
 -6.8147230e-01
  6.5716185e-02
 -3.2147193e-01
 -8.7524867e-03
  2.5503504e-01
 -1.4109889e-01
  4.5914277e-03
 -1.7113259e-01
 -1.3746320e-01
  3.0353808e-01
 -2.1400857e-01
  1.1277625e-01
  5.9037313e-02
 -3.9465496e-01
  6.9983929e-02
  4.8886668e-02
  1.8211602e-01
 -1.5739769e-01
 -1.9060903e+00
  1.3241249e-01
 -4.4688702e-01
 -3.6064190e-01
 -1.9690540e-01
  1.5973815e-01
 -3.2120374e-01
  3.3255700e-02
  9.0798512e-02
  1.5343404e-01
 -3.6843468e-02
 -2.5801614e-02
 -4.7568876e-01
  2.4046923e-01
 -3.4710011e-01
  7.9983391e-02
 -1.5104814e-01
 -3.9350387e-01
  1.0047502e-01
  1.6569811e-01
  1.0374615e-01
 -1.4108154e-01
 -3.5957746e-02
 -9.5490806e-02
 -4.0524137e-01
 -1.4792664e-01
  1.1819863e-01
 -9.6423462e-02
  2.4920306e-01
 -5.3831179e-02
 -1.2371542e-01
  8.7282732e-02
 -3.9195663e-01
 -2.0304240e-02
  5.4378343e-01
 -2.3894157e-01
  1.7304176e-01
  8.7601230e-02
  1.6292464e+00
  9.1267830e-01
  4.2295032e-03
 -1.2852147e+00
  3.0705342e-01
 -2.0490804e-01
 -2.4403657e-01
  1.8362619e-02
  3.3944482e-01
  5.6131240e-02
  5.2842442e-02
 -2.2222550e-01
 -1.3812411e-01
  2.7962226e-01
 -1.1742779e-01
 -7.9668663e-02
 -2.8477168e-01
 -1.9201364e-01
 -3.9620053e-02
 -1.1031978e-01
 -1.5776937e-01
  2.8985921e-02
  2.9518768e-01
  1.5305766e-01
 -8.5199880e-04
 -1.9178148e-01
 -1.0659937e+00
 -2.8223630e-02
 -2.2129427e-01
  4.9926478e-01
  4.4258438e-02
 -2.2171705e-03
 -2.7573833e-02
 -2.7760969e-02
  3.0328145e-02
 -6.8547286e-02
 -2.0390570e-02
  1.3143241e-01
  4.8376597e-02
 -3.7699699e-02
 -1.2375265e-01
  2.9717624e-01
  2.7529454e-01
 -1.2374870e-01
 -9.6440800e-03
  2.8541419e-01
 -2.0139240e-01
  9.2415906e-02
 -1.3049309e-01
 -7.2440647e-02
  1.3391773e-01
  1.8865262e-01
 -2.0621742e-01
 -8.9630634e-02
 -3.0082282e-02
 -8.8796943e-02
 -2.5451580e-01
  3.6357410e+00
  7.3034070e-02
 -1.3068575e-01
 -1.4033896e+00
 -1.4191591e+00
  7.2888993e-02
  2.5564227e+00
  7.0691548e-02
 -5.6745097e-02
  1.8759677e-02
  8.1149228e-02
 -3.2708937e-01
 -2.2103950e-01
 -3.5043520e-01
 -8.9998834e-02
 -2.5956672e-02
  1.3219498e-01
  2.0947185e-01
  7.0032820e-02
  1.6369466e-01
  2.5612611e-01
 -5.7883669e-02
  1.7300049e-02
 -8.9212978e-04
 -1.3645531e-01
  1.0011405e-01
  2.5329119e-01
  1.4631464e-01
 -1.0244095e-01
  1.9471723e-01
  2.4505635e-01
 -4.0151116e-01
  1.9561668e-01
 -1.3492560e+00
 -5.4924047e-01
  4.7233653e-01
  1.0746714e-01
 -1.1877146e+00
  9.2228919e-01
  1.2285132e+00
 -6.1567336e-01
 -1.4917461e+00
 -6.0106868e-01
 -9.0711921e-01
 -4.0639319e-02
  1.0220619e+00
 -2.1077387e+00
 -8.4152572e-02
 -1.5467760e-01
  6.1538750e-01
 -1.0813324e-01
 -1.6811873e-01
 -1.8734202e-01
 -5.1937336e-01
 -1.1880458e-01
  1.0662096e+00
 -8.7973803e-01
  6.5003246e-01
 -4.0624070e-01
 -1.3182798e-01
  1.5122499e+00
 -5.6476772e-01
 -4.6554688e-01
 -7.6318413e-02
  3.3681691e-01
 -4.9493119e-01
  9.2856663e-01
  3.8321689e-01
 -2.3166470e-01
 -4.2087185e-01
  2.2461295e+00
  1.7595723e-01
  4.6149317e-02
 -1.2187327e-01
  2.3925412e-01
  5.1038033e-01
 -4.4035718e-01
  2.6541305e-01
  1.1960634e-02
  9.5738806e-02
  7.4536991e-01
 -4.1952392e-01
  3.7760210e-01
  1.3266794e-01
 -2.2935812e-01
 -4.1514692e-01
  5.5008632e-01
 -2.2087076e-03
  1.7761733e-01
  4.1793372e-02
 -7.2588319e-01
 -4.4194406e-01
 -2.7002263e-01
 -9.5004439e-01
 -2.9827350e-01
 -6.0855120e-02
  6.2568074e-01
  1.5314074e-01
 -4.0795916e-01
 -1.8453635e-01
 -2.8892356e-01
  1.0950886e-01
  1.0936334e-01
 -3.2141191e-01
  1.5176579e-01
  3.5248271e-01
 -1.8400109e-01
  4.6467325e-01
  4.6729374e-01
 -1.4815064e-01
 -4.2178652e-01
 -1.6176270e-01
 -1.8255521e-02
  4.3167940e-01
 -1.8998162e-01
 -1.1827387e-01
  1.9929126e-01
  2.2640488e-01
 -1.5413508e-01
  1.8250886e-01
 -5.4106727e-02
 -4.6173453e-01
 -6.3356586e-02
 -8.0608743e-01
 -1.1127191e+00
 -2.7844316e-01
 -6.4484313e-02
 -1.3272107e+00
 -5.0528832e-02
  1.0247332e-01
 -1.5425732e+00
  3.1971246e-01
  9.3752164e-01
  4.8921585e-01
 -8.4803522e-01
 -3.8486528e-01
 -7.0295632e-01
  7.4939007e-01
 -2.4474803e-01
 -5.9226674e-01
 -1.0218097e+00
  8.3991790e-01
 -1.1868265e+00
 -1.8387257e-01
  1.9356433e-01
 -8.8249922e-01
 -7.8299850e-01
 -5.3982633e-01
 -6.4062193e-02
  1.2005862e-01
  1.0815495e-01
 -5.7038081e-01
 -2.3076613e-02
 -9.9915898e-01
 -5.8524638e-02
  5.1452678e-01
 -4.1284546e-01
  7.2244378e-03
 -4.8598757e-01
  8.8497204e-01
 -2.4016318e+00
  1.3223388e+00
  8.3881897e-01
  5.0856876e-01
  1.9337076e-01
  7.4716020e-01
 -1.4199387e+00
  3.7878826e-01
 -2.2153789e-01
  2.0975670e-01
  6.1499391e-02
 -2.4498627e-01
  2.9007924e-01
 -4.2517942e-01
  6.2866233e-02
  1.5655072e-01
  3.9635786e-01
  2.6523983e-01
  2.8590024e-02
 -8.5794255e-02
 -4.5644388e-01
 -2.5136094e+00
  2.6896030e-02
  5.6259698e-01
  7.5876188e-01
  2.0482901e-01
 -1.4795352e+00
  4.3800572e-01
 -5.3185202e-02
 -2.7070379e-01
  9.4120301e-02
  3.3918324e-01
  1.9547053e-01
 -1.5558380e-01
 -4.2779129e-02
  1.6394565e-01
  1.1350199e-01
  2.3329316e-01
 -1.2972389e-01
  1.1909249e-02
  1.6364652e-01
 -5.9529352e-01
 -1.0686826e-01
 -1.4971311e-01
 -1.5918285e-01
 -1.9155154e-01
 -3.7990251e-01
 -9.7655831e-03
  1.5265991e-01
 -1.8656489e-01
 -8.3145939e-02
  1.9267088e-02
  3.0574414e-01
 -3.4479316e-02
 -1.6191001e+00
  1.2068398e+00
 -3.2321360e+00
 -6.5408267e-02
  7.3875412e-02
  9.9179161e-01
 -1.2891050e-01
  2.9486263e-01
 -1.0222746e-01
  7.1413279e-01
 -1.1396777e-01
  3.6170390e-01
  1.0417207e+00
 -2.0320435e-01
  2.0711240e-01
  1.1851553e+00
 -2.4667852e-01
  8.9543867e-01
 -3.0926299e-01
  1.7571083e-01
  3.2808700e-01
  6.4307535e-01
  1.6035801e+00
  3.7870830e-01
  1.3034821e-01
 -1.9088097e-01
  8.5029477e-01
  4.0462559e-01
 -1.5815185e-02
 -1.7238522e+00
  1.6115466e+00
  2.1749362e-03
  3.9381337e-01
 -1.0311391e+00
  5.5322337e-01
  1.1379506e-02
 -2.7584794e-01
  1.4148026e+00
  4.5434791e-01
  5.9923410e-01
  4.3302286e-01
  3.0961296e-02
 -1.1300929e-01
 -4.6339622e-01
 -3.8555273e-01
 -9.8416299e-01
 -1.4889644e-01
 -2.9273865e-01
 -3.3866668e-01
  6.2225893e-02
 -4.9610764e-02
  5.5294558e-02
  5.2078617e-01
 -3.3307523e-01
 -2.8666314e-01
  1.6573551e-01
  1.5620573e-01
 -1.3978521e-02
  1.5902992e-01
 -1.3893322e+00
  1.1767317e+00
 -7.4807078e-01
  2.8349538e+00
  2.3297325e-01
 -1.6423443e-01
  1.0647143e+00
 -6.8121463e-01
  3.1006850e-02
  3.7375528e-01
 -4.3033561e-01
 -2.0230439e-01
  4.0864474e-01
  2.2065455e-01
  2.7506905e-02
  3.7039933e-01
  3.2931036e-01
  8.4622002e-01
  4.5041063e-01
  8.2995564e-01
 -1.5385516e-01
  7.7439792e-02
  8.2096511e-01
 -4.8765588e-01
  3.9037320e-01
  2.9387224e-02
  1.5006447e-01
  4.6768132e-01
  3.9920112e-01
  3.5609388e-01
  3.8524163e-01
  1.8208914e-01
  2.6037290e+00
 -7.5026309e-01
  8.7518714e-02
  1.6290684e-01
  2.9054513e-02
 -1.2357532e-01
 -1.1995055e-01
 -1.2761529e-01
 -6.0398545e-02
 -4.7267824e-01
 -2.2389436e-01
 -2.1489371e-02
 -1.0562357e-01
 -2.6016364e-01
 -3.1356862e-01
 -2.3458520e-01
 -2.6830062e-02
  6.1546955e-02
  4.9393520e-01
  2.5350958e-01
 -2.2566837e-01
 -1.8256451e-01
 -4.1974324e-01
 -3.8633406e-01
 -5.1737350e-01
  3.3684102e-01
 -2.5720581e-01
  1.1016829e-01
  3.6043108e+00
 -6.5064299e-01
  1.3887359e+00
 -1.4962205e+00
 -5.6888586e-01
 -3.3117560e-01
  3.1531638e-01
 -3.3000287e-01
  1.1302342e-01
 -1.3668187e+00
  2.3690790e-01
 -8.4660244e-01
 -7.6493567e-01
 -1.0704141e+00
 -2.3747848e-01
 -2.3262486e-01
  1.3051239e-01
  3.9165092e-01
  6.3785094e-01
  2.7786934e-01
 -1.3221382e-01
  1.1606969e-01
  2.5968084e-01
 -1.6000131e+00
 -3.3359218e-02
 -2.8507951e-01
 -5.6248003e-01
 -9.4843350e-02
  2.6045296e-01
 -4.5699507e-01
 -1.9559283e-02
  1.6252840e+00
  6.0647283e-02
 -1.0220183e-01
  4.9384411e-02
  2.3664647e-01
 -1.6589040e-01
 -4.9419799e-01
  6.8476629e-01
  1.2120374e-01
  6.8835087e-02
 -8.9114375e-02
  9.3749844e-02
  1.8138663e-01
  1.7764330e-01
  1.4123857e-02
  5.7990569e-01
  1.3872887e-01
  1.5220827e-01
 -1.2113795e-01
 -2.2731993e-01
  2.4431209e-01
 -8.7801162e-03
  1.5267183e-01
 -1.7598873e-01
 -3.6016136e-01
 -1.4913654e-01
  4.3609193e-01
 -1.3454367e-01
  6.4592607e-02
  2.8258243e-01
  6.0165799e-01
 -4.8949301e-01
 -3.9730605e-01
 -3.8289338e-01
  1.9039965e-01
  2.6811677e-01
  6.5732509e-01
  2.2502372e-01
  1.6975877e-01
 -1.1656802e-01
 -1.9086903e-01
 -3.3968571e-01
 -8.1483819e-02
  2.1016097e-02
 -1.8141940e-01
 -2.7127776e-01
 -2.3187938e-01
 -3.9971028e-02
 -2.2504224e-01
 -1.1488735e-01
 -1.6792862e-01
 -1.2956986e-01
  6.6481933e-02
 -1.2380858e-04
 -8.6199092e-03
  1.9094554e-01
  7.3085293e-02
  2.5170583e-01
  2.8409258e-01
 -2.3667255e-01
  3.8631111e-01
 -3.1438407e-01
  5.4972154e-01
 -5.8240521e-01
 -5.6356037e-01
  2.8611228e-01
  1.9095376e-01
 -3.4117246e-01
  5.1086587e-01
  1.7779225e-01
  8.1809871e-02
 -8.7132120e-01
 -6.5824308e-02
  1.0691106e-01
 -2.5555640e-01
  1.3259375e+00
  1.9059956e-01
  2.8827584e-01
 -1.4584962e-01
 -2.0741309e-01
  1.1245446e-01
 -3.5304588e-01
 -1.0181998e-01
 -3.0843312e-01
  6.8429589e-02
 -1.5314345e-01
 -3.0629662e-01
 -5.7919842e-01
 -2.9923937e-01
 -4.3214989e-01
  6.5002985e-02
  7.7099696e-02
 -1.3099702e-01
  2.7823776e-01
 -3.3706976e-03
  2.6812044e-01
 -2.0403047e-01
  2.5615411e-02
 -1.3050306e-01
  8.4095716e-02
  2.2085936e-01
  3.0688450e-01
 -6.9406249e-02
  1.3387303e-01
 -2.8572288e-01
  9.0984493e-02
 -1.7747319e-01
 -4.1537893e-01
 -3.9210923e-02
  5.8025301e-02
  1.4209685e-01
 -3.7553426e-02
 -1.7070135e-01
 -9.1623537e-02
 -2.9141754e-01
  3.4589583e-01
 -1.5068481e+00
  1.6379720e-01
 -1.6425635e-01
 -4.1273671e-01
  2.2272606e-01
 -2.8854260e-01
  2.4992444e-01
 -8.8051036e-03
 -5.9124422e-01
  2.8900492e-01
  2.8928269e-02
  1.4506902e-01
 -7.5935058e-02
 -3.2725243e-03
  1.2948863e-01
 -7.7141505e-01
 -3.6779660e-01
  1.0801924e-01
 -2.5302064e-01
  1.8997408e-01
  7.6471515e-02
 -1.0482764e-01
  5.5365491e-01
  1.4612195e-01
 -2.4509451e-01
 -2.3131619e-01
  2.6717758e-01
 -1.4848469e-01
  1.0424814e-01
  1.3961434e-01
 -2.6717708e-01
  4.3918584e-02
  1.4644355e-01
 -3.3672395e-01
 -4.1472524e-01
  1.1973021e-01
  1.2440878e+00
 -2.7022079e-01
 -4.1904833e-02
  2.5755671e-01
 -3.8221631e-02
 -4.9155557e-01
  1.8455631e-01
 -1.7275275e-03
 -1.3304678e-01
  9.9957764e-02
  2.2648785e-01
  2.7179712e-01
 -1.2538783e-01
  2.9561436e-02
  1.1102742e-01
  3.4566142e-02
 -1.8157031e-01
 -1.4244589e-01
  1.5344179e-01
  9.5714685e-03
  8.9507066e-02
  2.7506424e-02
  3.3548343e-01
 -2.3128231e+00
  4.7200937e-02
  2.8771287e-02
  1.8456195e-01
  1.2393117e+00
 -3.5173506e-01
 -9.7512022e-02
 -8.2490645e-02
  2.9624140e-01
 -1.1050895e+00
  2.3238391e-01
  2.4026813e-02
  1.7013095e-01
  2.3565413e-01
 -2.6291769e-03
  2.9427657e-01
  9.2973344e-02
 -2.1782861e+00
 -1.2098386e-02
 -1.6213578e-01
  6.5459418e-03
  1.2302389e-01
 -4.2119908e-01
  2.8357875e-02
 -1.1289361e-02
 -2.0717292e-01
 -6.8654135e-02
  3.4138993e-03
 -2.2052844e-01
 -1.2758356e-01
  5.7164896e-03
  1.9968180e-01
  1.5946124e-01
 -5.7682820e-02
 -1.9023333e-01
 -2.4215140e+00
 -2.0122046e+00
 -9.5324403e-01
 -1.9326875e-01
 -4.2378339e-01
 -1.3181682e-01
  7.5682998e-01
  6.8417084e-01
 -5.3510809e-01
 -3.9612791e-01
  1.5025841e+00
 -1.3898641e+00
  4.8488970e+00
 -7.1442944e-01
  5.0387424e-01
  1.4555438e-02
  7.0197737e-01
 -4.0646631e-01
  6.8792135e-01
  5.1577240e-02
  9.6564867e-02
 -1.6383411e+00
  3.9207315e-01
  3.5159197e-01
  2.2772615e-01
 -8.4081329e-02
 -9.4781794e-02
  4.9759939e-01
  1.7078568e-01
 -5.6265388e-02
  1.5342762e-02
  1.9880682e-01
 -3.6104226e-01
  4.9238719e-02
 -9.9125728e-02
  3.5369921e-01
 -6.9094144e-02
 -7.2271831e-02
 -2.7444169e-01
  5.1382643e-01
  4.8949817e-01
 -2.6701925e-02
 -4.0218410e-01
 -5.9856344e-02
 -3.5110557e-01
 -8.8481583e-02
 -6.6573960e-03
  1.9016233e-01
 -1.4360161e-01
 -3.8108960e-01
  1.0825987e-01
  2.1759029e-02
  3.9724874e-01
 -2.0823602e-01
  2.5392506e-01
  2.9318910e-02
 -2.3618342e-01
  1.0303033e-01
  3.1552318e-01
 -9.5252180e-01
 -1.0701076e-01
  8.5023627e-02
  1.0271749e-01
  3.1441158e-01
 -6.5712333e-02
  4.1300043e-02
  2.7213365e-01
  4.6575081e-02
 -1.3697694e-01
 -9.8940305e-02
  2.2652954e-01
  1.3770728e-01
 -1.2061149e-01
 -2.5455877e-02
 -2.0568474e-01
 -3.1944081e-02
  2.7328995e-01
 -1.2649901e-03
  2.5723109e-01
 -5.7363021e-03
  1.6443392e-02
  3.9347881e-01
 -1.6534215e-01
  1.7250401e-01
  2.5358695e-01
  9.5733911e-02
  3.2233301e-01
  2.6217639e-01
 -9.0516999e-02
  4.0204662e-01
 -4.2550844e-01
 -8.2849421e-02
 -2.6637113e-01
 -4.9849682e-02
  9.0315759e-02
 -1.4030327e-01
  1.6611340e-02
 -3.0211324e-03
 -2.8052559e-01
  5.9576612e-02
 -2.9799941e-01
  1.6989626e-01
  7.1453126e-03
 -8.0668963e-02
  1.0698812e-01
 -1.8878062e-01
  2.0523192e-01
  3.0915058e-01
 -1.1190648e-01
 -3.6865264e-02
 -2.1611154e-01
 -1.9786164e-01
  1.7128019e-01
  3.7500787e-01
  1.0794821e-01
  5.3019393e-02
  2.5338444e-01
  1.7711361e-01
 -1.5591638e-01
  4.6116378e-02
 -1.9785857e-01
 -2.8787732e-01
 -1.4809788e-02
  1.7312862e-01
 -3.1028214e-01
 -2.4888191e-01
  1.0707198e-01
 -9.2606135e-02
  2.5383297e-01
 -7.8038685e-03
 -7.8805310e-01
  1.5747489e-01
 -1.4952265e-01
 -7.8092344e-02
 -9.9061042e-01
 -1.6244993e-01
 -6.7508474e-02
 -4.9311936e-02
  2.4122359e-01
 -1.5892865e-02
 -2.3622094e-03
  2.9155484e-01
  6.4548999e-02
  5.4903831e-02
 -8.9430325e-02
  1.8098244e-01
 -5.7997243e-03
  6.1328951e-02
 -1.6787808e-02
 -2.5288719e-01
  9.9185282e-01
 -6.9196266e-01
 -1.3264962e+00
  6.0064209e-01
 -1.4725069e+00
 -4.1137534e-01
  2.1933959e+00
 -1.2487113e-01
  9.4168264e-01
 -1.5860838e-01
  3.7923050e-01
 -1.4604236e-01
  4.8500714e-01
  9.0833582e-02
 -1.5597227e-01
  8.9579545e-02
 -2.8796017e+00
 -2.2034181e-02
 -1.8302155e+00
 -1.6229482e+00
  2.5155845e-01
 -1.8801713e+00
 -2.2587554e-01
 -2.8614143e-01
 -2.3210944e-01
  1.9200279e-01
 -2.2677740e-01
  2.7123358e+00
 -1.8106157e+00
 -1.8036615e+00
  9.8900759e-01
 -1.2002072e+00
  1.6621604e+00
 -1.0772804e+00
  1.5601225e-01
  1.3710062e-01
 -2.2404876e-01
 -2.7937192e-01
 -1.9412269e-01
  5.1272649e-01
 -7.9781419e-01
 -1.4561003e+00
 -3.5788378e-01
  2.2842690e-02
 -1.6769899e-01
 -1.0147791e-01
  1.2175075e+00
 -1.3381486e+00
 -1.9932054e+00
  1.6283983e-01
 -4.1656327e-02
 -1.3721561e-01
 -1.3522203e+00
 -1.1362193e+00
  6.3583210e-02
  2.3453331e+00
 -8.7003958e-01
 -6.0565025e-01
 -1.5596507e+00
 -9.8417890e-01
 -7.9248405e-01
  6.5820366e-02
  1.4900584e+00
  5.7759076e-02
  1.6294657e+00
 -6.0831225e-01
  1.6054119e+00
  1.2350689e-01
 -8.0399489e-01
 -3.9645493e-01
  2.4026828e-01
  1.9064549e+00
 -1.1317931e+00
  1.7867831e+00
 -3.6809808e-01
  1.3715263e-01
  1.2576374e-01
  2.0926020e+00
  1.2505543e-01
  3.4127977e-02
 -1.2991468e+00
 -6.4207077e-01
 -1.7993190e+00
  2.1553858e-01
 -3.8413626e-01
 -7.3496830e-01
 -3.6794159e-01
  7.4926540e-02
  1.3368418e+00
  5.6528699e-01
 -4.2526072e-01
  1.8244079e-01
 -4.2883620e-01
  1.1890347e+00
 -4.0461998e-02
  7.6051600e-02
 -1.2394280e+00
 -1.4006218e-01
  1.0502971e+00
 -3.7077752e-01
  6.4036272e-02
 -6.0653913e-01
 -3.3500277e-02
  7.6584108e-02
 -6.9130310e-03
 -1.4480251e-01
  1.7576814e+00
 -7.1317750e-01
 -1.3263187e+00
  1.5215256e+00
  2.2618152e-01
  3.9119428e-01
  1.5360621e+00
 -2.5479919e-01
  1.3771491e-01
 -1.8711226e-02
 -1.4620295e-01
  1.4873940e-01
  8.1007195e-01
 -7.1956694e-01
 -1.6802208e+00
  5.5195493e-01
 -1.5458899e+00
  5.8494892e-02
  1.5391307e-01
 -1.0274210e-01
  4.3347251e-01
  7.6502383e-01
 -1.2805492e+00
 -5.9804846e-02
  1.8989479e-02
 -6.7103106e-01
 -6.9818431e-01
 -2.3921631e-01
  5.4128647e-02
  2.4108800e-01
  8.0426472e-01
  4.8943746e-01
  9.5942414e-01
 -1.5734371e+00
  4.2763653e-01
  5.1170427e-01
 -2.5118496e+00
 -8.0406803e-01
  7.9155678e-01
 -1.6038655e-01
 -4.6987182e-01
  6.7786299e-02
 -7.3774189e-02
 -2.7906466e-01
  3.3549741e-02
 -3.7651715e-01
 -9.2050338e-01
  4.6760958e-01
  6.4458805e-01
 -1.3758253e-01
  4.9427684e-02
 -7.9902935e-01
  9.0386190e-02
 -2.5300372e+00
 -4.5574760e-01
  6.6864753e-01
  1.5934533e-01
 -2.7178936e+00
 -9.1513550e-01
 -7.1878451e-01
 -1.4275558e+00
 -9.8015350e-01
  4.1287947e+00
 -6.8027586e-01
  2.6673069e+00
  2.5094664e+00
  1.9945095e+00
  7.0634091e-01
  1.8578196e+00
 -2.0327060e+00
 -1.9027821e+00
 -4.9765670e-01
 -1.5683526e+00
  2.1112964e+00
 -2.0847409e+00
  5.4445577e-01
 -8.0753529e-01
  1.4367725e+00
 -1.1345233e+00
 -2.6889458e-01
  1.2166911e+00
  2.7517751e-01
  2.4558496e-01
  3.5785097e-01
 -1.3668691e+00
 -2.3612810e-02
  1.4892203e-01
 -8.6041135e-01
 -1.7397298e+00
  1.7498934e+00
 -7.9053693e-02
  1.9566098e-01
  5.1630646e-01
  1.6380312e+00
 -6.1501151e-01
 -1.4156133e-01
  2.2673917e-01
  2.3264782e-01
  1.9987004e+00
 -8.6652696e-01
  5.4992658e-01
  8.1146425e-01
 -6.6015840e-02
 -1.2053913e+00
 -3.1434405e-01
 -4.6560302e-01
 -3.8029179e-01
 -7.0155245e-01
 -2.1917240e-01
 -6.0505247e-01
  6.1958164e-01
 -3.0390489e+00
 -1.6683044e+00
  1.9157325e+00
  1.6238796e+00
 -2.4880002e+00
  1.8125088e+00
 -1.1488953e+00
 -9.5009017e-01
  1.0964593e+00
 -1.0226771e+00
 -2.0689447e+00
  5.5949497e-01
 -4.4026992e-01
 -2.1567030e+00
  1.0623833e+00
  1.5191534e+00
 -7.1041799e-01
 -4.8619367e-02
  3.1361682e+00
  1.7334749e+00
  8.7530500e-01
 -6.0066402e-01
 -3.3799803e-01
  4.6389246e-01
  4.8500979e-01
  6.4654249e-01
 -2.4089568e+00
  2.1787967e-01
  8.0282599e-01
 -9.0974677e-01
 -1.4908110e+00
 -5.6312448e-01
 -3.1980748e+00
 -3.0252329e-01
 -8.7953648e-03
 -1.2258355e-01
  9.4109362e-01
  1.6238887e+00
 -6.9047406e-02
 -4.0564954e-01
  6.6964191e-01
  2.9760296e+00
  4.9696347e-01
  2.9740912e-01
 -1.2217880e+00
  1.0787980e-01
  8.8525701e-01
 -1.7346548e+00
 -1.6313274e+00
 -8.3691394e-01
  3.7965977e-01
 -8.5435230e-01
  4.3815935e-01
  9.3820041e-01
  9.3695140e-01
  6.7313290e-01
 -1.1151532e-01
  2.3807620e-01
  1.2846595e-01
 -5.2784002e-01
  7.4875049e-02
 -2.6374207e+00
  1.4484975e+00
 -7.1772182e-01
 -9.2749912e-03
 -1.4024235e+00
 -3.2818687e-01
 -1.1025280e+00
 -1.4897965e-01
 -4.8664850e-01
 -4.0402365e-01
 -5.5387992e-01
  1.2623369e+00
  1.1201171e+00
  1.5994474e-01
 -5.5087370e-01
 -1.5829297e+00
 -5.8560354e-01
 -1.2693608e+00
  5.0153303e-01
 -2.7727142e-01
  2.6215596e+00
  2.6768169e-01
 -3.1066641e-01
 -6.1867195e-01
 -3.1797431e+00
  1.0555986e+00
 -1.0196613e+00
  1.6775879e+00
  1.5707113e+00
  4.2608845e-01
 -1.3853427e+00
  8.3457303e-01
  4.5386076e-01
 -3.5381827e-01
  1.1462668e+00
 -4.1026229e-01
 -1.7859683e+00
 -9.4182628e-01
 -1.3731594e-01
  7.4447334e-01
  1.4799299e+00
  1.0731729e+00
 -1.1093196e-01
 -1.9277524e+00
  3.0400550e+00
  1.7631932e+00
  1.0575552e-01
 -3.4138284e+00
  1.4388099e+00
  1.0991780e+00
  6.2396491e-01
 -1.5552527e+00
  5.9636968e-01
  9.7963251e-02
  4.6549267e-01
  1.0254003e-01
 -8.7057227e-01
 -5.4499733e-01
 -1.6444876e+00
  3.9718542e-01
 -2.1952949e+00
 -1.9061059e-01
 -6.1634099e-01
 -1.4021158e+00
 -1.6662414e+00
  2.2911490e-01
 -9.6395081e-03
  1.3516853e+00
  1.2963909e-01
  2.0366189e+00
  1.6263578e+00
  9.8954666e-01
 -2.3279585e-01
  2.1254585e+00
  1.0762674e+00
 -7.7439308e-01
  3.4773263e-01
  1.3888242e+00
  9.1290867e-01
  1.4017895e+00
  1.6380302e+00
 -5.1723832e-01
  2.1627788e-01
 -1.2723439e+00
 -4.4246653e-01
  2.3513241e+00
  2.8589395e-01
 -1.1802990e+00
 -5.5959892e-01
  2.6095817e+00
 -8.5959446e-01
  7.9077287e-03
  2.4693391e-01
  1.5926108e+00
 -9.8535830e-01
 -8.7707400e-01
 -5.7613958e-02
  9.5050317e-01
 -7.3447537e-01
 -4.3821108e-01
 -2.6428463e-02
 -1.1268039e-01
  1.2115356e+00
 -1.7874835e+00
 -1.0390723e+00
 -2.1921029e+00
  3.0491774e+00
 -2.1819314e-02
 -1.5038091e+00
  4.8506463e-01
  5.5125475e-01
 -1.2075024e+00
  2.8473368e-01
 -9.1465212e-02
  7.8229123e-01
 -3.7295601e-01
 -1.2911446e+00
  1.5238252e+00
 -6.2011355e-01
  1.6920874e+00
  8.9870894e-01
 -2.7968330e+00
 -1.5916921e+00
 -1.3449823e+00
  1.3266366e+00
  5.7928413e-01
 -1.6490872e-01
 -1.4036901e+00
  1.0218401e+00
  6.5930933e-01
  3.7206522e-01
 -8.6727458e-01
  9.8761314e-01
  1.7952365e+00
 -9.8042035e-01
  1.2717884e+00
  9.7497416e-01
  4.5740601e-01
 -1.1856149e+00
  1.4609427e+00
  5.9749448e-01
 -2.9156303e-01
 -3.5502937e-01
  2.6309869e-01
  1.9111800e-01
 -6.1848903e-01
 -2.0955033e+00
 -1.7441664e+00
 -1.0278196e+00
 -3.1930193e-01
 -7.0668513e-01
  3.2705900e-01
  2.2895604e-01
 -1.4516987e-01
  2.8037041e-01
 -2.8788707e-01
 -4.4026518e-01
  3.4096980e-01
 -6.5822166e-01
  8.0600673e-01
  1.0027950e+00
 -9.7528607e-01
  8.0713785e-01
 -6.1230212e-01
  2.8072134e-01
  1.7582901e+00
  3.0616954e-01
  3.4244817e-01
 -1.0525306e+00
 -1.5029705e+00
  5.1480830e-01
  1.6233524e+00
  3.0978537e-01
  1.7980064e+00
 -1.8099158e-01
 -2.6598425e+00
  2.3670399e+00
  3.4336665e+00
  3.5297659e-01
  8.9587575e-01
  1.6673046e-01
  4.8754450e-02
  5.3682435e-01
  1.4979552e+00
 -1.0763100e+00
 -2.3835649e+00
  4.6643168e-01
  2.4473422e+00
 -1.1165881e+00
 -6.6938537e-01
  5.7238676e-02
  1.8388895e+00
  1.3748897e+00
  1.6619274e-01
 -1.7084500e-01
  1.1089447e+00
  9.1744453e-01
  1.2562689e-01
  9.1068637e-01
  1.5839994e+00
 -6.4407653e-01
  1.3365375e+00
 -5.9347534e-01
 -2.7694197e+00
 -5.6337159e-02
 -1.0567137e+00
 -2.1357784e-01
  6.5229845e-01
  1.6686722e+00
 -1.6394728e+00
 -9.1240203e-01
  1.3707033e+00
 -1.8864641e+00
  8.8439000e-01
 -3.6657146e-01
 -1.8538572e-01
 -4.4220909e-01
 -5.3190720e-01
  2.5418031e+00
 -5.0802362e-01
  7.5339007e-01
  1.0239532e+00
  2.6778104e+00
  6.1342847e-01
  1.7886238e+00
  1.1620233e+00
  7.2128499e-01
  1.6629297e+00
 -1.7158257e-02
 -6.6903073e-01
 -4.0515107e-01
  2.7431080e-01
 -1.5173344e-01
 -7.7832967e-01
 -5.6541789e-01
  1.8167647e+00
  1.7927723e-01
 -1.5937689e-01
  8.6795427e-02
 -6.1493760e-01
 -2.1731513e+00
 -9.0202266e-01
 -1.0226064e+00
  2.4768679e+00
  1.9648547e+00
 -2.7761357e+00
  1.5900101e-01
  2.1482430e-01
  1.3924451e+00
  1.5643138e+00
 -5.0604069e-01
  4.6285269e-01
 -2.1541333e-01
 -1.1222111e+00
 -4.0667948e-01
 -4.5093066e-01
  2.5150707e-01
 -5.6087923e-01
 -9.2133832e-01
 -2.8453331e+00
  5.2870989e-01
  1.1167581e+00
  2.2307649e-01
  5.4804814e-01
  2.9780990e-01
  6.0125315e-01
  1.4779800e-01
 -9.7148073e-01
 -5.8767241e-01
 -2.7969933e+00
 -6.7661703e-01
 -4.2971060e-01
 -7.7486992e-01
 -1.6750813e+00
 -5.5171609e-01
 -1.1670356e+00
 -2.4494384e-01
 -5.2436745e-01
  5.5631036e-01
 -2.8865111e+00
 -2.1958451e+00
  2.0660131e+00
  5.5515885e-01
 -1.1818682e+00
 -8.7190133e-01
  2.0772550e-05
 -1.3530763e+00
  2.8180602e-01
  1.7703758e+00
  6.0137878e-03
 -2.5033620e-01
  1.2667346e-01
  1.4479100e+00
  2.0869367e-01
  2.0522599e+00
  1.1584322e+00
 -1.9904929e-01
 -3.2431296e-01
  8.6110735e-01
  3.0246340e-02
  4.2400444e-01
  7.1131313e-01
  7.1853542e-01
  1.3774559e+00
 -7.7470213e-01
 -1.4863914e-01
 -4.4760907e-01
  5.3633773e-01
 -1.2072307e+00
  1.2177993e-02
  3.1843561e-01
  8.4726167e-01
  8.1917477e-01
  1.8713497e-01
  4.9026772e-01
  7.5961030e-01
  7.7628094e-01
  9.8115830e-03
  3.3659869e-01
  1.0891404e+00
  5.2887046e-01
 -4.7001573e-01
  3.4049083e-02
  3.4049083e-02
  3.4049083e-02
  3.4049083e-02
  3.4049083e-02
  2.7589235e-01
  2.7589235e-01
  2.7589235e-01
  2.7589235e-01
  2.7589235e-01
  1.2731843e-01
  1.2731843e-01
  1.2731843e-01
  1.2731843e-01
  1.2731843e-01
  2.3199864e-02
  2.3199864e-02
  2.3199864e-02
  2.3199864e-02
  2.3199864e-02
  1.3322240e-02
  1.3322240e-02
  1.3322240e-02
  1.3322240e-02
  1.3322240e-02
  1.5837592e-01
  1.5837592e-01
  1.5837592e-01
  1.5837592e-01
  1.5837592e-01
