 &plot nbnd=  50, nks=   141 /
            0.000000  0.000000  0.000000
  -68.283  -67.745  -67.744  -35.694  -35.689  -35.689  -35.177  -35.177  -35.174  -35.171
  -35.171  -35.169  -14.211  -14.211  -14.209  -14.209  -14.189  -14.187  -14.174  -14.174
  -14.159  -14.159   -3.727   -2.737    2.972    7.010    7.010    7.759    7.759    7.980
    8.033    8.908   11.212   11.212   11.886   12.160   12.160   12.579   13.299   13.299
   13.352   13.352   13.382   14.241   14.781   19.029   19.029   19.787   20.205   20.205
            0.025000  0.014434  0.000000
  -68.283  -67.745  -67.744  -35.694  -35.689  -35.689  -35.177  -35.177  -35.174  -35.171
  -35.171  -35.169  -14.211  -14.211  -14.209  -14.209  -14.189  -14.187  -14.174  -14.174
  -14.159  -14.159   -3.724   -2.735    2.978    6.940    6.994    7.546    7.763    8.040
    8.200    8.957   11.149   11.220   11.915   12.106   12.158   12.628   13.150   13.210
   13.417   13.454   13.478   14.315   14.838   18.918   19.007   19.859   20.031   20.135
            0.050000  0.028868  0.000000
  -68.283  -67.745  -67.744  -35.694  -35.689  -35.689  -35.177  -35.177  -35.174  -35.171
  -35.171  -35.168  -14.211  -14.211  -14.209  -14.209  -14.189  -14.187  -14.174  -14.174
  -14.159  -14.159   -3.713   -2.729    2.994    6.755    6.946    7.265    7.772    8.048
    8.496    9.095   10.999   11.244   11.966   11.985   12.151   12.713   12.992   13.150
   13.415   13.639   13.654   14.507   14.995   18.673   18.945   19.753   19.985   20.010
            0.075000  0.043301  0.000000
  -68.283  -67.745  -67.744  -35.694  -35.689  -35.689  -35.177  -35.177  -35.174  -35.171
  -35.171  -35.168  -14.212  -14.211  -14.209  -14.208  -14.188  -14.187  -14.174  -14.174
  -14.159  -14.159   -3.695   -2.721    3.023    6.500    6.875    6.993    7.781    8.040
    8.781    9.292   10.825   11.283   11.804   12.059   12.130   12.604   13.070   13.152
   13.382   13.853   13.892   14.762   15.225   18.383   18.854   19.465   19.877   20.043
            0.100000  0.057735  0.000000
  -68.283  -67.745  -67.744  -35.694  -35.689  -35.689  -35.177  -35.177  -35.174  -35.171
  -35.171  -35.168  -14.212  -14.211  -14.209  -14.208  -14.188  -14.186  -14.174  -14.174
  -14.159  -14.159   -3.670   -2.709    3.062    6.213    6.729    6.787    7.783    8.009
    9.044    9.499   10.680   11.336   11.633   12.098   12.145   12.411   13.161   13.219
   13.468   14.069   14.181   15.045   15.503   18.079   18.745   19.180   19.745   20.035
            0.125000  0.072169  0.000000
  -68.283  -67.745  -67.744  -35.694  -35.689  -35.689  -35.177  -35.177  -35.174  -35.171
  -35.171  -35.168  -14.212  -14.211  -14.209  -14.208  -14.188  -14.186  -14.173  -14.173
  -14.160  -14.159   -3.638   -2.694    3.112    5.914    6.472    6.690    7.775    7.956
    9.279    9.635   10.633   11.391   11.476   12.071   12.140   12.340   13.124   13.345
   13.726   14.300   14.490   15.344   15.806   17.775   18.626   18.916   19.617   19.986
            0.150000  0.086603  0.000000
  -68.283  -67.745  -67.744  -35.694  -35.689  -35.689  -35.177  -35.177  -35.175  -35.171
  -35.171  -35.168  -14.212  -14.210  -14.209  -14.207  -14.188  -14.186  -14.173  -14.173
  -14.160  -14.158   -3.600   -2.677    3.173    5.615    6.222    6.588    7.755    7.882
    9.477    9.635   10.731   11.351   11.430   11.995   12.080   12.460   13.074   13.516
   14.037   14.545   14.805   15.651   16.110   17.482   18.504   18.691   19.493   19.922
            0.175000  0.101036  0.000000
  -68.283  -67.745  -67.744  -35.694  -35.689  -35.689  -35.177  -35.177  -35.175  -35.171
  -35.170  -35.168  -14.213  -14.210  -14.209  -14.207  -14.188  -14.186  -14.173  -14.173
  -14.160  -14.158   -3.556   -2.659    3.244    5.324    5.979    6.484    7.725    7.788
    9.506    9.656   10.885   11.313   11.430   11.867   12.151   12.616   13.056   13.723
   14.367   14.801   15.116   15.939   16.401   17.215   18.385   18.535   19.374   19.855
            0.200000  0.115470  0.000000
  -68.283  -67.745  -67.744  -35.694  -35.689  -35.689  -35.177  -35.177  -35.175  -35.171
  -35.170  -35.168  -14.213  -14.210  -14.209  -14.207  -14.187  -14.185  -14.172  -14.172
  -14.161  -14.158   -3.506   -2.639    3.326    5.043    5.744    6.382    7.673    7.687
    9.357    9.768   10.911   11.393   11.470   11.790   12.288   12.746   13.122   13.958
   14.706   15.067   15.410   16.128   16.698   17.005   18.271   18.478   19.260   19.784
            0.225000  0.129904  0.000000
  -68.283  -67.745  -67.744  -35.694  -35.689  -35.689  -35.177  -35.177  -35.175  -35.171
  -35.170  -35.168  -14.214  -14.210  -14.208  -14.206  -14.187  -14.185  -14.172  -14.172
  -14.161  -14.158   -3.452   -2.619    3.417    4.777    5.519    6.284    7.538    7.641
    9.195    9.837   10.844   11.333   11.692   11.828   12.476   12.809   13.315   14.214
   15.046   15.343   15.658   16.129   16.890   17.055   18.164   18.536   19.152   19.708
            0.250000  0.144338  0.000000
  -68.283  -67.745  -67.744  -35.694  -35.689  -35.689  -35.177  -35.177  -35.175  -35.171
  -35.170  -35.168  -14.214  -14.210  -14.208  -14.206  -14.187  -14.185  -14.172  -14.172
  -14.161  -14.157   -3.394   -2.600    3.518    4.527    5.306    6.190    7.385    7.592
    9.038    9.865   10.757   11.264   11.752   12.110   12.702   12.850   13.593   14.486
   15.373   15.627   15.804   15.994   16.909   17.455   18.067   18.672   19.049   19.634
            0.275000  0.158771  0.000000
  -68.283  -67.745  -67.744  -35.694  -35.689  -35.689  -35.177  -35.177  -35.175  -35.171
  -35.170  -35.168  -14.215  -14.209  -14.208  -14.205  -14.187  -14.184  -14.171  -14.171
  -14.162  -14.157   -3.332   -2.582    3.624    4.298    5.107    6.103    7.216    7.542
    8.893    9.863   10.667   11.194   11.821   12.411   12.925   12.956   13.914   14.771
   15.579   15.806   15.913   15.917   17.064   17.887   17.981   18.825   18.951   19.570
            0.300000  0.173205  0.000000
  -68.283  -67.745  -67.744  -35.694  -35.689  -35.689  -35.177  -35.177  -35.175  -35.171
  -35.170  -35.168  -14.215  -14.209  -14.208  -14.204  -14.187  -14.184  -14.171  -14.171
  -14.162  -14.157   -3.268   -2.566    3.731    4.097    4.922    6.023    7.034    7.491
    8.763    9.843   10.581   11.126   11.919   12.638   13.099   13.234   14.256   15.063
   15.421   15.767   16.099   16.209   17.328   17.909   18.325   18.856   18.955   19.522
            0.325000  0.187639  0.000000
  -68.283  -67.744  -67.744  -35.694  -35.689  -35.689  -35.177  -35.177  -35.176  -35.171
  -35.169  -35.168  -14.215  -14.209  -14.208  -14.204  -14.187  -14.184  -14.171  -14.170
  -14.163  -14.156   -3.203   -2.554    3.781    3.981    4.754    5.951    6.843    7.443
    8.648    9.813   10.502   11.064   12.038   12.764   13.393   13.529   14.590   15.192
   15.356   15.650   16.379   16.498   17.652   17.854   18.718   18.765   19.077   19.502
            0.350000  0.202073  0.000000
  -68.283  -67.744  -67.744  -35.694  -35.689  -35.689  -35.177  -35.177  -35.176  -35.171
  -35.169  -35.168  -14.216  -14.209  -14.209  -14.204  -14.187  -14.184  -14.170  -14.170
  -14.163  -14.156   -3.138   -2.546    3.674    4.051    4.604    5.888    6.648    7.399
    8.550    9.780   10.432   11.009   12.171   12.851   13.744   13.840   14.809   15.008
   15.589   15.638   16.638   16.776   17.819   18.002   18.679   18.906   19.210   19.581
            0.375000  0.216506  0.000000
  -68.283  -67.744  -67.744  -35.694  -35.689  -35.689  -35.177  -35.177  -35.176  -35.171
  -35.169  -35.168  -14.216  -14.209  -14.209  -14.203  -14.186  -14.183  -14.170  -14.169
  -14.164  -14.156   -3.075   -2.543    3.540    4.176    4.475    5.833    6.454    7.360
    8.467    9.749   10.372   10.961   12.316   12.928   14.109   14.163   14.677   14.992
   15.725   15.894   16.864   17.028   17.803   18.347   18.613   18.796   19.208   19.529
            0.400000  0.230940  0.000000
  -68.283  -67.744  -67.744  -35.694  -35.689  -35.689  -35.177  -35.177  -35.176  -35.171
  -35.169  -35.168  -14.216  -14.209  -14.209  -14.203  -14.186  -14.183  -14.170  -14.169
  -14.164  -14.156   -3.017   -2.544    3.422    4.299    4.377    5.788    6.266    7.326
    8.399    9.720   10.322   10.921   12.467   13.001   14.437   14.472   14.494   14.952
   16.012   16.093   17.051   17.243   17.792   18.479   18.605   18.649   19.256   19.268
            0.425000  0.245374  0.000000
  -68.283  -67.744  -67.744  -35.694  -35.689  -35.689  -35.177  -35.177  -35.176  -35.171
  -35.169  -35.168  -14.217  -14.209  -14.209  -14.203  -14.186  -14.183  -14.170  -14.168
  -14.164  -14.156   -2.965   -2.549    3.328    4.270    4.451    5.753    6.091    7.300
    8.347    9.697   10.284   10.890   12.621   13.064   14.283   14.564   14.829   15.090
   16.194   16.300   17.195   17.414   17.777   18.162   18.701   18.835   19.068   19.411
            0.450000  0.259808  0.000000
  -68.283  -67.744  -67.744  -35.694  -35.689  -35.689  -35.178  -35.177  -35.176  -35.171
  -35.169  -35.168  -14.217  -14.209  -14.208  -14.202  -14.186  -14.183  -14.169  -14.168
  -14.165  -14.156   -2.923   -2.556    3.260    4.209    4.567    5.728    5.943    7.280
    8.310    9.680   10.256   10.868   12.771   13.103   14.131   14.502   15.161   15.425
   16.168   16.480   17.266   17.502   17.830   17.994   18.814   18.910   18.993   19.221
            0.475000  0.274241  0.000000
  -68.283  -67.744  -67.744  -35.694  -35.689  -35.689  -35.178  -35.177  -35.176  -35.171
  -35.169  -35.168  -14.217  -14.209  -14.208  -14.202  -14.186  -14.183  -14.169  -14.167
  -14.165  -14.155   -2.895   -2.562    3.219    4.172    4.653    5.712    5.838    7.268
    8.288    9.669   10.239   10.854   12.906   13.099   14.032   14.430   15.481   15.785
   16.018   16.450   17.250   17.502   17.976   18.092   18.705   18.861   18.935   19.215
            0.500000  0.288675  0.000000
  -68.283  -67.744  -67.744  -35.694  -35.689  -35.689  -35.178  -35.177  -35.176  -35.171
  -35.169  -35.169  -14.217  -14.209  -14.208  -14.202  -14.186  -14.183  -14.169  -14.167
  -14.165  -14.155   -2.885   -2.565    3.205    4.159    4.685    5.707    5.799    7.264
    8.281    9.666   10.234   10.850   12.986   13.067   13.998   14.401   15.749   15.803
   16.024   16.308   17.238   17.494   18.063   18.262   18.622   18.632   18.940   19.385
            0.491667  0.303109  0.000000
  -68.283  -67.744  -67.744  -35.694  -35.689  -35.689  -35.178  -35.177  -35.176  -35.171
  -35.169  -35.169  -14.217  -14.209  -14.208  -14.202  -14.186  -14.183  -14.169  -14.167
  -14.165  -14.155   -2.884   -2.565    3.207    4.161    4.687    5.691    5.802    7.247
    8.298    9.687   10.198   10.888   12.988   13.071   13.997   14.403   15.704   15.726
   16.081   16.341   17.204   17.486   18.080   18.280   18.486   18.762   18.971   19.356
            0.483333  0.317543  0.000000
  -68.283  -67.744  -67.744  -35.694  -35.689  -35.689  -35.178  -35.177  -35.176  -35.171
  -35.169  -35.169  -14.217  -14.209  -14.208  -14.202  -14.186  -14.183  -14.169  -14.167
  -14.165  -14.156   -2.882   -2.565    3.211    4.164    4.692    5.647    5.807    7.198
    8.347    9.750   10.110   10.983   12.994   13.084   13.994   14.410   15.582   15.593
   16.164   16.409   17.120   17.460   18.100   18.348   18.362   18.854   19.074   19.284
            0.475000  0.331976  0.000000
  -68.283  -67.744  -67.744  -35.694  -35.689  -35.689  -35.178  -35.177  -35.176  -35.171
  -35.169  -35.169  -14.217  -14.209  -14.208  -14.202  -14.186  -14.183  -14.170  -14.167
  -14.165  -14.156   -2.878   -2.565    3.220    4.171    4.702    5.581    5.811    7.121
    8.424    9.850   10.000   11.106   13.004   13.106   13.990   14.421   15.418   15.453
   16.222   16.463   17.024   17.416   18.102   18.274   18.464   18.896   19.198   19.228
            0.466667  0.346410  0.000000
  -68.283  -67.744  -67.744  -35.694  -35.689  -35.689  -35.178  -35.177  -35.176  -35.171
  -35.169  -35.169  -14.217  -14.209  -14.208  -14.202  -14.186  -14.183  -14.170  -14.167
  -14.165  -14.156   -2.873   -2.565    3.231    4.179    4.714    5.499    5.813    7.023
    8.521    9.889    9.979   11.239   13.018   13.137   13.983   14.436   15.248   15.300
   16.242   16.464   16.949   17.347   18.103   18.238   18.586   18.889   19.130   19.400
            0.458333  0.360844  0.000000
  -68.283  -67.744  -67.744  -35.694  -35.689  -35.689  -35.178  -35.177  -35.176  -35.171
  -35.169  -35.169  -14.217  -14.209  -14.208  -14.202  -14.186  -14.183  -14.170  -14.166
  -14.165  -14.156   -2.866   -2.565    3.245    4.191    4.731    5.404    5.813    6.910
    8.628    9.788   10.133   11.376   13.036   13.176   13.972   14.453   15.076   15.143
   16.224   16.394   16.908   17.251   18.115   18.265   18.660   18.831   19.134   19.576
            0.450000  0.375278  0.000000
  -68.283  -67.744  -67.744  -35.694  -35.689  -35.689  -35.178  -35.177  -35.176  -35.171
  -35.169  -35.169  -14.216  -14.209  -14.208  -14.202  -14.186  -14.183  -14.170  -14.166
  -14.165  -14.156   -2.858   -2.565    3.263    4.204    4.751    5.300    5.812    6.788
    8.730    9.714   10.305   11.510   13.059   13.225   13.957   14.469   14.910   14.989
   16.175   16.274   16.875   17.130   18.136   18.349   18.661   18.734   19.243   19.754
            0.441667  0.389711  0.000000
  -68.283  -67.744  -67.744  -35.694  -35.689  -35.689  -35.178  -35.177  -35.176  -35.171
  -35.169  -35.169  -14.216  -14.209  -14.208  -14.202  -14.186  -14.183  -14.170  -14.166
  -14.165  -14.156   -2.849   -2.566    3.283    4.219    4.774    5.192    5.809    6.659
    8.804    9.687   10.490   11.639   13.086   13.281   13.933   14.468   14.766   14.840
   16.104   16.132   16.828   16.992   18.141   18.470   18.619   18.657   19.414   19.935
            0.433333  0.404145  0.000000
  -68.283  -67.744  -67.744  -35.694  -35.689  -35.689  -35.178  -35.177  -35.176  -35.170
  -35.169  -35.169  -14.216  -14.209  -14.208  -14.203  -14.186  -14.183  -14.171  -14.166
  -14.165  -14.156   -2.838   -2.567    3.306    4.236    4.802    5.082    5.805    6.529
    8.830    9.727   10.685   11.761   13.117   13.346   13.899   14.406   14.689   14.700
   15.981   16.021   16.764   16.844   18.098   18.460   18.652   18.710   19.613   20.121
            0.425000  0.418579  0.000000
  -68.283  -67.744  -67.744  -35.694  -35.689  -35.689  -35.178  -35.177  -35.176  -35.170
  -35.169  -35.169  -14.216  -14.209  -14.208  -14.203  -14.186  -14.183  -14.171  -14.166
  -14.165  -14.156   -2.827   -2.568    3.332    4.254    4.832    4.972    5.797    6.399
    8.806    9.836   10.887   11.874   13.153   13.415   13.851   14.273   14.575   14.691
   15.829   15.934   16.684   16.692   18.007   18.322   18.826   18.828   19.825   20.311
            0.416666  0.433012  0.000000
  -68.283  -67.744  -67.744  -35.694  -35.689  -35.689  -35.178  -35.177  -35.176  -35.170
  -35.169  -35.169  -14.216  -14.209  -14.208  -14.203  -14.185  -14.183  -14.171  -14.165
  -14.164  -14.156   -2.814   -2.570    3.359    4.273    4.865    4.867    5.787    6.273
    8.749    9.995   11.092   11.978   13.195   13.489   13.785   14.113   14.468   14.726
   15.679   15.851   16.538   16.595   17.891   18.176   18.981   19.023   20.044   20.504
            0.408333  0.447446  0.000000
  -68.283  -67.744  -67.744  -35.694  -35.689  -35.689  -35.178  -35.177  -35.176  -35.170
  -35.169  -35.169  -14.215  -14.209  -14.208  -14.203  -14.185  -14.183  -14.171  -14.165
  -14.164  -14.157   -2.800   -2.573    3.389    4.292    4.762    4.905    5.773    6.151
    8.676   10.187   11.297   12.072   13.241   13.562   13.701   13.947   14.381   14.773
   15.533   15.778   16.386   16.502   17.762   18.029   19.160   19.229   20.267   20.587
            0.400000  0.461880  0.000000
  -68.283  -67.744  -67.744  -35.694  -35.689  -35.689  -35.178  -35.177  -35.176  -35.170
  -35.169  -35.169  -14.215  -14.209  -14.208  -14.203  -14.185  -14.183  -14.172  -14.165
  -14.164  -14.157   -2.785   -2.576    3.419    4.310    4.666    4.946    5.754    6.035
    8.598   10.400   11.499   12.155   13.292   13.603   13.633   13.780   14.311   14.823
   15.393   15.722   16.240   16.410   17.628   17.882   19.353   19.443   20.492   20.662
            0.391666  0.476314  0.000000
  -68.283  -67.744  -67.744  -35.694  -35.689  -35.689  -35.178  -35.177  -35.176  -35.170
  -35.169  -35.169  -14.215  -14.209  -14.208  -14.203  -14.185  -14.183  -14.172  -14.165
  -14.164  -14.157   -2.770   -2.581    3.450    4.328    4.577    4.991    5.731    5.928
    8.522   10.628   11.693   12.228   13.336   13.505   13.611   13.702   14.253   14.867
   15.262   15.687   16.105   16.321   17.492   17.738   19.553   19.661   20.713   20.744
            0.383333  0.490747  0.000000
  -68.283  -67.744  -67.744  -35.694  -35.689  -35.689  -35.178  -35.177  -35.176  -35.170
  -35.169  -35.169  -14.215  -14.209  -14.208  -14.203  -14.185  -14.183  -14.172  -14.165
  -14.164  -14.157   -2.754   -2.586    3.480    4.343    4.498    5.039    5.702    5.832
    8.453   10.866   11.874   12.290   13.310   13.451   13.479   13.757   14.204   14.901
   15.142   15.664   16.001   16.239   17.356   17.595   19.757   19.880   20.821   20.939
            0.375000  0.505181  0.000000
  -68.283  -67.744  -67.744  -35.694  -35.689  -35.689  -35.178  -35.177  -35.176  -35.170
  -35.169  -35.169  -14.214  -14.209  -14.208  -14.203  -14.184  -14.183  -14.172  -14.165
  -14.164  -14.157   -2.737   -2.593    3.508    4.354    4.430    5.091    5.668    5.747
    8.391   11.111   12.036   12.341   13.205   13.293   13.539   13.802   14.159   14.922
   15.037   15.614   15.971   16.167   17.222   17.457   19.960   20.099   20.909   21.152
            0.366666  0.519615  0.000000
  -68.283  -67.744  -67.744  -35.694  -35.689  -35.689  -35.178  -35.177  -35.177  -35.170
  -35.169  -35.169  -14.214  -14.209  -14.208  -14.203  -14.184  -14.183  -14.172  -14.164
  -14.164  -14.157   -2.720   -2.602    3.533    4.361    4.376    5.145    5.626    5.675
    8.340   11.361   12.171   12.380   13.087   13.143   13.620   13.837   14.116   14.936
   14.951   15.515   16.031   16.104   17.091   17.323   20.157   20.315   21.003   21.350
            0.358333  0.534049  0.000000
  -68.283  -67.744  -67.744  -35.694  -35.689  -35.689  -35.178  -35.177  -35.177  -35.170
  -35.169  -35.169  -14.214  -14.209  -14.208  -14.203  -14.184  -14.183  -14.172  -14.164
  -14.164  -14.158   -2.703   -2.612    3.553    4.338    4.361    5.204    5.579    5.619
    8.300   11.614   12.271   12.405   12.976   13.002   13.708   13.860   14.073   14.892
   14.949   15.391   16.054   16.152   16.964   17.195   20.343   20.525   21.103   21.513
            0.350000  0.548482  0.000000
  -68.283  -67.744  -67.744  -35.694  -35.689  -35.689  -35.178  -35.177  -35.177  -35.170
  -35.169  -35.169  -14.214  -14.209  -14.209  -14.203  -14.184  -14.183  -14.172  -14.164
  -14.164  -14.158   -2.686   -2.623    3.566    4.316    4.356    5.265    5.524    5.578
    8.271   11.864   12.325   12.410   12.878   12.883   13.791   13.876   14.027   14.870
   14.966   15.259   16.017   16.306   16.843   17.074   20.511   20.725   21.195   21.589
            0.341666  0.562916  0.000000
  -68.283  -67.744  -67.744  -35.694  -35.689  -35.689  -35.178  -35.177  -35.177  -35.170
  -35.169  -35.169  -14.214  -14.209  -14.209  -14.203  -14.184  -14.183  -14.172  -14.164
  -14.164  -14.158   -2.669   -2.637    3.574    4.312    4.343    5.330    5.464    5.554
    8.254   12.099   12.323   12.389   12.788   12.815   13.861   13.888   13.976   14.895
   14.988   15.130   15.994   16.476   16.728   16.969   20.649   20.910   21.203   21.577
            0.333333  0.577350  0.000000
  -68.283  -67.744  -67.744  -35.694  -35.689  -35.689  -35.178  -35.177  -35.177  -35.170
  -35.169  -35.169  -14.214  -14.209  -14.209  -14.203  -14.184  -14.184  -14.172  -14.164
  -14.164  -14.158   -2.652   -2.652    3.576    4.325    4.325    5.397    5.397    5.547
    8.248   12.270   12.270   12.352   12.770   12.770   13.901   13.901   13.932   14.967
   14.967   15.053   15.985   16.622   16.622   16.911   20.722   21.066   21.066   21.660
            0.316666  0.548482  0.000000
  -68.283  -67.744  -67.744  -35.694  -35.689  -35.689  -35.178  -35.177  -35.177  -35.170
  -35.169  -35.169  -14.214  -14.209  -14.209  -14.203  -14.184  -14.183  -14.172  -14.164
  -14.164  -14.158   -2.689   -2.621    3.572    4.276    4.394    5.249    5.541    5.575
    8.270   12.079   12.115   12.397   12.695   13.074   13.765   13.950   14.010   14.724
   15.132   15.193   16.027   16.453   16.570   17.203   20.328   21.081   21.083   21.453
            0.300000  0.519615  0.000000
  -68.283  -67.744  -67.744  -35.694  -35.689  -35.689  -35.178  -35.177  -35.177  -35.170
  -35.169  -35.169  -14.214  -14.209  -14.208  -14.203  -14.184  -14.183  -14.172  -14.165
  -14.163  -14.158   -2.734   -2.592    3.572    4.223    4.505    5.087    5.650    5.697
    8.332   11.851   11.876   12.303   12.587   13.502   13.589   14.081   14.110   14.479
   15.250   15.361   16.176   16.392   16.413   17.671   19.731   20.578   21.180   21.328
            0.283333  0.490747  0.000000
  -68.283  -67.744  -67.744  -35.694  -35.689  -35.689  -35.178  -35.177  -35.176  -35.170
  -35.169  -35.168  -14.214  -14.210  -14.208  -14.203  -14.184  -14.183  -14.172  -14.165
  -14.163  -14.157   -2.788   -2.568    3.590    4.179    4.637    4.924    5.761    5.863
    8.428   11.622   11.641   12.158   12.444   13.401   13.773   14.217   14.235   14.431
   15.360   15.385   16.278   16.296   16.612   18.169   19.169   19.986   20.954   21.007
            0.266666  0.461880  0.000000
  -68.283  -67.744  -67.744  -35.694  -35.689  -35.689  -35.178  -35.177  -35.176  -35.170
  -35.169  -35.168  -14.214  -14.210  -14.207  -14.203  -14.185  -14.183  -14.172  -14.166
  -14.163  -14.157   -2.848   -2.550    3.633    4.154    4.682    4.864    5.896    6.039
    8.554   11.403   11.420   11.987   12.282   13.212   13.882   14.018   14.377   14.865
   15.260   15.533   16.250   16.341   16.915   18.664   18.752   19.394   20.491   20.610
            0.250000  0.433012  0.000000
  -68.283  -67.744  -67.744  -35.694  -35.689  -35.689  -35.178  -35.177  -35.176  -35.170
  -35.169  -35.168  -14.214  -14.210  -14.207  -14.203  -14.185  -14.183  -14.172  -14.167
  -14.163  -14.157   -2.915   -2.538    3.704    4.155    4.530    5.015    6.049    6.222
    8.704   11.197   11.218   11.802   12.114   13.029   13.777   13.972   14.513   15.142
   15.265   15.704   16.308   16.397   16.980   18.686   18.841   19.074   20.083   20.168
            0.233333  0.404145  0.000000
  -68.283  -67.744  -67.744  -35.694  -35.689  -35.689  -35.178  -35.177  -35.176  -35.171
  -35.169  -35.168  -14.214  -14.211  -14.207  -14.204  -14.185  -14.184  -14.171  -14.168
  -14.163  -14.157   -2.987   -2.532    3.803    4.186    4.362    5.201    6.215    6.412
    8.873   11.008   11.039   11.609   11.947   12.857   13.584   13.981   14.591   15.081
   15.524   15.911   16.301   16.461   16.875   18.396   18.975   19.065   19.753   20.067
            0.216666  0.375277  0.000000
  -68.283  -67.744  -67.744  -35.694  -35.689  -35.689  -35.178  -35.177  -35.176  -35.171
  -35.169  -35.168  -14.214  -14.211  -14.207  -14.204  -14.185  -14.184  -14.171  -14.168
  -14.162  -14.157   -3.063   -2.533    3.918    4.211    4.248    5.398    6.389    6.607
    9.058   10.837   10.887   11.414   11.786   12.700   13.399   13.955   14.543   15.138
   15.691   15.933   16.104   16.528   16.925   18.208   18.685   19.036   19.750   19.948
            0.200000  0.346410  0.000000
  -68.283  -67.744  -67.744  -35.694  -35.689  -35.689  -35.178  -35.177  -35.176  -35.171
  -35.169  -35.168  -14.214  -14.211  -14.207  -14.205  -14.186  -14.184  -14.171  -14.169
  -14.162  -14.157   -3.141   -2.541    3.949    4.181    4.343    5.601    6.569    6.802
    9.251   10.687   10.767   11.219   11.636   12.561   13.226   13.893   14.408   15.145
   15.600   15.843   16.242   16.316   17.047   18.136   18.543   18.658   19.377   20.241
            0.183333  0.317542  0.000000
  -68.283  -67.744  -67.744  -35.694  -35.689  -35.689  -35.177  -35.177  -35.176  -35.171
  -35.170  -35.168  -14.214  -14.211  -14.207  -14.205  -14.186  -14.184  -14.172  -14.170
  -14.162  -14.157   -3.219   -2.553    3.830    4.338    4.471    5.806    6.748    6.997
    9.445   10.558   10.683   11.031   11.498   12.443   13.065   13.803   14.223   14.795
   15.669   15.906   15.997   16.311   17.145   17.810   18.287   18.820   18.971   19.916
            0.166666  0.288675  0.000000
  -68.283  -67.745  -67.744  -35.694  -35.689  -35.689  -35.177  -35.177  -35.175  -35.171
  -35.170  -35.168  -14.214  -14.211  -14.207  -14.206  -14.186  -14.185  -14.172  -14.171
  -14.162  -14.157   -3.295   -2.571    3.692    4.550    4.631    6.008    6.925    7.185
    9.628   10.449   10.626   10.870   11.375   12.351   12.917   13.691   13.943   14.427
   15.464   15.864   16.119   16.226   17.109   17.630   18.085   18.274   19.367   19.711
            0.150000  0.259807  0.000000
  -68.283  -67.745  -67.744  -35.694  -35.689  -35.689  -35.177  -35.177  -35.175  -35.171
  -35.170  -35.168  -14.214  -14.211  -14.207  -14.206  -14.187  -14.185  -14.172  -14.171
  -14.161  -14.157   -3.369   -2.591    3.562    4.793    4.820    6.205    7.094    7.364
    9.786   10.358   10.522   10.821   11.271   12.288   12.780   13.534   13.560   14.198
   15.037   15.877   16.030   16.291   16.914   17.650   17.730   18.135   19.137   20.179
            0.133333  0.230940  0.000000
  -68.283  -67.745  -67.744  -35.694  -35.689  -35.689  -35.177  -35.177  -35.175  -35.171
  -35.170  -35.168  -14.213  -14.211  -14.207  -14.207  -14.187  -14.185  -14.172  -14.172
  -14.161  -14.158   -3.438   -2.614    3.441    5.038    5.060    6.390    7.250    7.529
    9.907   10.274   10.349   10.918   11.191   12.255   12.654   13.091   13.409   14.046
   14.655   15.472   15.996   16.353   16.825   17.211   17.791   18.314   18.886   20.566
            0.116667  0.202072  0.000000
  -68.283  -67.745  -67.744  -35.694  -35.689  -35.689  -35.177  -35.177  -35.175  -35.171
  -35.170  -35.168  -14.213  -14.211  -14.207  -14.207  -14.187  -14.185  -14.173  -14.172
  -14.161  -14.158   -3.502   -2.637    3.334    5.281    5.349    6.559    7.390    7.676
    9.951   10.182   10.204   11.098   11.145   12.250   12.537   12.683   13.240   13.926
   14.337   15.027   15.694   16.319   16.700   16.998   17.984   18.549   18.752   20.517
            0.100000  0.173205  0.000000
  -68.283  -67.745  -67.744  -35.694  -35.689  -35.689  -35.177  -35.177  -35.175  -35.171
  -35.170  -35.168  -14.213  -14.211  -14.208  -14.208  -14.188  -14.186  -14.173  -14.173
  -14.160  -14.158   -3.559   -2.660    3.239    5.546    5.657    6.710    7.509    7.801
    9.795   10.056   10.240   11.144   11.325   12.202   12.417   12.426   13.065   13.826
   14.090   14.578   15.295   16.170   16.220   17.269   18.194   18.762   18.809   20.425
            0.083333  0.144337  0.000000
  -68.283  -67.745  -67.744  -35.694  -35.689  -35.689  -35.177  -35.177  -35.175  -35.171
  -35.171  -35.168  -14.212  -14.211  -14.208  -14.208  -14.188  -14.186  -14.173  -14.173
  -14.160  -14.158   -3.609   -2.681    3.158    5.830    5.979    6.840    7.606    7.904
    9.541    9.879   10.370   11.187   11.573   11.989   12.316   12.444   12.906   13.741
   13.902   14.144   14.878   15.760   15.928   17.581   18.405   18.898   19.083   20.339
            0.066667  0.115470  0.000000
  -68.283  -67.745  -67.744  -35.694  -35.689  -35.689  -35.177  -35.177  -35.174  -35.171
  -35.171  -35.168  -14.212  -14.211  -14.208  -14.208  -14.188  -14.186  -14.173  -14.173
  -14.160  -14.159   -3.651   -2.700    3.091    6.125    6.309    6.951    7.678    7.981
    9.249    9.651   10.540   11.246   11.812   11.840   12.206   12.565   12.795   13.669
   13.704   13.794   14.470   15.328   15.634   17.913   18.603   19.122   19.360   20.257
            0.050000  0.086602  0.000000
  -68.283  -67.745  -67.744  -35.694  -35.689  -35.689  -35.177  -35.177  -35.174  -35.171
  -35.171  -35.168  -14.212  -14.211  -14.209  -14.208  -14.188  -14.186  -14.174  -14.174
  -14.159  -14.159   -3.684   -2.716    3.039    6.421    6.631    7.058    7.728    8.030
    8.930    9.395   10.737   11.269   11.833   12.007   12.099   12.730   12.756   13.362
   13.605   13.667   14.086   14.933   15.331   18.254   18.776   19.396   19.630   20.170
            0.033333  0.057735  0.000000
  -68.283  -67.745  -67.744  -35.694  -35.689  -35.689  -35.177  -35.177  -35.174  -35.171
  -35.171  -35.168  -14.211  -14.211  -14.209  -14.209  -14.189  -14.187  -14.174  -14.174
  -14.159  -14.159   -3.708   -2.727    3.002    6.699    6.880    7.222    7.755    8.050
    8.592    9.151   10.945   11.248   11.948   12.003   12.119   12.746   12.926   13.139
   13.543   13.568   13.744   14.591   15.056   18.590   18.913   19.696   19.868   20.067
            0.016667  0.028867  0.000000
  -68.283  -67.745  -67.744  -35.694  -35.689  -35.689  -35.177  -35.177  -35.174  -35.171
  -35.171  -35.169  -14.211  -14.211  -14.209  -14.209  -14.189  -14.187  -14.174  -14.174
  -14.159  -14.159   -3.722   -2.734    2.979    6.920    6.986    7.505    7.762    8.042
    8.245    8.973   11.129   11.222   11.923   12.091   12.156   12.642   13.134   13.177
   13.462   13.463   13.484   14.339   14.856   18.886   18.999   19.877   19.995   20.111
            0.000000  0.000000  0.000000
  -68.283  -67.745  -67.744  -35.694  -35.689  -35.689  -35.177  -35.177  -35.174  -35.171
  -35.171  -35.169  -14.211  -14.211  -14.209  -14.209  -14.189  -14.187  -14.174  -14.174
  -14.159  -14.159   -3.727   -2.737    2.972    7.010    7.010    7.759    7.759    7.980
    8.033    8.908   11.212   11.212   11.886   12.160   12.160   12.579   13.299   13.299
   13.352   13.352   13.382   14.241   14.781   19.029   19.029   19.787   20.205   20.205
            0.000000  0.000000  0.015819
  -68.283  -67.745  -67.744  -35.694  -35.689  -35.689  -35.177  -35.177  -35.174  -35.171
  -35.171  -35.169  -14.211  -14.211  -14.209  -14.209  -14.189  -14.187  -14.174  -14.174
  -14.159  -14.159   -3.726   -2.738    2.977    7.012    7.012    7.758    7.758    7.848
    8.157    8.913   11.207   11.207   11.887   12.161   12.161   12.564   13.245   13.245
   13.394   13.418   13.418   14.240   14.796   18.990   18.990   19.713   20.136   20.136
            0.000000  0.000000  0.031638
  -68.283  -67.745  -67.744  -35.694  -35.689  -35.689  -35.177  -35.177  -35.174  -35.171
  -35.171  -35.169  -14.211  -14.211  -14.209  -14.209  -14.189  -14.187  -14.174  -14.174
  -14.159  -14.159   -3.723   -2.744    2.991    7.015    7.015    7.687    7.754    7.754
    8.294    8.928   11.193   11.193   11.888   12.165   12.165   12.524   13.186   13.186
   13.424   13.516   13.516   14.243   14.840   18.884   18.884   19.551   19.986   19.986
            0.000000  0.000000  0.047458
  -68.283  -67.745  -67.744  -35.694  -35.689  -35.689  -35.177  -35.177  -35.174  -35.171
  -35.171  -35.169  -14.211  -14.211  -14.209  -14.209  -14.189  -14.187  -14.174  -14.174
  -14.159  -14.159   -3.718   -2.753    3.015    7.020    7.020    7.520    7.748    7.748
    8.418    8.955   11.170   11.170   11.888   12.167   12.167   12.471   13.146   13.146
   13.455   13.623   13.623   14.261   14.904   18.731   18.731   19.361   19.801   19.801
            0.000000  0.000000  0.063277
  -68.283  -67.745  -67.744  -35.694  -35.689  -35.689  -35.177  -35.177  -35.174  -35.171
  -35.171  -35.169  -14.211  -14.211  -14.209  -14.209  -14.189  -14.187  -14.174  -14.174
  -14.159  -14.159   -3.710   -2.766    3.049    7.027    7.027    7.350    7.740    7.740
    8.526    8.996   11.142   11.142   11.884   12.164   12.164   12.416   13.127   13.127
   13.475   13.738   13.738   14.307   14.980   18.552   18.552   19.164   19.597   19.597
            0.000000  0.000000  0.079096
  -68.283  -67.745  -67.744  -35.694  -35.689  -35.689  -35.177  -35.177  -35.174  -35.171
  -35.171  -35.169  -14.212  -14.212  -14.208  -14.208  -14.189  -14.187  -14.174  -14.174
  -14.159  -14.159   -3.701   -2.781    3.092    7.037    7.037    7.178    7.730    7.730
    8.615    9.050   11.109   11.109   11.872   12.152   12.152   12.369   13.133   13.133
   13.478   13.860   13.860   14.386   15.062   18.357   18.357   18.969   19.384   19.384
            0.000000  0.000000  0.094915
  -68.283  -67.745  -67.744  -35.694  -35.689  -35.689  -35.177  -35.177  -35.174  -35.171
  -35.171  -35.169  -14.212  -14.212  -14.208  -14.208  -14.189  -14.187  -14.174  -14.174
  -14.159  -14.159   -3.690   -2.800    3.144    7.004    7.048    7.048    7.717    7.717
    8.687    9.116   11.075   11.075   11.849   12.130   12.130   12.338   13.164   13.164
   13.466   13.987   13.987   14.494   15.146   18.155   18.155   18.782   19.167   19.167
            0.000000  0.000000  0.110734
  -68.283  -67.745  -67.744  -35.694  -35.689  -35.689  -35.177  -35.177  -35.174  -35.171
  -35.171  -35.169  -14.212  -14.212  -14.208  -14.208  -14.189  -14.187  -14.174  -14.174
  -14.159  -14.159   -3.677   -2.822    3.205    6.828    7.062    7.062    7.702    7.702
    8.744    9.188   11.040   11.040   11.815   12.098   12.098   12.324   13.218   13.218
   13.447   14.120   14.120   14.626   15.226   17.948   17.948   18.606   18.948   18.948
            0.000000  0.000000  0.126554
  -68.283  -67.745  -67.744  -35.694  -35.689  -35.689  -35.177  -35.177  -35.174  -35.171
  -35.171  -35.169  -14.212  -14.212  -14.208  -14.208  -14.189  -14.186  -14.174  -14.174
  -14.159  -14.159   -3.662   -2.846    3.274    6.653    7.077    7.077    7.686    7.686
    8.793    9.260   11.005   11.005   11.774   12.060   12.060   12.325   13.291   13.291
   13.429   14.258   14.258   14.772   15.299   17.740   17.740   18.447   18.730   18.730
            0.000000  0.000000  0.142373
  -68.283  -67.745  -67.744  -35.694  -35.689  -35.689  -35.177  -35.177  -35.174  -35.171
  -35.171  -35.169  -14.212  -14.212  -14.208  -14.208  -14.189  -14.186  -14.174  -14.174
  -14.159  -14.159   -3.645   -2.872    3.351    6.478    7.094    7.094    7.667    7.667
    8.837    9.326   10.972   10.972   11.729   12.016   12.016   12.332   13.381   13.381
   13.419   14.400   14.400   14.928   15.360   17.534   17.534   18.310   18.512   18.512
            0.000000  0.000000  0.158192
  -68.283  -67.745  -67.744  -35.694  -35.689  -35.689  -35.177  -35.177  -35.174  -35.171
  -35.171  -35.169  -14.212  -14.212  -14.208  -14.208  -14.189  -14.186  -14.174  -14.174
  -14.159  -14.159   -3.627   -2.899    3.436    6.303    7.113    7.113    7.646    7.646
    8.878    9.383   10.942   10.942   11.687   11.971   11.971   12.341   13.424   13.482
   13.482   14.546   14.546   15.087   15.407   17.329   17.329   18.200   18.295   18.295
            0.000000  0.000000  0.174011
  -68.283  -67.745  -67.744  -35.694  -35.689  -35.689  -35.177  -35.177  -35.174  -35.171
  -35.171  -35.169  -14.212  -14.212  -14.208  -14.208  -14.189  -14.186  -14.174  -14.174
  -14.159  -14.159   -3.607   -2.928    3.529    6.129    7.134    7.134    7.624    7.624
    8.919    9.429   10.914   10.914   11.650   11.925   11.925   12.347   13.447   13.593
   13.593   14.696   14.696   15.232   15.448   17.129   17.129   18.081   18.081   18.121
            0.000000  0.000000  0.189831
  -68.283  -67.745  -67.744  -35.694  -35.689  -35.689  -35.177  -35.177  -35.174  -35.171
  -35.171  -35.169  -14.212  -14.212  -14.208  -14.208  -14.189  -14.186  -14.174  -14.174
  -14.159  -14.159   -3.587   -2.958    3.628    5.957    7.156    7.156    7.600    7.600
    8.960    9.463   10.889   10.889   11.619   11.882   11.882   12.345   13.492   13.712
   13.712   14.850   14.850   15.314   15.525   16.933   16.933   17.869   17.869   18.078
            0.000000  0.000000  0.205650
  -68.283  -67.745  -67.744  -35.694  -35.689  -35.689  -35.177  -35.177  -35.174  -35.171
  -35.171  -35.169  -14.212  -14.212  -14.207  -14.207  -14.189  -14.186  -14.174  -14.174
  -14.159  -14.159   -3.565   -2.989    3.734    5.787    7.179    7.179    7.574    7.574
    9.000    9.484   10.867   10.867   11.596   11.841   11.841   12.335   13.559   13.835
   13.835   15.007   15.007   15.306   15.662   16.744   16.744   17.660   17.660   18.071
            0.000000  0.000000  0.221469
  -68.283  -67.745  -67.744  -35.694  -35.689  -35.689  -35.177  -35.177  -35.174  -35.171
  -35.171  -35.169  -14.213  -14.213  -14.207  -14.207  -14.189  -14.186  -14.174  -14.174
  -14.159  -14.159   -3.543   -3.018    3.847    5.619    7.204    7.204    7.548    7.548
    9.042    9.493   10.848   10.848   11.580   11.803   11.803   12.319   13.645   13.960
   13.960   15.166   15.166   15.248   15.815   16.564   16.564   17.454   17.454   18.098
            0.000000  0.000000  0.237288
  -68.283  -67.745  -67.744  -35.694  -35.689  -35.689  -35.177  -35.177  -35.174  -35.171
  -35.171  -35.169  -14.213  -14.213  -14.207  -14.207  -14.189  -14.186  -14.174  -14.174
  -14.159  -14.159   -3.521   -3.047    3.965    5.455    7.230    7.230    7.520    7.520
    9.083    9.493   10.832   10.832   11.571   11.771   11.771   12.298   13.749   14.085
   14.085   15.160   15.326   15.326   15.966   16.397   16.397   17.251   17.251   18.154
            0.000000  0.000000  0.253107
  -68.283  -67.745  -67.744  -35.694  -35.689  -35.689  -35.177  -35.177  -35.174  -35.171
  -35.171  -35.169  -14.213  -14.213  -14.207  -14.207  -14.189  -14.186  -14.174  -14.174
  -14.159  -14.159   -3.500   -3.074    4.088    5.294    7.258    7.258    7.492    7.492
    9.123    9.483   10.820   10.820   11.567   11.743   11.743   12.276   13.867   14.206
   14.206   15.050   15.483   15.483   16.105   16.249   16.249   17.052   17.052   18.229
            0.000000  0.000000  0.268927
  -68.283  -67.745  -67.744  -35.694  -35.689  -35.689  -35.177  -35.177  -35.174  -35.171
  -35.171  -35.169  -14.213  -14.213  -14.207  -14.207  -14.189  -14.186  -14.174  -14.174
  -14.159  -14.159   -3.482   -3.098    4.214    5.138    7.286    7.286    7.463    7.463
    9.161    9.467   10.810   10.810   11.567   11.721   11.721   12.256   13.993   14.316
   14.316   14.927   15.628   15.628   16.136   16.136   16.225   16.857   16.857   18.309
            0.000000  0.000000  0.284746
  -68.283  -67.745  -67.744  -35.694  -35.689  -35.689  -35.177  -35.177  -35.174  -35.171
  -35.171  -35.169  -14.213  -14.213  -14.207  -14.207  -14.189  -14.186  -14.174  -14.174
  -14.159  -14.159   -3.466   -3.116    4.341    4.989    7.314    7.314    7.433    7.433
    9.194    9.449   10.803   10.803   11.569   11.706   11.706   12.239   14.123   14.407
   14.407   14.798   15.729   15.729   16.095   16.095   16.319   16.668   16.668   18.376
            0.000000  0.000000  0.300565
  -68.283  -67.745  -67.744  -35.694  -35.689  -35.689  -35.177  -35.177  -35.174  -35.171
  -35.171  -35.169  -14.213  -14.213  -14.207  -14.207  -14.189  -14.186  -14.174  -14.174
  -14.159  -14.159   -3.456   -3.129    4.460    4.858    7.344    7.344    7.403    7.403
    9.218    9.434   10.799   10.799   11.570   11.696   11.696   12.228   14.243   14.470
   14.470   14.678   15.753   15.753   16.168   16.168   16.379   16.485   16.485   18.415
            0.000000  0.000000  0.316384
  -68.283  -67.745  -67.744  -35.694  -35.689  -35.689  -35.177  -35.177  -35.174  -35.171
  -35.171  -35.169  -14.213  -14.213  -14.207  -14.207  -14.189  -14.186  -14.174  -14.174
  -14.159  -14.159   -3.452   -3.133    4.524    4.790    7.371    7.371    7.376    7.376
    9.227    9.427   10.798   10.798   11.571   11.693   11.693   12.224   14.303   14.492
   14.492   14.617   15.750   15.750   16.311   16.311   16.315   16.315   16.400   18.426
            0.025000  0.014434  0.316384
  -68.283  -67.745  -67.744  -35.694  -35.689  -35.689  -35.177  -35.177  -35.174  -35.171
  -35.171  -35.169  -14.213  -14.213  -14.207  -14.207  -14.189  -14.186  -14.174  -14.174
  -14.159  -14.159   -3.449   -3.130    4.522    4.787    7.305    7.341    7.350    7.387
    9.281    9.476   10.715   10.817   11.616   11.679   11.712   12.297   14.270   14.302
   14.471   14.789   15.699   15.718   16.183   16.338   16.370   16.384   16.575   18.433
            0.050000  0.028868  0.316384
  -68.283  -67.745  -67.744  -35.694  -35.689  -35.689  -35.177  -35.177  -35.174  -35.171
  -35.171  -35.169  -14.213  -14.213  -14.207  -14.207  -14.189  -14.186  -14.174  -14.174
  -14.159  -14.159   -3.439   -3.122    4.517    4.781    7.163    7.246    7.291    7.380
    9.423    9.602   10.549   10.871   11.464   11.771   11.920   12.437   13.997   14.263
   14.411   14.951   15.585   15.636   16.097   16.432   16.503   16.535   16.822   18.452
            0.075000  0.043301  0.316384
  -68.283  -67.745  -67.744  -35.694  -35.689  -35.689  -35.177  -35.177  -35.174  -35.171
  -35.171  -35.168  -14.213  -14.212  -14.207  -14.207  -14.189  -14.186  -14.174  -14.174
  -14.159  -14.159   -3.423   -3.109    4.506    4.767    6.980    7.091    7.225    7.355
    9.606    9.752   10.414   10.959   11.307   11.866   12.214   12.562   13.704   14.243
   14.323   15.041   15.454   15.523   16.117   16.577   16.675   16.726   17.099   18.484
            0.100000  0.057735  0.316384
  -68.283  -67.745  -67.744  -35.694  -35.689  -35.689  -35.177  -35.177  -35.174  -35.171
  -35.171  -35.168  -14.213  -14.212  -14.207  -14.207  -14.189  -14.186  -14.173  -14.173
  -14.160  -14.159   -3.401   -3.091    4.487    4.744    6.785    6.913    7.148    7.315
    9.722    9.869   10.431   11.077   11.185   11.996   12.495   12.655   13.416   14.219
   14.263   15.065   15.324   15.410   16.225   16.761   16.867   16.940   17.398   18.532
            0.125000  0.072169  0.316384
  -68.283  -67.745  -67.744  -35.694  -35.689  -35.689  -35.177  -35.177  -35.174  -35.171
  -35.171  -35.168  -14.213  -14.212  -14.207  -14.207  -14.189  -14.186  -14.173  -14.173
  -14.160  -14.159   -3.373   -3.069    4.457    4.708    6.597    6.733    7.061    7.261
    9.636   10.005   10.623   11.139   11.220   12.157   12.533   12.876   13.184   14.108
   14.330   15.030   15.203   15.356   16.381   16.976   17.073   17.172   17.708   18.598
            0.150000  0.086603  0.316384
  -68.283  -67.745  -67.744  -35.694  -35.689  -35.689  -35.177  -35.177  -35.175  -35.171
  -35.171  -35.168  -14.213  -14.211  -14.208  -14.206  -14.189  -14.185  -14.173  -14.173
  -14.160  -14.159   -3.339   -3.042    4.411    4.654    6.431    6.567    6.970    7.198
    9.478   10.068   10.881   11.212   11.382   12.346   12.416   12.819   13.334   13.997
   14.420   14.938   15.094   15.416   16.555   17.215   17.290   17.417   18.017   18.690
            0.175000  0.101036  0.316384
  -68.283  -67.745  -67.744  -35.694  -35.689  -35.689  -35.177  -35.177  -35.175  -35.171
  -35.170  -35.168  -14.214  -14.211  -14.208  -14.206  -14.188  -14.185  -14.173  -14.173
  -14.160  -14.159   -3.300   -3.011    4.344    4.581    6.292    6.427    6.876    7.129
    9.310   10.041   11.137   11.398   11.557   12.240   12.560   12.631   13.655   13.892
   14.509   14.826   15.001   15.593   16.736   17.473   17.517   17.676   18.302   18.823
            0.200000  0.115470  0.316384
  -68.283  -67.745  -67.744  -35.694  -35.689  -35.689  -35.177  -35.177  -35.175  -35.171
  -35.170  -35.168  -14.214  -14.210  -14.208  -14.206  -14.188  -14.185  -14.172  -14.172
  -14.161  -14.158   -3.256   -2.978    4.252    4.489    6.182    6.326    6.781    7.055
    9.148    9.961   11.349   11.578   11.740   12.108   12.505   12.794   13.797   13.924
   14.605   14.751   14.927   15.861   16.921   17.747   17.750   17.946   18.537   19.017
            0.225000  0.129904  0.316384
  -68.283  -67.745  -67.744  -35.694  -35.689  -35.689  -35.177  -35.177  -35.175  -35.171
  -35.170  -35.168  -14.214  -14.210  -14.208  -14.206  -14.188  -14.185  -14.172  -14.172
  -14.161  -14.158   -3.209   -2.942    4.135    4.382    6.099    6.266    6.689    6.981
    8.997    9.859   11.455   11.518   11.921   12.229   12.509   13.045   13.718   14.069
   14.567   14.877   14.939   16.189   17.115   17.981   18.034   18.227   18.722   19.268
            0.250000  0.144338  0.316384
  -68.283  -67.745  -67.744  -35.694  -35.689  -35.689  -35.177  -35.177  -35.175  -35.171
  -35.170  -35.168  -14.214  -14.209  -14.208  -14.205  -14.188  -14.184  -14.171  -14.171
  -14.161  -14.158   -3.159   -2.905    3.997    4.265    6.042    6.243    6.601    6.909
    8.859    9.754   11.299   11.422   12.093   12.504   12.684   13.298   13.670   14.112
   14.486   14.854   15.292   16.546   17.329   18.204   18.333   18.518   18.885   19.543
            0.275000  0.158771  0.316384
  -68.283  -67.745  -67.744  -35.694  -35.689  -35.689  -35.177  -35.177  -35.175  -35.171
  -35.170  -35.168  -14.215  -14.209  -14.209  -14.205  -14.188  -14.184  -14.171  -14.171
  -14.162  -14.158   -3.107   -2.868    3.847    4.140    6.010    6.248    6.518    6.838
    8.737    9.652   11.051   11.295   12.245   12.796   12.975   13.470   13.736   14.114
   14.428   14.867   15.699   16.904   17.581   18.406   18.642   18.816   19.045   19.807
            0.300000  0.173205  0.316384
  -68.283  -67.745  -67.744  -35.694  -35.689  -35.689  -35.177  -35.177  -35.175  -35.171
  -35.170  -35.168  -14.215  -14.209  -14.208  -14.205  -14.188  -14.184  -14.171  -14.170
  -14.162  -14.158   -3.054   -2.831    3.694    4.012    6.000    6.274    6.441    6.773
    8.632    9.557   10.805   11.133   12.370   13.077   13.295   13.490   13.985   14.116
   14.417   14.920   16.125   17.233   17.893   18.578   18.959   19.114   19.199   20.030
            0.325000  0.187639  0.316384
  -68.283  -67.744  -67.744  -35.694  -35.689  -35.689  -35.177  -35.177  -35.176  -35.171
  -35.169  -35.168  -14.215  -14.209  -14.208  -14.205  -14.188  -14.183  -14.170  -14.170
  -14.163  -14.157   -3.001   -2.796    3.544    3.886    6.007    6.312    6.372    6.712
    8.545    9.471   10.569   10.962   12.461   13.318   13.481   13.572   14.165   14.292
   14.485   15.019   16.548   17.526   18.267   18.707   19.275   19.329   19.390   20.165
            0.350000  0.202073  0.316384
  -68.283  -67.744  -67.744  -35.694  -35.689  -35.689  -35.177  -35.177  -35.176  -35.171
  -35.169  -35.168  -14.215  -14.209  -14.208  -14.204  -14.188  -14.183  -14.170  -14.169
  -14.163  -14.157   -2.949   -2.764    3.404    3.767    6.026    6.310    6.357    6.659
    8.477    9.393   10.351   10.797   12.520   13.475   13.481   13.723   14.345   14.619
   14.660   15.165   16.945   17.804   18.624   18.820   19.423   19.447   19.650   20.057
            0.375000  0.216506  0.316384
  -68.283  -67.744  -67.744  -35.694  -35.689  -35.689  -35.177  -35.177  -35.176  -35.171
  -35.169  -35.168  -14.215  -14.209  -14.207  -14.204  -14.188  -14.183  -14.169  -14.168
  -14.163  -14.157   -2.901   -2.736    3.279    3.659    6.053    6.257    6.402    6.612
    8.430    9.321   10.156   10.645   12.553   13.473   13.566   13.755   14.649   14.934
   14.956   15.353   17.288   18.090   18.631   19.155   19.208   19.517   19.719   19.774
            0.400000  0.230940  0.316384
  -68.283  -67.744  -67.744  -35.694  -35.689  -35.689  -35.177  -35.177  -35.176  -35.171
  -35.169  -35.168  -14.216  -14.210  -14.207  -14.204  -14.188  -14.182  -14.169  -14.168
  -14.164  -14.157   -2.857   -2.712    3.172    3.566    6.083    6.213    6.445    6.573
    8.402    9.253    9.991   10.511   12.569   13.472   13.601   13.743   15.008   15.263
   15.297   15.576   17.544   18.334   18.513   18.821   19.225   19.319   19.645   19.802
            0.425000  0.245374  0.316384
  -68.283  -67.744  -67.744  -35.694  -35.689  -35.689  -35.177  -35.177  -35.176  -35.171
  -35.169  -35.168  -14.216  -14.210  -14.207  -14.204  -14.188  -14.182  -14.169  -14.167
  -14.164  -14.157   -2.820   -2.695    3.085    3.490    6.112    6.179    6.480    6.542
    8.392    9.188    9.862   10.401   12.574   13.470   13.614   13.721   15.384   15.610
   15.629   15.821   17.654   18.209   18.419   18.711   18.946   18.954   19.795   20.165
            0.450000  0.259808  0.316384
  -68.283  -67.744  -67.744  -35.694  -35.689  -35.689  -35.178  -35.177  -35.176  -35.171
  -35.169  -35.168  -14.216  -14.210  -14.207  -14.204  -14.188  -14.182  -14.169  -14.167
  -14.165  -14.157   -2.790   -2.684    3.022    3.434    6.136    6.154    6.506    6.520
    8.396    9.129    9.772   10.318   12.574   13.469   13.619   13.701   15.757   15.919
   15.940   16.084   17.524   18.040   18.089   18.629   18.713   18.928   19.969   20.102
            0.475000  0.274241  0.316384
  -68.283  -67.744  -67.744  -35.694  -35.689  -35.689  -35.178  -35.177  -35.176  -35.171
  -35.169  -35.168  -14.216  -14.210  -14.206  -14.204  -14.188  -14.182  -14.169  -14.166
  -14.165  -14.157   -2.771   -2.677    2.983    3.400    6.139    6.152    6.506    6.522
    8.405    9.085    9.720   10.266   12.573   13.467   13.620   13.687   16.085   16.116
   16.205   16.337   17.266   17.727   17.967   18.406   18.661   18.998   20.069   20.150
            0.500000  0.288675  0.316384
  -68.283  -67.744  -67.744  -35.694  -35.689  -35.689  -35.178  -35.177  -35.176  -35.171
  -35.169  -35.169  -14.216  -14.210  -14.206  -14.204  -14.188  -14.182  -14.168  -14.166
  -14.165  -14.157   -2.765   -2.675    2.971    3.389    6.134    6.158    6.502    6.527
    8.409    9.069    9.703   10.249   12.572   13.467   13.620   13.682   16.187   16.239
   16.323   16.459   17.118   17.589   17.895   18.322   18.672   19.004   20.113   20.164
            0.491667  0.303109  0.316384
  -68.283  -67.744  -67.744  -35.694  -35.689  -35.689  -35.178  -35.177  -35.176  -35.171
  -35.169  -35.169  -14.216  -14.210  -14.206  -14.204  -14.188  -14.182  -14.169  -14.166
  -14.165  -14.157   -2.764   -2.675    2.972    3.390    6.027    6.256    6.430    6.589
    8.420    9.075    9.714   10.253   12.535   13.355   13.662   13.796   16.142   16.216
   16.303   16.435   17.155   17.622   17.918   18.346   18.677   19.005   20.115   20.163
            0.483333  0.317543  0.316384
  -68.283  -67.744  -67.744  -35.694  -35.689  -35.689  -35.178  -35.177  -35.176  -35.171
  -35.169  -35.169  -14.216  -14.210  -14.206  -14.204  -14.188  -14.182  -14.169  -14.166
  -14.165  -14.157   -2.763   -2.674    2.978    3.394    5.902    6.337    6.356    6.653
    8.451    9.093    9.748   10.267   12.438   13.180   13.772   13.978   16.033   16.139
   16.244   16.369   17.254   17.713   17.983   18.414   18.695   19.009   20.119   20.159
            0.475000  0.331976  0.316384
  -68.283  -67.744  -67.744  -35.694  -35.689  -35.689  -35.178  -35.177  -35.176  -35.171
  -35.169  -35.169  -14.216  -14.210  -14.207  -14.204  -14.187  -14.182  -14.169  -14.166
  -14.165  -14.157   -2.760   -2.673    2.988    3.401    5.772    6.235    6.446    6.709
    8.502    9.121    9.807   10.290   12.305   13.001   13.927   14.166   15.892   16.020
   16.156   16.270   17.388   17.845   18.076   18.519   18.726   19.016   20.127   20.151
            0.466667  0.346410  0.316384
  -68.283  -67.744  -67.744  -35.694  -35.689  -35.689  -35.178  -35.177  -35.176  -35.171
  -35.169  -35.169  -14.216  -14.210  -14.207  -14.204  -14.187  -14.182  -14.169  -14.166
  -14.165  -14.157   -2.757   -2.671    3.002    3.410    5.637    6.125    6.526    6.757
    8.569    9.152    9.891   10.323   12.155   12.826   14.107   14.353   15.734   15.875
   16.049   16.150   17.538   18.001   18.183   18.652   18.776   19.029   20.137   20.138
            0.458333  0.360844  0.316384
  -68.283  -67.744  -67.744  -35.694  -35.689  -35.689  -35.178  -35.177  -35.176  -35.171
  -35.169  -35.169  -14.215  -14.210  -14.207  -14.204  -14.187  -14.182  -14.169  -14.166
  -14.165  -14.157   -2.752   -2.668    3.020    3.422    5.499    6.010    6.597    6.799
    8.649    9.186   10.000   10.366   11.997   12.656   14.303   14.532   15.569   15.716
   15.930   16.021   17.691   18.170   18.291   18.803   18.851   19.052   20.118   20.149
            0.450000  0.375278  0.316384
  -68.283  -67.744  -67.744  -35.694  -35.689  -35.689  -35.178  -35.177  -35.176  -35.171
  -35.169  -35.169  -14.215  -14.210  -14.207  -14.204  -14.187  -14.182  -14.169  -14.165
  -14.165  -14.157   -2.747   -2.665    3.041    3.436    5.360    5.892    6.660    6.836
    8.739    9.219   10.133   10.419   11.838   12.493   14.507   14.692   15.403   15.550
   15.802   15.902   17.836   18.346   18.388   18.934   18.987   19.090   20.086   20.163
            0.441667  0.389711  0.316384
  -68.283  -67.744  -67.744  -35.694  -35.689  -35.689  -35.178  -35.177  -35.176  -35.171
  -35.169  -35.169  -14.215  -14.210  -14.207  -14.204  -14.187  -14.182  -14.169  -14.165
  -14.165  -14.157   -2.741   -2.661    3.067    3.453    5.222    5.771    6.716    6.870
    8.835    9.252   10.289   10.482   11.681   12.341   14.709   14.816   15.242   15.381
   15.661   15.822   17.963   18.472   18.523   19.058   19.148   19.164   20.041   20.177
            0.433333  0.404145  0.316384
  -68.283  -67.744  -67.744  -35.694  -35.689  -35.689  -35.178  -35.177  -35.176  -35.170
  -35.169  -35.169  -14.215  -14.209  -14.207  -14.204  -14.187  -14.182  -14.170  -14.165
  -14.165  -14.157   -2.734   -2.657    3.096    3.471    5.085    5.650    6.765    6.901
    8.933    9.283   10.463   10.553   11.527   12.201   14.866   14.876   15.118   15.226
   15.508   15.809   18.062   18.543   18.698   19.199   19.233   19.347   19.983   20.181
            0.425000  0.418579  0.316384
  -68.283  -67.744  -67.744  -35.694  -35.689  -35.689  -35.178  -35.177  -35.176  -35.170
  -35.169  -35.169  -14.215  -14.209  -14.207  -14.204  -14.187  -14.182  -14.170  -14.165
  -14.164  -14.158   -2.727   -2.654    3.129    3.491    4.950    5.531    6.810    6.930
    9.030    9.313   10.631   10.653   11.379   12.079   14.821   14.860   15.014   15.259
   15.350   15.876   18.127   18.606   18.871   19.345   19.352   19.524   19.920   20.147
            0.416666  0.433012  0.316384
  -68.283  -67.744  -67.744  -35.694  -35.689  -35.689  -35.178  -35.177  -35.176  -35.170
  -35.169  -35.169  -14.214  -14.209  -14.208  -14.204  -14.186  -14.183  -14.170  -14.165
  -14.164  -14.158   -2.719   -2.650    3.166    3.512    4.818    5.415    6.851    6.957
    9.122    9.342   10.709   10.857   11.239   11.981   14.673   14.784   14.851   15.190
   15.460   16.002   18.159   18.666   19.036   19.476   19.508   19.650   19.896   20.057
            0.408333  0.447446  0.316384
  -68.283  -67.744  -67.744  -35.694  -35.689  -35.689  -35.178  -35.177  -35.176  -35.170
  -35.169  -35.169  -14.214  -14.209  -14.208  -14.204  -14.186  -14.183  -14.170  -14.165
  -14.164  -14.158   -2.710   -2.646    3.206    3.534    4.690    5.303    6.888    6.982
    9.207    9.370   10.778   11.052   11.127   11.918   14.511   14.674   14.685   15.028
   15.686   16.163   18.162   18.723   19.186   19.616   19.624   19.674   19.952   19.998
            0.400000  0.461880  0.316384
  -68.283  -67.744  -67.744  -35.694  -35.689  -35.689  -35.178  -35.177  -35.176  -35.170
  -35.169  -35.169  -14.214  -14.209  -14.208  -14.204  -14.186  -14.183  -14.170  -14.164
  -14.164  -14.158   -2.702   -2.642    3.250    3.557    4.567    5.197    6.923    7.006
    9.284    9.398   10.827   10.973   11.308   11.902   14.347   14.521   14.546   14.868
   15.917   16.340   18.142   18.778   19.294   19.551   19.749   19.810   19.878   20.151
            0.391666  0.476314  0.316384
  -68.283  -67.744  -67.744  -35.694  -35.689  -35.689  -35.178  -35.177  -35.176  -35.170
  -35.169  -35.169  -14.213  -14.209  -14.208  -14.204  -14.186  -14.183  -14.170  -14.164
  -14.164  -14.158   -2.693   -2.639    3.298    3.578    4.449    5.099    6.954    7.028
    9.352    9.424   10.845   10.860   11.541   11.942   14.184   14.360   14.411   14.708
   16.152   16.522   18.104   18.830   19.319   19.464   19.827   19.915   19.932   20.292
            0.383333  0.490747  0.316384
  -68.283  -67.744  -67.744  -35.694  -35.689  -35.689  -35.178  -35.177  -35.176  -35.170
  -35.169  -35.169  -14.213  -14.209  -14.208  -14.204  -14.185  -14.183  -14.171  -14.164
  -14.164  -14.159   -2.684   -2.636    3.348    3.599    4.338    5.009    6.983    7.047
    9.410    9.449   10.758   10.834   11.783   12.037   14.022   14.204   14.273   14.550
   16.385   16.701   18.053   18.873   19.261   19.388   19.866   20.014   20.040   20.398
            0.375000  0.505181  0.316384
  -68.283  -67.744  -67.744  -35.694  -35.689  -35.689  -35.178  -35.177  -35.176  -35.170
  -35.169  -35.169  -14.213  -14.209  -14.209  -14.204  -14.185  -14.183  -14.171  -14.164
  -14.164  -14.159   -2.676   -2.634    3.402    3.617    4.234    4.930    7.010    7.064
    9.458    9.472   10.669   10.804   12.031   12.177   13.863   14.053   14.137   14.394
   16.615   16.871   17.993   18.895   19.160   19.345   19.897   20.039   20.175   20.472
            0.366666  0.519615  0.316384
  -68.283  -67.744  -67.744  -35.694  -35.689  -35.689  -35.178  -35.177  -35.177  -35.170
  -35.169  -35.169  -14.213  -14.209  -14.209  -14.204  -14.185  -14.183  -14.171  -14.164
  -14.163  -14.159   -2.667   -2.633    3.457    3.631    4.138    4.863    7.034    7.079
    9.491    9.495   10.595   10.766   12.282   12.350   13.707   13.909   14.003   14.240
   16.836   17.026   17.927   18.885   19.048   19.350   19.906   20.009   20.309   20.537
            0.358333  0.534049  0.316384
  -68.283  -67.744  -67.744  -35.694  -35.689  -35.689  -35.178  -35.177  -35.177  -35.170
  -35.169  -35.169  -14.212  -14.209  -14.209  -14.204  -14.185  -14.183  -14.171  -14.163
  -14.163  -14.159   -2.659   -2.633    3.513    3.641    4.051    4.810    7.054    7.089
    9.507    9.521   10.537   10.730   12.531   12.545   13.554   13.777   13.876   14.088
   17.041   17.160   17.861   18.852   18.939   19.402   19.894   19.946   20.430   20.597
            0.350000  0.548482  0.316384
  -68.283  -67.744  -67.744  -35.694  -35.689  -35.689  -35.178  -35.177  -35.177  -35.170
  -35.169  -35.169  -14.212  -14.209  -14.209  -14.204  -14.184  -14.184  -14.171  -14.163
  -14.163  -14.159   -2.652   -2.634    3.568    3.646    3.978    4.772    7.072    7.096
    9.519    9.535   10.495   10.701   12.752   12.770   13.404   13.664   13.760   13.940
   17.216   17.264   17.802   18.813   18.845   19.486   19.864   19.869   20.536   20.646
            0.341666  0.562916  0.316384
  -68.283  -67.744  -67.744  -35.694  -35.689  -35.689  -35.178  -35.177  -35.177  -35.170
  -35.169  -35.169  -14.212  -14.209  -14.209  -14.204  -14.184  -14.184  -14.171  -14.163
  -14.163  -14.160   -2.646   -2.636    3.614    3.645    3.923    4.749    7.085    7.097
    9.529    9.540   10.471   10.683   12.957   12.968   13.258   13.600   13.666   13.794
   17.331   17.332   17.766   18.780   18.782   19.591   19.793   19.820   20.626   20.680
            0.333333  0.577350  0.316384
  -68.283  -67.744  -67.744  -35.694  -35.689  -35.689  -35.178  -35.177  -35.177  -35.170
  -35.169  -35.169  -14.212  -14.209  -14.209  -14.204  -14.184  -14.184  -14.171  -14.163
  -14.163  -14.160   -2.641   -2.641    3.638    3.638    3.902    4.741    7.094    7.094
    9.536    9.536   10.464   10.677   13.052   13.122   13.122   13.626   13.652   13.652
   17.362   17.362   17.760   18.763   18.763   19.665   19.767   19.767   20.692   20.704
            0.316666  0.548482  0.316384
  -68.283  -67.744  -67.744  -35.694  -35.689  -35.689  -35.178  -35.177  -35.177  -35.170
  -35.169  -35.169  -14.212  -14.209  -14.209  -14.204  -14.184  -14.184  -14.171  -14.164
  -14.163  -14.159   -2.654   -2.633    3.605    3.613    3.977    4.769    7.069    7.096
    9.513    9.554   10.491   10.698   12.835   12.945   13.139   13.373   13.911   14.084
   17.253   17.313   17.706   18.747   18.899   19.565   19.651   19.997   20.531   20.642
            0.300000  0.519615  0.316384
  -68.283  -67.744  -67.744  -35.694  -35.689  -35.689  -35.178  -35.177  -35.177  -35.170
  -35.169  -35.169  -14.213  -14.209  -14.208  -14.205  -14.185  -14.183  -14.171  -14.164
  -14.163  -14.159   -2.675   -2.631    3.544    3.582    4.127    4.845    7.021    7.076
    9.486    9.586   10.561   10.754   12.580   12.731   12.989   13.109   14.413   14.635
   17.076   17.164   17.525   18.702   19.050   19.462   19.644   19.986   20.403   20.461
            0.283333  0.490747  0.316384
  -68.283  -67.744  -67.744  -35.694  -35.689  -35.689  -35.178  -35.177  -35.176  -35.170
  -35.169  -35.168  -14.213  -14.210  -14.208  -14.205  -14.185  -14.183  -14.171  -14.165
  -14.163  -14.159   -2.703   -2.636    3.503    3.557    4.303    4.956    6.951    7.032
    9.471    9.646   10.659   10.829   12.346   12.519   12.830   12.877   14.951   15.206
   16.886   16.961   17.281   18.599   18.905   19.227   19.704   19.867   20.114   20.270
            0.266666  0.461880  0.316384
  -68.283  -67.744  -67.744  -35.694  -35.689  -35.689  -35.178  -35.177  -35.176  -35.170
  -35.169  -35.168  -14.213  -14.210  -14.208  -14.205  -14.185  -14.183  -14.171  -14.165
  -14.163  -14.159   -2.740   -2.648    3.493    3.549    4.495    5.093    6.865    6.966
    9.473    9.735   10.768   10.910   12.138   12.324   12.607   12.763   15.483   15.762
   16.697   16.729   17.014   18.453   18.583   18.776   19.453   19.681   19.957   20.253
            0.250000  0.433012  0.316384
  -68.283  -67.744  -67.744  -35.694  -35.689  -35.689  -35.178  -35.177  -35.176  -35.170
  -35.169  -35.168  -14.213  -14.210  -14.207  -14.205  -14.186  -14.183  -14.170  -14.166
  -14.163  -14.158   -2.784   -2.667    3.515    3.562    4.700    5.248    6.769    6.884
    9.493    9.852   10.872   10.992   11.959   12.159   12.381   12.717   15.955   16.207
   16.481   16.505   16.805   18.203   18.210   18.397   19.073   19.424   19.754   20.107
            0.233333  0.404145  0.316384
  -68.283  -67.744  -67.744  -35.694  -35.689  -35.689  -35.178  -35.177  -35.176  -35.171
  -35.169  -35.168  -14.214  -14.210  -14.207  -14.205  -14.186  -14.183  -14.170  -14.167
  -14.162  -14.158   -2.835   -2.692    3.568    3.599    4.914    5.415    6.671    6.792
    9.524    9.991   10.948   11.073   11.815   12.045   12.168   12.729   16.134   16.212
   16.254   16.339   16.942   17.857   17.919   18.237   18.659   19.225   19.607   19.656
            0.216666  0.375277  0.316384
  -68.283  -67.744  -67.744  -35.694  -35.689  -35.689  -35.178  -35.177  -35.176  -35.171
  -35.169  -35.168  -14.214  -14.210  -14.206  -14.206  -14.186  -14.184  -14.170  -14.168
  -14.162  -14.158   -2.891   -2.724    3.650    3.659    5.136    5.590    6.580    6.698
    9.557   10.144   10.972   11.155   11.700   11.970   12.013   12.798   15.814   15.841
   16.110   16.303   16.994   17.686   17.925   18.002   18.478   18.982   19.322   19.500
            0.200000  0.346410  0.316384
  -68.283  -67.744  -67.744  -35.694  -35.689  -35.689  -35.178  -35.177  -35.176  -35.171
  -35.169  -35.168  -14.214  -14.210  -14.206  -14.206  -14.187  -14.184  -14.171  -14.169
  -14.162  -14.158   -2.951   -2.761    3.741    3.758    5.362    5.765    6.505    6.609
    9.586   10.298   10.939   11.241   11.616   11.794   12.072   12.916   15.353   15.459
   15.956   16.034   16.791   17.561   17.641   18.066   18.545   18.633   19.414   19.483
            0.183333  0.317542  0.316384
  -68.283  -67.744  -67.744  -35.694  -35.689  -35.689  -35.177  -35.177  -35.176  -35.171
  -35.170  -35.168  -14.214  -14.210  -14.207  -14.206  -14.187  -14.184  -14.171  -14.169
  -14.162  -14.158   -3.013   -2.802    3.840    3.887    5.587    5.930    6.459    6.535
    9.607   10.438   10.869   11.304   11.576   11.676   12.198   13.076   14.861   15.013
   15.689   15.811   16.538   17.196   17.501   17.932   18.215   18.759   19.672   19.796
            0.166666  0.288675  0.316384
  -68.283  -67.745  -67.744  -35.694  -35.689  -35.689  -35.177  -35.177  -35.175  -35.171
  -35.170  -35.168  -14.214  -14.210  -14.207  -14.206  -14.187  -14.184  -14.171  -14.170
  -14.162  -14.158   -3.076   -2.845    3.952    4.032    5.803    6.064    6.467    6.490
    9.622   10.544   10.783   11.257   11.602   11.706   12.353   13.267   14.367   14.532
   15.320   15.678   16.282   16.844   17.378   17.524   18.081   18.727   19.967   20.168
            0.150000  0.259807  0.316384
  -68.283  -67.745  -67.744  -35.694  -35.689  -35.689  -35.177  -35.177  -35.175  -35.171
  -35.170  -35.168  -14.214  -14.210  -14.207  -14.206  -14.188  -14.184  -14.171  -14.171
  -14.161  -14.158   -3.138   -2.889    4.068    4.183    5.994    6.151    6.492    6.548
    9.637   10.605   10.699   11.117   11.700   11.862   12.498   13.478   13.911   14.050
   14.931   15.561   16.016   16.543   17.125   17.255   17.944   18.620   19.798   19.879
            0.133333  0.230940  0.316384
  -68.283  -67.745  -67.744  -35.694  -35.689  -35.689  -35.177  -35.177  -35.175  -35.171
  -35.170  -35.168  -14.214  -14.210  -14.207  -14.206  -14.188  -14.185  -14.172  -14.171
  -14.161  -14.158   -3.197   -2.933    4.182    4.333    6.141    6.215    6.565    6.679
    9.659   10.565   10.690   10.949   11.849   12.075   12.556   13.520   13.575   13.770
   14.523   15.458   15.733   16.293   16.789   17.135   17.795   18.463   19.403   19.415
            0.116667  0.202072  0.316384
  -68.283  -67.745  -67.744  -35.694  -35.689  -35.689  -35.177  -35.177  -35.175  -35.171
  -35.170  -35.168  -14.214  -14.211  -14.207  -14.206  -14.188  -14.185  -14.172  -14.172
  -14.161  -14.158   -3.252   -2.975    4.283    4.469    6.254    6.296    6.702    6.825
    9.698   10.464   10.737   10.765   11.992   12.321   12.439   13.108   13.481   13.981
   14.114   15.335   15.470   16.087   16.528   17.018   17.634   18.239   18.942   19.058
            0.100000  0.173205  0.316384
  -68.283  -67.745  -67.744  -35.694  -35.689  -35.689  -35.177  -35.177  -35.175  -35.171
  -35.170  -35.168  -14.213  -14.211  -14.207  -14.206  -14.188  -14.185  -14.173  -14.173
  -14.160  -14.159   -3.303   -3.014    4.366    4.582    6.375    6.412    6.864    6.966
    9.758   10.349   10.566   10.808   11.912   12.389   12.585   12.718   13.580   13.681
   14.251   15.070   15.377   15.915   16.336   16.904   17.460   17.928   18.479   18.819
            0.083333  0.144337  0.316384
  -68.283  -67.745  -67.744  -35.694  -35.689  -35.689  -35.177  -35.177  -35.175  -35.171
  -35.171  -35.168  -14.213  -14.212  -14.207  -14.206  -14.189  -14.186  -14.173  -14.173
  -14.160  -14.159   -3.347   -3.048    4.428    4.666    6.528    6.567    7.019    7.091
    9.835   10.215   10.362   10.906   11.609   12.384   12.511   12.827   13.314   13.739
   14.506   14.793   15.365   15.770   16.198   16.791   17.270   17.562   18.034   18.669
            0.066667  0.115470  0.316384
  -68.283  -67.745  -67.744  -35.694  -35.689  -35.689  -35.177  -35.177  -35.174  -35.171
  -35.171  -35.168  -14.213  -14.212  -14.207  -14.207  -14.189  -14.186  -14.173  -14.173
  -14.160  -14.159   -3.384   -3.078    4.471    4.723    6.717    6.754    7.152    7.197
    9.860   10.052   10.226   11.028   11.322   12.120   12.601   12.728   13.312   13.904
   14.583   14.745   15.402   15.647   16.106   16.676   17.060   17.193   17.618   18.571
            0.050000  0.086602  0.316384
  -68.283  -67.745  -67.744  -35.694  -35.689  -35.689  -35.177  -35.177  -35.174  -35.171
  -35.171  -35.168  -14.213  -14.212  -14.207  -14.207  -14.189  -14.186  -14.174  -14.174
  -14.160  -14.159   -3.414   -3.102    4.498    4.758    6.927    6.958    7.257    7.279
    9.702    9.858   10.301   11.034   11.249   11.923   12.370   12.592   13.600   14.059
   14.469   14.929   15.488   15.563   16.058   16.556   16.830   16.858   17.238   18.504
            0.033333  0.057735  0.316384
  -68.283  -67.745  -67.744  -35.694  -35.689  -35.689  -35.177  -35.177  -35.174  -35.171
  -35.171  -35.168  -14.213  -14.213  -14.207  -14.207  -14.189  -14.186  -14.174  -14.174
  -14.159  -14.159   -3.435   -3.119    4.514    4.777    7.134    7.154    7.330    7.338
    9.479    9.654   10.487   10.902   11.416   11.790   12.014   12.478   13.922   14.195
   14.441   14.963   15.578   15.604   16.069   16.438   16.588   16.595   16.903   18.460
            0.016667  0.028867  0.316384
  -68.283  -67.745  -67.744  -35.694  -35.689  -35.689  -35.177  -35.177  -35.174  -35.171
  -35.171  -35.169  -14.213  -14.213  -14.207  -14.207  -14.189  -14.186  -14.174  -14.174
  -14.159  -14.159   -3.448   -3.130    4.522    4.787    7.297    7.306    7.371    7.372
    9.298    9.491   10.691   10.823   11.597   11.699   11.728   12.317   14.243   14.280
   14.468   14.817   15.685   15.707   16.163   16.343   16.398   16.399   16.611   18.435
            0.000000  0.000000  0.316384
  -68.283  -67.745  -67.744  -35.694  -35.689  -35.689  -35.177  -35.177  -35.174  -35.171
  -35.171  -35.169  -14.213  -14.213  -14.207  -14.207  -14.189  -14.186  -14.174  -14.174
  -14.159  -14.159   -3.452   -3.133    4.524    4.790    7.371    7.371    7.376    7.376
    9.227    9.427   10.798   10.798   11.571   11.693   11.693   12.224   14.303   14.492
   14.492   14.617   15.750   15.750   16.311   16.311   16.315   16.315   16.400   18.426
