nep4_zbl 2 Mg Bi 
zbl 1.25 2.5
cutoff 7 4 81 16
n_max 6 6
basis_size 8 8
l_max 4 2 0
ANN 50 0
 -5.4347140e-01
  5.4216529e-03
 -8.2031814e-03
  9.2709577e-03
 -2.4442682e-03
 -3.3212476e-03
 -1.0615938e-02
  6.3086231e-04
  1.5957758e-02
  3.2201942e-02
  8.5674198e-03
  1.2441486e-02
  5.9304917e-03
 -4.5704031e-03
  1.4707879e-02
 -2.1596879e-03
 -3.0972299e-03
 -1.8274898e-02
 -1.2630119e-02
 -2.5933273e-02
  1.5369668e-03
  4.2957895e-02
  8.5565755e-03
  2.6340489e-03
 -4.2488653e-02
  3.4261188e-03
  2.4444755e-02
 -1.3715839e-02
 -2.1756198e-03
 -4.6293600e-03
  4.1799140e-01
  1.1333323e-01
 -2.8572069e-02
  1.4010001e-03
 -1.2248568e-02
  1.2468349e-02
 -5.5261338e-03
  1.6431104e-02
  3.7283204e-03
 -3.1191017e-03
  1.1673149e-02
  3.6889713e-02
 -5.2175019e-02
 -5.2885525e-02
  2.5076765e-01
  1.3515699e-03
  2.2293656e-01
  1.4748500e-03
 -2.3080774e-01
 -2.6281852e-02
  5.2773097e-04
 -9.8095753e-04
  1.5524782e-01
 -8.0834643e-04
 -1.3308910e-02
  2.6079488e-01
 -1.8755835e-02
 -4.9336009e-02
 -4.7225729e-03
 -5.0974649e-01
 -2.9939093e-02
 -2.7044804e-03
 -2.7744421e-01
 -9.3525285e-03
 -1.7144727e-02
  5.6219602e-01
  2.6980592e-03
  9.7766155e-03
  1.5660707e-02
  9.2678173e-03
  1.3560993e-02
 -1.6456433e-02
  4.9707638e-03
  1.5088551e-02
  1.3375440e-02
  8.2683172e-03
  7.9358751e-03
  3.0527616e-02
 -8.0798194e-03
  3.2386735e-02
 -7.7943765e-03
 -1.1306155e-02
 -2.6428701e-02
 -8.1924861e-03
 -7.0771961e-03
 -5.2922391e-03
  4.7095702e-03
 -6.8527786e-03
 -1.8008675e-02
  2.4765085e-03
 -2.9649556e-02
 -6.3018338e-04
  3.0696258e-02
  4.2155460e-03
 -1.4924454e-02
 -3.6128166e-03
 -6.1010555e-03
  1.3427433e-03
  1.1650081e-02
  2.0751270e-02
 -1.2999884e-02
 -9.9416757e-03
  1.4179927e-02
  3.8072636e-04
 -5.8170361e-03
 -7.7327262e-03
 -1.1071613e-02
  2.8233598e-03
 -2.4259640e-03
  6.1886333e-02
 -1.3493870e-02
  6.1658616e-03
  5.0987648e-03
  3.0470053e-03
  7.0985127e-03
  2.7197378e-03
 -1.7868144e-02
  7.7762650e-03
  4.8338124e-03
  2.6581073e-03
 -1.2479102e-03
  3.8645096e-02
 -1.7908206e-02
 -5.5459961e-03
 -1.1139596e-03
  1.3255578e-02
  1.6143324e+00
  9.8382927e-02
 -9.6961439e-01
 -2.2548800e-03
 -2.3589137e-01
 -3.6138591e-01
  5.9218442e-01
  3.4863062e-02
  3.3787031e-02
 -1.6761933e-02
 -3.5290401e-02
  4.0493902e-02
 -2.7094897e-02
 -5.5744708e-01
  6.1718989e-03
  2.3070585e-02
  1.5055513e-02
  1.4537843e-01
  3.8304355e-02
 -5.9651742e-03
 -3.9633654e-02
  1.4142635e-02
  2.9612549e-02
 -8.3255030e-02
 -4.3598359e-04
  6.1680597e-01
  2.2612265e-01
 -2.0480352e-03
 -2.8786070e-03
  1.2058814e-02
  5.4702233e-03
 -2.5195761e-03
 -2.1317859e-01
  8.9702215e-03
  4.5145676e-03
  1.4038917e-02
 -6.4438479e-03
 -7.9784011e-03
 -2.9050929e-03
 -2.3696750e-02
  8.1427045e-02
  4.2117881e-03
  3.7905690e-03
 -1.2879676e-02
 -1.2225423e-03
  1.7854817e-03
 -3.1241784e-02
 -3.1471271e-02
 -1.6315347e-02
 -1.7200982e-02
 -1.1589336e-02
 -1.1997303e-02
  1.4262374e-02
 -1.6788829e-03
 -1.6908718e-03
 -3.6044868e-03
  7.6463777e-03
 -2.0315689e-03
 -4.4784914e-03
 -1.4228094e-02
 -1.9503815e-02
 -9.7101554e-03
 -2.5495185e-02
  3.5130326e-03
  6.5532918e-03
  2.6620019e-02
 -1.4564755e-02
 -5.3746783e-04
  9.7086485e-03
 -2.6289826e-02
 -3.2452531e-03
  2.2273865e-02
  3.5422749e-03
  1.4924745e-03
  1.4562784e-02
 -5.2897824e-04
  5.8934968e-03
  8.1057083e-03
  5.2781042e-02
 -9.2678255e-04
 -2.2403048e-03
  1.9982303e-03
 -7.9137124e-03
  4.1004445e-02
 -7.9723645e-04
  1.4218216e-01
 -1.4598572e-02
  1.1741633e-01
 -1.2900597e-02
 -1.5529598e-02
  1.9159134e-01
  2.5830562e-03
  8.2340039e-02
  1.5118795e-02
 -2.8311851e-02
  9.7728506e-02
 -6.7356229e-03
 -2.5637788e-01
  1.1399996e-02
  3.1806775e-03
  1.0574123e-01
 -5.0775730e-03
  5.9405364e-02
  1.1404478e-02
 -5.1807980e-03
  1.8205659e-02
 -7.4616899e-03
  1.6454983e-03
 -7.9276552e-03
 -1.2423068e-02
  1.9018110e-02
  4.4717368e-02
 -1.8322811e-02
 -1.2400134e-02
  1.5303979e-04
  1.6447190e-02
 -1.3031848e-01
  1.2114232e-02
  3.7634220e-02
  1.8716572e-03
  1.1603098e-02
  6.0955361e-03
  8.0746394e-03
  1.1989897e-02
  7.1419142e-03
 -8.8976733e-03
 -1.1576162e-01
 -6.9013663e-02
 -6.8952288e-03
  1.4129202e-02
  4.6180212e-01
 -8.8748047e-03
  9.9148881e-03
 -7.2530145e-03
  1.0893824e-02
  6.0072215e-04
  1.8442161e-02
  7.5768598e-04
 -1.6264016e-02
  2.4823705e-02
 -2.6027454e-02
  9.9923015e-03
  5.8299466e-03
 -3.5921531e-03
 -6.6479474e-02
 -1.3011659e-02
  3.7192074e-03
 -5.4889494e-03
  3.1233584e-03
 -1.1045482e-02
  5.5441195e-03
  5.3029018e-03
  8.7138517e-03
 -1.0206494e-02
  1.8690984e-03
  4.3016663e-03
 -1.1038556e-02
 -2.5547838e-02
  1.2526661e-03
  3.8002965e-03
 -3.5707005e-03
  2.9296976e-02
 -1.3539436e-03
  8.3334312e-02
  1.3602735e-02
  2.8142516e-02
 -2.9326655e-02
  3.8310117e-03
  6.4380836e-01
  1.3293172e+00
  3.9539183e-03
  1.6309656e+00
  1.1057142e+00
 -4.7150865e-01
 -1.0055912e-02
  3.7552595e-01
  2.1655105e-01
  6.4721918e-01
 -1.7937547e-01
 -1.6250746e-01
  2.8493589e-01
  2.1472383e+00
  1.6686809e-01
  4.4876719e-01
  4.5110938e-01
  1.8320671e-01
 -6.0006040e-01
  1.4169234e-01
  1.1681647e+00
 -1.1443822e-04
  1.0760549e-02
 -4.7005540e-01
  1.1660194e-01
 -5.1016331e-01
 -1.5029011e-02
  5.7967526e-01
  3.3895804e-03
  5.6737233e-02
 -3.0266377e-01
  4.4171173e-02
 -1.2045017e+00
  5.9716301e-03
  2.7223584e-01
 -4.3104313e-02
  1.9149104e-02
 -9.3544753e-07
 -2.2301216e-02
  1.2248304e-01
 -6.7423997e-03
  4.8530120e-01
  1.7966761e-01
  1.8626314e-02
  1.1056378e-03
 -1.6247818e-02
  5.1972005e-03
 -6.3442829e-04
  1.9949047e-02
 -9.4858455e-03
 -1.1194427e-03
  3.1807058e-02
 -5.6774705e-03
  3.8853672e-03
  5.0660553e-03
 -2.1363996e-02
  2.4827849e-03
  7.0812302e-03
  2.6900662e-02
  5.2105160e-03
  4.3875775e-03
  1.2216131e-03
  5.0977926e-04
 -4.2836154e-03
  3.6367408e-03
 -2.2633648e-03
  5.0458759e-03
  1.7916551e-02
  1.3084005e-02
  1.7019581e-02
 -3.8225704e-03
 -1.4415585e-02
  5.3736023e-03
  3.4694348e-03
 -4.7399450e-02
  6.9507072e-03
  6.5020472e-03
  5.1442352e-05
 -1.5088296e-03
 -5.5458259e-02
 -3.6138217e-03
  1.4428562e-03
 -8.4409025e-03
  2.8340053e-03
  6.4863530e-03
  7.1339093e-02
 -3.9083317e-02
  7.4392767e-03
 -6.3647616e-01
  2.9907061e-03
  2.5704196e-02
  2.6605992e-02
 -1.2310891e-03
  1.1414749e-02
 -2.5618954e-02
  8.9593750e-04
 -1.3494677e-02
  1.1985937e-02
 -5.1755970e-03
  5.2298177e-03
  1.5293896e-04
  8.1537099e-04
  3.8087892e-03
  3.0121561e-02
  5.2478357e-04
  3.9752591e-03
  6.7776412e-02
 -2.0910863e-02
  6.4189136e-01
 -4.5824174e-02
 -2.0686626e-02
  1.6304002e-03
  2.5593743e-02
 -1.9833919e-02
 -4.8918235e-01
  1.1035775e-02
 -6.1527092e-02
 -1.9459259e-03
  1.6415890e-01
 -7.0008822e-03
  5.0231423e-03
  2.0293636e-02
 -4.1580163e-03
  3.0467431e-03
  3.6917021e-04
  2.6207807e-02
 -6.6305965e-02
 -1.1611441e-01
 -1.4893311e+00
 -9.7590154e-01
 -1.8669926e+00
 -2.5256857e-01
  4.1018963e-01
 -4.9834678e-01
 -9.8801579e-04
 -5.4879087e-01
 -2.7377424e-01
  1.1347903e+00
 -2.2259817e-02
  8.9275926e-01
 -5.8085144e-01
 -8.6214662e-02
  5.7605032e-02
  3.3613265e-01
 -3.1453524e-02
  1.8980457e-03
  5.8670360e-01
 -1.4970061e-01
 -6.1992910e-02
  3.5538003e-04
  2.0959547e-01
 -6.2588058e-02
  1.0343953e-04
  5.2699935e-01
  4.0897666e-03
 -2.8689750e-02
 -2.3457032e-01
 -4.7261482e-01
  3.0669326e-01
 -1.3002134e-02
  7.4423894e-02
  3.5304416e-02
 -3.0375499e-02
  1.7587081e-01
 -4.0499894e-03
 -4.8688840e-02
 -7.9003843e-03
 -2.2036970e-02
 -4.9368879e-03
  4.0022498e-01
 -8.8249715e-03
 -5.4746475e-03
 -6.6634335e-02
 -2.9120343e-02
  1.9654753e-02
  8.8064029e-05
 -6.7403445e-05
  1.0386164e-02
  3.3760609e-03
 -3.4309647e-03
 -2.1197940e-03
 -3.5007347e-03
  1.7818283e-02
  9.5482366e-03
  6.8725973e-02
  2.7108684e-02
  4.4587962e-03
 -8.9054890e-03
  2.2921028e-02
  4.0455468e-02
 -4.7439683e-04
 -3.1802594e-03
 -1.0249807e-03
  2.0502150e-04
  1.4782557e-02
  7.3348347e-04
 -9.7793685e-03
  3.5707783e-03
  2.0187045e-02
  2.2585480e-02
 -4.2017192e-02
  1.8554108e-02
 -6.1528496e-03
 -4.8262067e-03
  9.0113014e-04
  3.4259971e-02
  1.2525112e-02
 -3.0057218e-02
 -1.4849767e-03
  6.0796982e-04
 -3.0746132e-02
  4.5233581e-02
 -2.3605328e-02
  2.8251940e-03
  1.2822963e-01
  1.6051838e-02
 -1.4144095e-02
  2.6692552e-02
  1.3868999e-03
 -6.3497820e-03
  5.8898823e-03
  2.2552853e-02
  2.5379308e-02
 -4.5466898e-03
 -2.0487733e-04
  2.1422734e-03
  2.1883994e-02
  7.2472706e-03
 -1.1478255e-02
  6.8249791e-03
  4.5734778e-02
 -5.5321143e-04
 -1.7476816e-02
  1.1000324e-02
  5.0400523e-04
 -1.0179418e+00
 -6.4579025e-04
 -1.5705887e-03
 -7.2177485e-02
  2.3166982e-03
 -1.2392411e-03
  1.4521968e-02
  4.8976624e-03
  1.7073702e-02
 -7.7589659e-04
 -1.5035939e-02
  1.4102851e-02
  3.0587071e-03
 -6.6158898e-02
 -1.8848152e-03
  1.3711517e-02
  8.6255483e-03
 -1.7584429e+00
  1.6812158e+00
 -1.1853110e+00
 -1.3223233e+00
  7.3321992e-01
 -2.7234743e-03
 -1.3255892e+00
  8.2227560e-03
  1.8303211e-01
  3.5204191e-03
  2.0483765e-01
  5.7587880e-01
  1.7719513e+00
 -1.5749384e-01
  4.7208380e-02
  1.0803436e-01
 -6.8743956e-01
  2.0821426e-02
 -4.0890101e-01
  1.4927330e-03
 -2.6052782e-01
  5.9562225e-02
  2.8877115e-01
 -1.9062257e-01
 -2.4237964e-01
 -5.1911559e-02
 -2.3918414e-02
  2.1593180e-03
 -2.8383185e-04
  1.9251395e-02
  6.9957892e-03
  3.3967063e-02
 -1.0079392e-01
 -1.2401512e-02
 -2.8216723e-02
  3.6110452e-03
  1.5500252e-02
  5.2264679e-02
 -2.9166481e-02
 -8.8258952e-02
 -1.3247047e-02
  1.5794627e-01
  9.0461737e-03
  1.1211218e-02
 -3.0168127e-03
  1.1509480e-03
 -2.4391222e-03
  2.6756221e-02
 -1.0112709e-04
  7.4349827e-04
 -1.2378631e-02
 -6.0388967e-03
 -1.2476946e-02
  1.0523813e-02
  3.7145209e-02
 -7.0707932e-02
  1.4794737e-02
  1.6514010e-04
  1.2019182e-02
 -3.9026830e-03
  1.3101804e-02
  5.6873132e-03
 -4.0134199e-02
  8.8344850e-03
  2.1594303e-02
 -2.3610663e-02
  3.1579072e-03
  2.9176096e-02
 -3.2828015e-03
  4.0649702e-03
  5.9323847e-02
  3.5678181e-03
  5.9847943e-03
  3.8281817e-02
 -1.7484680e-02
 -1.1579012e-03
  1.1770950e-02
 -4.7853631e-03
  2.5538912e-02
 -1.1287153e-02
 -1.6327973e-02
 -3.4502707e-03
 -4.5008981e-03
  8.5061695e-03
  7.0999605e-03
 -1.0549978e-03
  5.4155458e-03
  1.4933919e-02
  1.5537375e-02
 -3.4851037e-04
 -3.3899941e-02
 -2.1185318e-03
  4.2322567e-03
 -1.1718019e-03
 -1.0408389e-03
  7.5920201e-03
 -3.4703717e-02
  5.6832614e-03
 -2.2977468e-02
  1.2957283e-02
 -3.5719774e-03
  1.4265408e-02
  8.8627952e-05
 -8.0158971e-03
  1.0676303e-02
  2.9007455e-03
 -7.4156658e-03
 -1.2569463e-02
  1.5051754e-03
  1.1514591e-02
 -1.8437234e-03
 -6.1117969e-03
  1.0449572e-02
  7.1967295e-03
 -1.0014406e-02
  5.0580101e-03
 -7.7515217e-03
  1.3301243e-02
 -1.4806320e-02
 -1.2765070e-03
 -8.9378953e-03
 -1.6008385e-02
  1.5229464e-03
 -1.3676688e-02
  8.4650805e-03
 -6.5259421e-03
 -1.0751980e-02
 -6.7742281e-03
  6.8116919e-03
  1.8477803e-02
  2.2473026e-02
  3.1549374e-03
 -2.0649416e-02
 -1.4148826e-02
  2.1592105e-02
 -7.7695888e-03
  1.0801511e-02
 -7.0923362e-03
 -9.8196128e-03
  8.1839003e-03
  8.5805003e-03
 -3.9109304e-03
  3.1873148e-03
 -2.6086718e-03
  1.5956555e-02
  4.1101859e-03
  2.6045440e-02
 -9.4489586e-03
 -3.8339379e-03
  1.5635511e-02
  5.8684801e-03
 -1.5109043e-03
 -1.8799707e-03
  2.1816258e-04
  2.5431961e-02
 -1.3443116e-03
 -7.5889559e-04
  4.7621992e-03
 -1.5354417e-02
  2.3044709e-03
 -1.6518233e-02
  3.9289240e-03
 -3.9698072e-03
  1.7204171e-02
  3.1366043e-03
  1.4768119e-02
 -6.9654519e-03
  1.0299049e-03
  2.4164533e-02
  1.8189118e-03
  6.2101516e-03
  1.3523707e-02
 -3.4162472e-03
 -4.8461044e-03
  9.1104591e-03
  2.1295608e-03
  1.4904299e-03
 -4.1399454e-04
  5.7755155e-03
  2.4104027e-02
  9.8799355e-03
 -4.5758756e-03
  1.2930922e-02
  8.2422812e-03
  3.3932514e-02
  1.3573025e-02
  4.1660503e-03
 -7.3283706e-03
 -4.1840953e-04
  1.7226914e-02
 -9.8143779e-03
 -1.6652228e-02
 -2.9799095e-03
 -3.6018181e-03
  2.2027880e-02
 -9.9708736e-03
  7.0306903e-04
 -2.0234888e-02
 -4.4747806e-04
  2.5885995e-02
  8.6545805e-03
 -1.6511807e-02
  5.5802897e-02
  6.6759004e-03
 -1.1403560e-01
  2.2641769e-02
  7.5754351e-03
 -4.0924717e-03
 -1.5291985e-03
  1.6459773e-03
  1.6449514e-01
  3.2120895e-01
 -1.6323783e-01
 -3.9821558e-02
  1.2794296e+00
  7.7659788e-04
  2.0331326e-03
  1.5461692e-03
  4.4704196e-03
 -1.5105178e-03
 -2.6961572e-03
  1.2976188e-02
 -6.1694742e-03
  2.3947343e-01
  1.6211187e-02
 -7.0719286e-03
  7.1977101e-02
 -8.1695626e-03
  1.0247499e-01
 -1.2360414e-02
  1.0520654e-02
 -8.7903598e-03
 -7.0798472e-03
  1.3603345e-02
  1.7076448e-02
  1.9049719e-02
 -2.4218682e-02
 -1.1174239e-02
  6.4539790e-02
  3.1378016e-02
 -3.7748624e-02
 -1.3059038e-02
  2.8906159e-02
 -1.3214914e-02
  1.1545396e-02
  2.0035135e-02
 -1.3492596e-02
 -7.3739272e-03
 -1.3418318e-02
  6.2852225e-04
  2.1371492e-03
 -3.1547309e-03
  1.5959004e-02
  4.9794232e-03
  3.3721779e-03
  5.3880051e-02
 -2.7172491e-02
 -2.3817925e-02
 -3.5707292e-01
  9.2112813e-03
  1.2051673e+00
 -2.7809786e-02
 -1.2709363e-03
 -4.7694398e-03
 -4.8429254e-03
 -2.2258822e-02
 -2.2630602e-02
  4.0877443e-03
 -1.0717930e-02
  4.4401232e-03
 -1.1907260e-02
  8.6254608e-03
  1.2506541e-02
 -1.0475819e-04
  4.1950872e-04
  1.0647594e-03
  7.4838898e-03
 -1.6629040e-02
  4.2643576e-05
  7.8800349e-03
  1.9030130e-03
  5.5152285e-03
 -1.8956792e-02
  7.2036576e-03
  1.6199740e-02
  1.5817890e-02
 -2.3012215e-02
 -9.4997482e-03
 -1.3151537e-02
  1.7773887e-02
  2.6057119e-02
  5.2130739e-03
  1.1019857e-02
 -3.8622592e-03
  1.0222512e-01
  1.0428220e-01
 -1.3313674e+00
  4.4673809e-01
  1.4057740e-02
  1.2011496e-01
  6.4671719e-01
  3.6494933e-02
  3.1747103e-02
 -4.2696732e-01
 -3.4682773e-02
  5.1504308e-01
  8.3980020e-03
 -6.4266759e-01
 -5.6857429e-02
  2.8390700e-01
 -2.3729089e-01
  6.8256378e-02
 -6.2905365e-01
 -1.4224100e-02
 -4.7054467e-01
  7.2034507e-04
  1.7683046e-02
  3.1353910e-02
 -2.6355079e-01
  3.3949129e-03
  8.3984267e-03
 -9.2546070e-01
  2.0547647e-02
  2.1047514e-02
 -3.5356140e-01
 -2.3347221e-01
  6.3876375e-03
  3.4601418e-03
 -7.9295284e-01
  4.4250339e-02
 -1.1074530e-02
  1.9934034e-02
  7.9731559e-03
 -6.4444624e-02
  1.3096571e-01
  2.1703291e-01
 -3.1547569e-02
  1.0183951e-01
  3.5502344e-01
 -1.5091415e-02
  1.9249472e-01
  1.0385609e-03
  1.9900927e-02
  1.0791145e-02
  4.1888997e-02
 -1.1616622e-02
 -2.3127624e-03
 -9.6280379e-03
 -1.0424926e-02
 -8.3813481e-02
  4.2278641e-03
  1.0170950e-02
  4.9823895e-01
 -4.5618345e-03
  1.1307152e-02
  8.7708570e-03
  5.3837754e-02
  7.7088189e-04
 -4.1566500e-03
  2.0240048e-02
  6.2721474e-03
 -5.1273799e-01
 -1.4530873e-03
  6.2457371e-01
 -1.5327404e-03
 -8.0118300e-03
  9.8225214e-03
  9.8565400e-02
  1.4547076e-02
  7.2953483e-04
  2.5683114e-02
 -5.9935744e-03
  2.5249258e-04
  1.6646525e-03
  6.3747801e-03
 -7.8882799e-03
  2.0743812e-02
 -2.2287628e-02
 -5.3526047e-03
 -2.1967039e-02
 -7.0718951e-03
  1.4709644e-02
 -5.1650116e-03
  1.0982162e-02
 -5.3146211e-03
  2.8854846e-03
  4.1189124e-03
 -5.2728802e-03
 -2.4237630e-03
 -4.7621317e-02
  1.5124273e-02
 -1.1717740e-03
  2.3882074e-02
  7.3929359e-03
 -2.2462523e-02
 -1.9064461e-03
 -1.1001078e-02
  2.9715298e-02
 -2.6588429e-02
  2.3362143e-02
 -5.2534328e-03
 -1.2493744e-02
  1.9103084e-02
 -1.1630452e-02
 -1.0114827e-02
 -2.8349545e-02
 -2.6545061e-02
  2.0356246e-03
 -2.6792271e-02
 -6.1915093e-03
 -9.3853427e-03
  6.2667285e-03
  1.1576629e-02
 -1.7473601e-02
 -1.3976417e-02
 -2.0129930e-02
  8.2441070e-04
  1.0479760e+00
  6.5951934e-03
 -1.8105678e-03
 -7.1521769e-03
  9.1147810e-02
 -8.3307713e-02
  1.1164174e-02
 -1.2005275e-01
 -1.6697669e-02
  4.4274768e-03
  9.5638549e-03
  7.5887144e-03
  9.3297167e-03
 -2.2548193e-03
  4.3960918e-02
  1.3937422e-02
 -9.5691055e-02
  1.8869003e-02
  1.0219487e-02
  9.7877845e-02
  2.4627384e-02
  6.5257791e-03
 -1.3051293e-02
  1.2124773e-01
  8.3373925e-03
 -1.6563281e-02
  2.3514153e-03
 -5.0225887e-03
  2.0124538e-02
  5.6546270e-03
 -2.2742834e-03
  9.5818134e-05
  4.6563516e-03
  5.9547937e-03
  6.6380657e-02
 -2.1828879e-02
 -2.0029398e-02
  1.1282112e-02
  1.3900486e-02
  2.7401397e-02
  1.9814996e-02
 -5.3577190e-03
 -1.2932724e-02
  4.1965228e-03
 -1.0706366e-02
 -1.5217890e-03
  1.5063124e-03
  6.5160901e-03
 -6.7175750e-04
  2.8362589e-02
  1.6587605e-01
  2.1427491e-04
 -6.4732386e-03
 -3.7086019e-03
 -9.2747796e-04
 -1.5496113e-02
 -3.6360139e-03
 -2.4936919e-03
  9.9222232e-03
 -6.3163720e-02
 -1.8334402e-02
 -5.8832071e-03
 -1.5088215e-02
  3.7651595e-02
 -3.5756936e-03
 -3.5614107e-02
 -9.3197851e-03
  6.3111824e-05
 -2.4620585e-02
 -1.9370800e-02
 -7.3960912e-03
  5.2473140e-03
  1.3464227e-02
 -6.6625619e-01
  3.8968171e-03
  1.9114939e-02
  2.5666812e-02
  8.2448433e-04
 -6.2889173e-03
  2.5184110e-02
  9.5134077e-04
  1.4019558e-02
 -5.4000597e-03
  8.8035222e-03
  5.1614258e-04
  6.6233003e-03
  1.7742377e-03
 -1.0065858e-02
 -9.8328176e-04
  1.0983225e-02
  7.5222780e-03
 -8.3047920e-04
  4.5298948e-03
  1.1889788e-02
 -2.0166964e-03
 -3.1753797e-03
  3.2941639e-02
  4.2572013e-01
  1.2078027e-03
  6.1499360e-03
  3.8454149e-02
 -8.0249272e-03
 -2.3992807e-02
  8.1381835e-03
  2.2671582e-02
 -2.4365397e-02
 -1.2926843e-02
 -1.5183918e-02
 -5.3944439e-04
 -4.6066642e-02
  8.4297648e-03
 -1.3729166e-02
 -3.7633613e-04
  1.1268849e-02
  3.9966446e-03
 -9.5872916e-03
  1.9848710e-02
 -3.2914687e-02
  6.8623773e-03
  1.4809077e-02
  5.1093488e-03
 -6.5442040e-03
 -2.3375729e-03
 -3.8481376e-03
 -1.3909456e-02
 -8.5284133e-03
 -1.2249129e-02
 -6.7523280e-03
  6.3304865e-04
  1.5710996e+00
 -4.6866243e-03
 -8.8270970e-02
 -2.5242522e-01
 -9.7872919e-01
  1.1034444e-02
  1.9920643e-01
 -1.0961953e-02
 -4.1654263e-02
 -5.3928453e-03
 -8.5235201e-02
  2.9429106e-02
 -1.6067982e-02
 -3.2848105e-01
  1.2688593e-02
  8.5559227e-03
  7.2364286e-02
  3.6822930e-01
  1.1876854e-01
 -6.0030028e-02
 -2.5415678e-02
 -3.1858196e-03
  5.6241970e-03
  1.0031289e+00
  3.1042504e-01
 -1.5630886e-02
 -1.6831545e-02
  7.0806861e-01
 -1.6053526e-02
 -3.6720816e-02
  3.5761923e-02
 -1.2446683e-02
 -4.0855734e-03
 -4.8416998e-04
  1.1338475e-01
 -1.7890949e-03
 -3.6445272e-03
  1.4319772e-02
 -6.4260955e-03
 -1.8177520e-02
 -2.2899654e-02
 -1.6455425e-02
  6.9043543e-03
 -8.0415100e-02
  1.8601466e-02
 -9.6689286e-03
  2.1811677e-03
 -8.0688689e-03
 -8.2527790e-03
  3.6012974e-02
  6.8841847e-03
 -6.3481075e-03
  7.0280177e-03
 -5.1230849e-03
 -8.0356998e-03
  1.1261054e-02
  2.0369079e-03
 -2.6200905e-03
 -5.8024828e-03
  9.5956884e-03
  8.0969324e-03
 -1.6064584e-03
 -2.0344105e-02
  3.6726713e-03
  1.3136270e-02
 -5.2585406e-03
  3.6897636e-03
  1.1246605e-02
  1.5069543e-02
  2.5760809e-02
  4.6154121e-03
 -2.1910006e-03
 -2.4265409e-02
  9.6128014e-04
 -8.4741702e-03
 -2.2287389e-02
 -2.0098160e-03
 -2.0739036e-03
  7.9698581e-03
 -1.3197298e-02
  5.3130217e-02
  2.3316098e-02
 -1.0895804e-02
  2.0462247e-02
 -5.2130651e-03
 -6.4643049e-03
  8.7970635e-04
  3.5287589e-02
  6.4495328e-04
 -4.0127235e-03
 -4.3707035e-04
  1.1861879e-01
 -4.4661919e-03
  4.8139198e-03
  2.5136042e-03
 -1.4245350e-02
 -1.6394593e-03
 -2.6590778e-02
 -1.7931972e-02
  5.0078873e-03
  6.9488976e-03
 -7.7434792e-03
 -9.5064538e-03
 -2.0652222e-02
 -7.2863079e-03
  6.6908621e-03
  2.7265050e-03
 -3.2610912e-04
  1.6765478e-03
 -1.5222848e-02
  2.6649516e-02
  1.8913431e-02
  7.8437096e-03
 -1.5746130e-03
 -1.4493966e-02
 -3.0382874e-03
 -5.8324975e-03
 -4.3481095e-03
 -1.8023450e-03
 -2.6918612e-03
 -5.7867240e-02
 -4.4488530e-03
 -1.7881626e-02
  2.0554867e-02
 -1.9373144e-03
  1.1240969e-02
  4.2935655e-02
 -1.0769824e-02
  3.4196645e-02
 -2.8680773e-03
 -4.3211501e-02
  5.2781538e-03
 -8.5284719e-03
  2.6014892e-03
  1.1487711e-02
 -1.3071758e-02
 -1.6030876e-02
  2.1610599e-02
  3.4307493e-04
  6.1005913e-03
 -6.2701288e-03
  7.1418029e-03
  3.7184830e-03
 -6.6896016e-03
  1.1103371e-02
 -1.9443664e-03
 -1.9964801e-02
 -1.8787697e-03
 -7.3884549e-03
 -7.3776180e-03
  2.0768808e-02
 -2.5138035e-03
 -1.7562540e-02
  6.3991272e-03
  5.2417894e-03
  4.3921904e-03
 -5.5638193e-03
  7.3392582e-03
  1.7055295e-02
 -6.0214344e-03
  1.4849536e-02
  1.4502439e-02
  1.1411557e-03
  4.2406708e-02
 -3.2239198e-03
  9.4597340e-03
  7.2224108e-03
 -1.7411273e-02
 -2.0001006e+00
 -4.7024465e-01
  8.6176254e-02
 -1.1171504e+00
 -1.4180790e+00
  2.8972995e-01
 -1.3548402e+00
 -1.0929396e-02
 -6.4062104e-02
 -6.3635357e-02
 -1.5067928e-01
 -5.1946127e-01
  8.3667384e-03
 -2.8944221e-01
 -1.1899712e-02
 -1.0152201e-01
 -8.8624075e-02
 -2.3875366e-01
  5.4150641e-01
 -9.2075281e-03
 -6.1097777e-01
 -2.1133970e-02
 -8.5412890e-02
 -6.2003189e-01
 -6.0315228e-01
  5.8619219e-01
  1.1271568e-03
 -1.4763577e-01
  2.3597958e-02
 -1.1067063e-02
 -2.7669185e-01
 -1.2855718e-01
  2.6453036e-01
  2.8875228e-03
 -1.4426385e-01
  2.9855397e-02
  5.9378510e-03
 -1.1718383e-01
 -3.5042301e-02
  1.8049482e-01
 -2.9793927e-02
  3.4688237e-01
 -3.6839433e-02
 -1.3006375e-02
 -1.3596228e-01
 -2.3477133e-02
  9.5627338e-02
  1.9833364e-03
 -9.6433340e-03
 -1.3129647e-02
 -3.4890580e-01
 -1.3081906e+00
  2.7303132e-01
 -4.7069171e-01
 -9.8186731e-03
  3.4896456e-02
  2.1856830e-04
  3.0620199e-01
  6.4124223e-03
  5.7513971e-02
  8.3700061e-02
  5.4815516e-04
  4.6943119e-01
 -7.5729527e-02
 -1.2653011e-01
  5.8215082e-01
  3.6442615e-02
  6.4131886e-01
 -2.9524043e-03
 -4.5047995e-02
 -1.8067088e-02
 -4.5878734e-02
 -5.2555192e-01
 -5.5783373e-01
  1.4380639e-02
  2.5896979e-02
  3.5341734e-03
  7.9573736e-02
 -2.6112292e-03
  2.9901101e-04
 -3.5632443e-02
 -5.0808630e-05
 -2.0655751e-02
 -8.8232368e-02
 -1.3397034e-01
 -2.0763300e-01
 -2.1602094e-01
  1.0927502e+00
 -8.2342076e-01
 -7.4408590e-03
  2.4767347e-01
 -3.2064389e-03
 -1.0333807e-02
  7.8811338e-03
 -1.8377019e-03
 -2.2840733e-03
  9.1787437e-03
  1.6200136e-02
  2.4084600e-02
  6.7116418e-03
  5.9365816e-03
  1.6009466e-01
  3.1029657e-01
  1.0499827e-02
 -1.4705385e-02
 -1.8419201e-02
 -4.3637283e-02
  2.0230925e-02
 -1.2937989e-02
 -7.3889028e-03
 -7.3268283e-03
  1.4108870e-02
  4.3316539e-03
 -3.1506576e-02
 -1.2732692e-03
 -1.0659754e-01
  2.4599703e-03
  5.6170397e-03
  4.0656799e-03
 -7.7604284e-03
 -1.3468988e-02
  6.1189441e-04
 -1.3985498e-02
 -6.2325117e-03
  2.9485095e-03
  3.7683048e-03
  1.5808366e-02
  7.8672944e-03
 -7.1468148e-03
  9.7780107e-03
 -2.6831144e-01
 -1.6197527e-02
  2.2090420e-02
  1.8158068e-03
  6.0739193e-02
 -7.8624496e-03
  3.0120354e-02
 -6.9210991e-02
  1.2938282e-02
 -3.2628715e-02
 -1.1282077e-02
 -8.9283288e-03
  2.4823621e-02
 -4.9004670e-05
 -2.6902884e-02
  5.4474575e-03
 -2.8991010e-02
 -1.2699625e-03
  2.6818677e-03
  9.8043811e-03
  2.9800104e-03
  3.8937170e-03
  1.2127032e-02
 -2.1261363e-03
 -2.8563987e-02
  1.4897346e-02
 -1.7132476e-04
 -1.5987314e-02
 -4.9513080e-03
  1.9200020e-02
 -9.1281515e-03
 -1.8468400e-02
 -7.0335963e-03
  4.2860131e-04
  1.5789720e-03
  8.9983009e-03
 -4.9542282e-03
 -1.6765878e-02
  1.5422725e-02
  3.6289673e-02
  7.3133730e-03
 -2.1691980e-02
 -2.1754814e-02
 -2.6115533e-02
 -5.6161163e-03
  2.3947941e-02
  4.6758071e-02
 -7.7593327e-04
 -5.8227642e-03
 -1.7443355e-02
 -2.9914333e-03
 -5.0059631e-03
 -1.5545954e-04
  2.5594239e-03
 -9.1428189e-03
  1.6229132e-03
 -4.1972408e-03
  1.0389713e-02
 -5.8283270e-03
 -3.2331743e-03
 -2.2834945e-03
 -4.9405336e-02
  9.3956692e-03
 -2.6115570e-02
  1.5205519e-02
  1.2044283e-02
 -1.0458452e-02
  2.0638641e-03
  6.4685917e-04
 -8.5459854e-03
  1.1873761e-03
 -1.3657900e-02
 -1.0560335e-03
  1.4348985e-02
 -1.1589350e-02
  4.9120794e-05
  5.1242672e-03
 -2.0582524e-04
  3.7791114e-02
  1.4983700e-02
  1.1940619e-02
 -1.5702890e-03
  6.9910660e-02
  1.3036642e-03
 -4.1591567e-03
  3.3070766e-03
  7.5085692e-02
 -2.4194641e-03
 -5.4806340e-03
  9.3453741e-03
 -1.4306469e-02
  3.8022907e-03
  1.4795925e-02
 -9.9945255e-03
 -2.1278989e-03
  1.3363545e-02
  1.9375617e-03
 -1.7569656e-02
 -3.7890662e-02
  3.9093918e-03
  9.1360305e-03
  2.2815152e-03
 -8.3023990e-03
  9.9045681e-03
 -3.0794931e-03
 -9.3087561e-02
  4.0314221e-03
 -5.8901329e-02
  2.0756519e-03
 -1.6496463e-02
 -5.8393641e-03
 -3.9884977e-02
 -9.8206662e-03
  1.3991889e-04
  1.1054463e-03
 -1.4377391e-03
  2.7809832e-02
 -7.4082299e-04
 -6.2149214e-03
  1.2201433e-02
  3.0029852e-02
  4.8504705e-03
 -6.2764717e-05
 -1.2505930e-02
  1.3260164e-03
 -9.1505691e-02
  5.6669649e-02
  8.1054522e-03
 -1.0066830e-02
  1.9779596e-03
 -2.9366470e-03
  8.4768645e-03
  2.7027324e-02
 -4.3691793e-03
 -1.5028394e-02
 -6.9247507e-03
 -8.0294143e-03
 -5.5803461e-03
 -9.3063585e-02
 -2.1477883e-04
 -7.3586097e-03
  2.8280022e-03
 -1.7974630e-02
  3.2105107e-02
  1.9635186e-02
 -3.3877955e-03
 -6.9565466e-03
  3.1099990e-02
 -8.8973548e-03
  1.1134521e-03
  6.8744421e-03
  1.6133082e-03
  1.4077160e-03
 -2.6690405e-02
  6.2237349e-03
 -2.5677605e-04
  1.1606605e-02
 -1.6595136e-02
 -3.6229406e-02
 -6.4591435e-03
 -6.9485269e-03
  1.4384140e-02
 -4.2466642e-03
  1.2103139e-02
 -3.6657285e-03
 -1.1207489e-02
 -7.5807092e-03
 -3.2353275e-03
 -3.6567479e-01
  5.4106954e-04
  6.1731888e-03
  2.8319620e-02
 -7.4733965e-02
 -2.9767938e-02
  1.0644184e-02
 -1.7377058e-02
  1.3881369e-02
  2.2202520e-02
  1.1947942e-02
 -1.8435331e-02
  1.0057757e-02
 -1.5341057e-02
  3.3218548e-02
  6.2023439e-03
  3.4480696e-03
 -1.8916512e-02
  3.8457343e-03
  1.4990109e-02
  2.0660272e-02
  1.8959242e-03
  1.2418408e-02
  1.9621085e-01
 -2.3118064e-02
 -7.1500060e-03
 -4.2272066e-03
  1.5220264e-03
 -5.5840299e-03
  9.0547344e-03
 -2.1015136e-03
 -9.7935498e-03
  7.6250928e-03
 -6.3528228e-03
  8.9052953e-03
  1.6793173e-02
  6.5217377e-03
  1.4818305e-02
  4.3131892e-02
  1.4819560e-03
 -3.3378697e-03
 -6.1878813e-03
 -2.0680837e-02
  8.8073378e-03
 -7.4372310e-03
  2.7162623e-01
  4.8058606e-03
 -8.2632797e-03
 -7.0321439e-03
  1.7309880e-02
 -2.8480003e-03
 -2.0438908e-03
  3.0038271e-02
  3.0141941e-03
  4.5616850e-02
 -1.2281726e-02
 -1.5953032e-02
 -1.6570144e-03
  5.1311278e-03
 -1.1264537e-02
 -1.3997719e-02
  2.8316368e-04
  1.5630499e-02
 -7.3364265e-03
  1.6293235e-02
  6.0896869e-03
 -3.3004519e-03
  4.2771772e-03
  5.8027930e-03
  4.6221096e-02
 -2.1595744e-02
 -7.7206939e-03
  1.0746086e-02
 -2.3910431e-02
 -8.1093116e-03
  1.7479805e-02
  3.2212012e-02
  1.3971685e-02
  1.4526403e-01
 -4.7324253e-03
  1.1520149e-03
 -1.6458893e-01
  2.6649045e-02
  4.4488646e-02
 -3.5962211e-03
 -4.2291950e-03
  5.0992644e-03
 -9.7490773e-03
  5.1103602e-03
 -1.5265136e-02
 -2.0526706e-03
  2.3023621e-03
  6.1256099e-03
 -1.0910735e-02
 -1.4374275e-02
  8.9633176e-03
  1.1002617e-02
 -1.4872576e-02
  7.4705030e-03
  8.9978948e-03
  7.8078113e-03
  7.4877648e-04
  1.1743440e-02
  1.5218871e-03
 -8.6302846e-04
  3.3839233e-03
  1.8791253e-02
 -9.7510695e-02
 -4.8531496e-04
 -5.1919399e-03
 -3.5635731e-03
 -1.0324948e-03
  2.9258858e-03
 -2.4169482e-02
  1.4681767e-02
  2.1668798e-03
 -1.2640560e+00
 -5.8769435e-03
 -8.5470278e-04
  5.0340486e-03
 -2.3110295e-02
  1.7103435e-03
 -5.3279493e-03
 -2.3923464e-02
 -2.0563919e-02
 -1.1202608e-02
 -1.3806386e-02
 -1.6969342e-02
  3.5296229e-01
  1.6683729e-02
  3.1827257e-03
 -1.6464526e-03
 -3.6689017e-03
 -9.3391547e-03
 -6.1344453e-03
 -1.3141823e-02
  4.2034327e-03
  1.6895514e-02
 -2.6557039e-02
  1.7512565e-02
 -3.3849876e-04
  7.2030816e-05
 -1.8123139e-02
  2.7947230e-02
  6.5398458e-03
  9.9774711e-03
  8.6467378e-03
  1.2486593e-02
  3.3401210e-02
 -7.7407407e-03
 -7.7927555e-04
 -1.3872971e-02
 -1.5335867e-02
  6.4655538e-03
 -1.8398508e-03
  2.7509816e-02
 -1.1570766e-02
  8.3900597e-03
 -5.8034058e-03
  2.2780424e-02
 -6.4241462e-03
 -3.0786114e-02
 -8.0402344e-03
 -1.6001133e-03
 -6.7571229e-03
  1.7240278e-02
  1.9100040e-02
  9.9474017e-04
 -2.0628061e-02
 -1.2760654e-02
 -9.3836623e-04
 -6.7018406e-03
 -1.1529016e-02
  8.7469956e-03
 -1.4542283e-02
  6.4056460e-04
  1.6759885e-02
 -3.7699975e-02
 -1.1326875e-02
 -2.3789762e-02
  7.9296320e-04
  1.0360194e-02
  2.5043888e-02
 -1.3917929e-02
  4.0132329e-01
  4.4152677e-02
 -7.1118516e-03
 -5.5903912e-02
  6.2565319e-03
  2.1677123e-02
  1.3945654e-02
  1.1273025e-03
  1.6749533e-02
 -5.3481348e-03
 -4.8970142e-03
  4.6055564e-03
  3.2828168e-03
  5.9471657e-03
 -5.5377677e-02
 -1.0082305e-02
 -1.0220339e-02
 -1.1548315e-02
 -2.9480965e-03
 -3.7653297e-02
  3.1692667e-03
 -4.9376756e-02
  1.6472237e+00
 -1.6507518e+00
 -1.7692880e-01
  1.5253307e-01
 -1.5324323e-01
 -2.4039343e-01
  1.2692988e+00
  6.0206842e-02
 -2.0433316e-01
  2.8586527e-02
 -9.3061638e-01
 -3.8810003e-01
  4.1320283e-04
  3.8650939e-01
 -6.5616682e-02
 -1.3651820e-01
  3.1188765e-01
  2.7561375e-01
  8.1234843e-02
 -2.6803136e-02
  4.5446310e-02
 -1.8124701e-01
 -2.7440572e-01
  1.1605130e-01
 -5.3514936e-03
  2.7853215e-01
 -2.7478853e-02
  3.6764410e-01
 -2.8536399e-03
  9.4488868e-03
 -1.3081662e-02
 -3.1136999e-02
  4.0461898e-01
 -8.2153417e-03
  1.9253117e-01
  1.2120188e-02
 -4.8737943e-02
 -1.3002904e-02
 -6.8273586e-03
  8.0702685e-02
 -3.6689148e-03
 -3.6907917e-01
 -1.4954381e-02
 -3.1261512e-03
  2.8930188e-03
 -1.1794369e-03
  1.0721499e-02
  6.6436478e-03
 -2.5086114e-03
 -7.6673538e-03
  1.6456917e-02
 -6.5810448e-03
  4.8555879e-04
  1.5521043e-02
 -1.0094403e-02
  1.1800918e-02
  3.4038793e-02
 -2.3519605e-02
  3.2009196e-02
  4.9865216e-02
 -4.2960066e-03
 -2.4097836e-04
  5.5365935e-03
  4.3292847e-02
 -4.7392800e-02
 -2.8013047e-03
  9.6000358e-03
 -2.4463567e-03
 -2.9692415e-02
 -3.8116459e-02
 -2.9939897e-02
 -9.5352558e-03
  9.3351882e-03
 -2.5203785e-02
  7.2700949e-03
 -6.6786044e-04
 -1.4168112e-02
 -1.8240022e-02
  2.9297715e-02
  3.5762608e-03
  4.4433102e-03
 -4.4351541e-03
  9.6146576e-03
 -6.6018794e-03
  8.7731850e-01
 -1.7235345e+00
  9.6005702e-01
  1.6919049e+00
  1.6191475e+00
  9.4031794e-03
 -4.8632872e-01
  3.6274353e-01
 -9.7821280e-02
  1.6807474e-02
 -3.3052284e-02
 -3.9076471e-01
  1.1689399e-04
  2.1804433e-01
 -1.6680186e-03
 -1.5435205e-01
  5.9230756e-02
 -4.1923475e-01
 -3.9499658e-01
  8.9217164e-03
  4.0052208e-01
 -3.9551686e-02
 -1.8429106e-01
  2.5810668e-01
 -3.0074966e-01
  8.7944210e-02
  1.3075907e-02
 -8.0501847e-03
 -3.7558554e-03
 -6.4634688e-02
 -1.0354819e-02
 -2.2109747e-02
  6.6716045e-02
  3.6510292e-03
 -4.9768768e-02
  1.3980921e-02
  1.3547740e+00
 -1.6627006e-02
 -3.7551433e-02
  6.6635877e-02
 -2.0077886e-02
 -1.0641095e-01
  2.6496189e-02
 -7.6603770e-02
 -8.4336260e-03
 -3.2645021e-02
  4.4258125e-02
  1.1543300e-03
  1.7688973e-02
 -2.3993377e-03
 -1.9667530e-02
  9.9984678e-03
  4.2565513e-02
  4.3450431e-03
 -1.9904053e-02
  2.3149475e-02
 -1.0473550e-01
 -1.7435500e-02
 -1.3093134e-02
 -2.5516514e-02
  1.4150430e-02
 -1.3744463e-02
 -2.5514903e-02
  8.3022898e-01
  6.7802267e-03
 -9.2107512e-04
 -1.3629359e-02
  1.5235415e-02
 -6.9183036e-04
 -4.0667061e-02
 -2.2316765e-02
 -1.2646703e-02
  8.1854099e-03
 -1.3890917e-02
  2.5385410e-02
 -5.3419247e-03
  4.9455529e-03
  1.5358633e-02
  6.3303323e-03
 -1.4101369e-04
  3.5763095e-04
  6.5710051e-03
 -1.3580021e-02
  4.5057954e-03
 -2.8679246e-01
  6.8296120e-02
 -2.4336478e-01
 -6.8026064e-03
  7.7356660e-01
 -1.9281371e-01
  1.0048180e-01
  3.4782828e-03
  1.8902412e-02
 -6.1268808e-04
 -1.8452609e-02
  2.4723433e-02
  9.2352843e-03
 -4.2465523e-02
  2.7663487e-03
  3.8193636e-02
  3.9748809e-01
  1.0441398e-01
  2.7306646e-01
 -1.4505566e-03
 -1.6400325e+00
 -1.4595996e-02
  6.4628487e-03
  6.5926835e-02
  5.0615445e-02
 -7.1495585e-03
 -9.9122459e-03
  2.0286319e-01
  1.3909005e-02
 -9.7639440e-04
  4.1474118e-03
 -6.2832837e-03
 -5.4697460e-01
  3.9724767e-02
  1.6362892e-02
 -1.1902302e-02
  2.5167782e-03
  7.5682160e-03
  1.4787392e-02
  1.5622498e-02
 -1.7596451e-03
 -1.0652842e-01
  5.6192141e-02
  9.1846961e-01
 -1.2454468e-01
 -1.0871944e-02
  2.8469827e-02
  7.8742905e-04
  9.7203612e-02
  1.5978412e-01
  9.2948429e-02
  9.3243411e-03
 -2.3722382e-01
 -6.0628101e-02
  9.5230844e-03
 -1.3447972e-01
  1.0050203e-03
  1.0531873e-01
  9.3207695e-02
  2.3263691e-01
  1.5311679e-01
  2.1056478e-06
  5.9389756e-03
 -1.9597640e-02
  3.6807761e-02
 -6.5864213e-02
  1.7844124e-02
 -2.4341189e-03
 -5.7072908e-04
  4.5096153e-01
 -4.3098875e-03
  2.0385016e-02
  1.0439980e-01
  9.9785529e-02
  1.3178618e-01
 -1.2759325e-02
  4.0159840e-02
 -2.7925165e-02
 -7.1965824e-03
 -7.5843050e-03
 -1.2413832e-02
  1.5634578e-02
  8.1834160e-03
  2.9061465e-02
  1.0833623e-02
  4.8728180e-03
  2.0672953e-02
  2.2252686e-02
  3.1631608e-02
  2.7813241e-03
  3.3238407e-02
  1.1302443e-02
 -1.3267739e-03
  2.8262185e-03
  2.9791884e-02
  1.3046741e-02
  1.9184621e-02
 -1.5504262e-02
 -5.6847250e-03
 -7.2220042e-03
 -5.8633294e-03
  2.3135228e-02
 -1.3820264e-02
 -5.8642346e-03
  1.4025307e-02
  2.0029277e-02
 -7.8780530e-03
 -1.3717586e-02
  6.0117091e-03
 -1.6139915e-02
 -6.3455361e-03
  3.2279571e-03
  1.1483508e-02
 -3.1396421e-03
  1.8583646e-02
 -1.8980554e-03
 -5.1706360e-04
  1.2346125e-03
  6.5303510e-03
  8.0721788e-03
  6.9810671e-04
 -5.8825050e-02
  5.9138453e-03
  1.5513350e-03
  5.6202272e-03
  7.3947743e-02
 -5.4055545e-03
  3.6308712e-01
 -1.4719035e-02
  8.8801066e-04
  1.3891709e-02
  9.5018578e-01
 -1.0907290e-02
 -1.7473946e-03
 -1.5811248e-02
  4.3584518e-03
 -2.7333512e-03
  2.7585736e-02
 -6.6907378e-03
 -5.6859003e-03
 -3.4863975e-02
  8.8357003e-03
  8.2157966e-04
 -1.7505709e-02
  8.7281018e-03
 -3.7972555e-03
  3.0451873e-03
  1.5532892e-03
  1.4640162e-03
  3.6799621e-02
 -1.0048462e-02
 -5.7040737e-03
  2.2330659e-02
  1.4722088e-02
 -4.4790832e-03
  2.3184912e-02
 -6.5923999e-03
  1.7688100e-03
  1.8825593e-04
  2.6340033e-03
 -1.3812263e-02
  2.5522599e-03
 -9.5052393e-03
  1.7558223e-02
 -3.7616515e-03
 -9.9177822e-04
 -1.2074539e-02
 -2.3900356e-02
 -3.5497212e-01
  2.2503275e-02
  2.5255890e-03
  4.1513816e-01
 -9.4991387e-04
 -1.6274523e-02
 -5.9553576e-03
 -3.0773824e-01
  9.7779240e-03
  1.3273205e-01
 -5.1034786e-02
  7.9481661e-02
  3.2950014e-01
 -4.2611498e-01
  1.4473810e-03
 -6.3476218e-03
 -6.1493577e-03
  3.9220218e-02
 -7.1742517e-01
  8.9054722e-03
 -1.5682508e+00
  6.2763249e-03
 -1.1476880e+00
  2.7543742e-03
 -4.6497099e-03
 -4.1256309e-03
  2.3828542e+00
  5.7942113e-03
  3.0318834e-02
 -6.3907653e-01
 -5.4445106e-01
  5.0937641e-01
 -2.8584725e-01
  1.5226373e-02
 -4.3732855e-02
 -1.4382712e-02
 -1.3385164e-02
 -1.0577118e-01
 -1.0587086e-02
  1.1885796e-02
  4.2750238e-04
 -1.2686263e-02
 -9.3895763e-01
  5.2903801e-02
 -8.7051612e-01
 -8.9276768e-03
 -2.0664921e+00
 -8.7395743e-02
  9.1249514e-03
 -8.5654883e-03
  6.6647068e-02
 -1.8142477e-01
  4.3492813e-02
  3.4958076e-01
  1.2103706e-03
  3.7283790e-01
 -1.9175179e-01
  7.4069935e-01
  3.8781080e-02
  1.8305820e-01
 -1.3199110e+00
  1.5796280e-01
  2.5083083e-01
  7.3456550e-01
  1.2754121e-01
 -1.1213906e-02
  1.0071343e-02
 -5.6321523e-03
 -1.9260560e-01
  2.3132047e-02
 -8.9125669e-01
  2.0932902e-01
  5.6711198e-03
  2.4611683e-01
 -2.4533900e-03
 -1.5536706e-01
  6.9910043e-01
  2.5854329e-02
  1.3954372e-02
 -4.8548616e-03
 -1.6393919e+00
 -8.4953427e-01
 -6.0054684e-01
  1.4885499e-01
  2.0278800e-02
 -1.6041169e-01
 -5.8575053e-02
 -1.1848962e-01
  1.1797351e-01
  5.2202661e-02
 -7.3349275e-02
  1.1585758e-01
 -1.4268644e+00
  3.2223526e-02
 -8.2198292e-01
 -1.2570800e-01
  6.1958832e-01
  5.5762100e-01
  3.4739824e-03
 -6.2741779e-02
  1.2043769e-02
 -8.3432645e-02
 -1.3288713e+00
  5.3757839e-02
  5.1878095e-03
  1.0317723e+00
 -1.3321711e-01
  1.0734081e-02
 -5.6149752e-04
 -1.5206510e-02
 -3.0165255e-01
 -4.8744488e-03
  8.6135156e-02
 -2.5623849e-01
 -1.0846926e-01
 -2.5369933e-01
  3.1993654e-02
 -8.2003307e-01
 -6.9196969e-03
  1.1960215e-01
 -2.4128461e-01
  2.9924279e-02
 -1.8275733e-01
 -1.5001483e-02
  1.2209450e-01
  1.0972354e-01
  1.6723496e-01
 -1.4059575e-01
  5.5890633e-03
 -1.6337760e-02
 -4.7013187e-03
  9.6289322e-02
  2.7655886e-02
  3.0103713e-04
  5.9559052e-03
  8.7564930e-02
 -2.3399735e-02
  3.7262735e-01
 -3.3240277e-02
  3.1639758e-02
  1.6118445e-02
 -6.6337317e-02
 -2.5690030e-02
  1.2569211e-02
  1.0013986e-02
 -7.4720713e-03
 -2.4102045e-02
  3.7378769e-02
  3.3161368e-02
  2.0029932e-02
  8.8023059e-03
  1.8929901e-03
 -1.7371954e-02
  1.0706194e-02
  4.8390284e-02
 -2.5216714e-02
 -1.2247490e-03
  8.9935727e-02
 -8.2615577e-03
 -1.4744510e-02
  3.1763557e-03
  2.1226758e-02
 -1.0517552e-01
  1.4896348e-02
 -2.6525578e-02
 -1.1304868e-02
  1.3884217e-02
  5.9830930e-02
  2.4407489e-02
 -9.4714433e-01
  3.1831951e-03
 -1.4825867e-02
  1.5259546e-02
  3.8063135e-02
 -3.4776423e-03
  5.8366798e-02
  7.0163985e-03
 -3.0751845e-03
 -7.4102908e-02
  4.0137591e-03
  3.9166096e-03
  1.0600131e-03
  2.4349251e-04
 -8.5790679e-03
  2.0724027e-03
 -4.0701190e-03
 -8.2074910e-01
  2.7699742e-02
  2.6848335e-03
  3.1341445e-01
  1.0266533e-02
  7.8648522e-02
 -1.6829494e-02
  1.2086646e-02
  3.4105545e-03
  1.7641012e-02
 -1.4077690e-02
  2.8427664e-04
 -5.8076307e-03
 -4.3282951e-03
 -2.9643227e-03
 -1.1771478e-02
  8.2304096e-04
 -8.1468681e-03
  1.0774678e-02
  1.0521921e+00
 -2.8116651e-02
  3.8577511e-03
 -2.3256544e-02
 -1.5258594e-02
 -2.0598738e-02
  8.8858446e-03
  8.6569898e-03
 -3.4875884e-03
  1.7577250e-02
  2.2009721e-03
  1.8082581e-02
  3.3152003e-03
 -2.9917153e-02
 -1.6273543e-02
 -3.8606815e-02
 -3.8050596e-02
 -7.2882958e-03
 -2.7970657e-02
 -2.7233686e-02
  1.0615014e-02
 -3.6622635e-01
 -2.5256677e+00
 -2.1299527e+00
 -1.8855126e-01
 -2.5426996e+00
 -5.8288127e-01
  4.8512650e-01
  1.1284934e-01
  3.0265015e-03
  4.3458454e-03
  3.3419847e-02
 -4.3350869e-01
 -5.3828937e-01
  1.7477075e-02
  7.2322525e-02
  1.1232572e-02
  1.6804520e-02
  3.7857908e-01
  7.7897348e-03
 -1.5994378e-03
  3.4236731e-03
  1.8620862e-04
 -1.8848417e-02
  1.2545951e-02
  1.6341913e-02
 -8.1714734e-02
  3.1338630e-03
  8.4752245e-03
 -7.6113804e-03
  6.5437490e-01
 -1.7724173e-02
 -4.7210278e-03
 -1.5368759e-02
 -2.6749349e-01
  2.6448056e-02
 -4.3265438e-03
  1.4170259e-03
  8.2292305e-03
  1.2278826e-04
 -8.2033761e-02
 -1.0337512e-02
 -5.3747734e-03
 -1.1629595e-02
  1.5766714e-02
  3.0021172e-04
 -3.4651920e-02
 -1.3619400e-02
 -1.1519981e-02
 -7.6252474e-03
 -8.6351432e-04
  1.1796480e-02
  1.1518962e-04
  2.8677860e-02
 -1.1177338e-03
  9.2621250e-03
  4.1682564e-02
 -3.4705669e-04
 -3.3325534e-02
 -1.3390506e-02
 -9.6552065e-03
  3.2291804e-03
  4.0356666e-03
  2.1534685e-02
  1.2760888e-02
  5.1054627e-02
  2.1335790e-02
  1.1832441e-01
  1.0624713e-02
  8.1536477e-04
  9.3374234e-03
 -7.9676267e-03
  3.0097177e-02
 -1.3591472e-02
  1.0344246e-02
  5.0107036e-03
 -6.0942220e-03
 -5.5376897e-03
 -1.4505732e-02
  1.7896518e-02
  7.2677536e-03
  2.7854764e-03
 -9.1764564e-03
 -4.6129967e-03
 -4.7635417e-03
  1.6978489e-03
 -3.6994810e-03
 -4.7829105e-03
  5.0962460e-03
  5.4349457e-03
  1.1296918e-02
  2.4093935e-02
  1.1989682e-03
 -4.2213625e-03
  6.7792721e-03
  1.7888084e-03
  8.3158845e-03
  1.0883461e-02
 -1.0020084e-02
 -6.1504603e-03
  2.9377134e-03
  1.5466016e-03
 -1.1979403e-02
  9.5238565e-03
 -9.9372333e-03
  3.3302268e-03
 -1.5745046e-04
 -1.2060301e-02
  1.4723224e-02
  1.4525685e-02
 -3.2836895e-02
  6.8161306e-03
 -2.9830972e-03
 -2.9201128e-03
 -6.7403531e-03
 -1.1322405e-02
 -1.8028837e-02
  4.4834348e-03
  6.9692498e-01
 -1.1224384e-02
  2.1789325e-03
 -3.1642665e-03
 -7.4224239e-03
  7.1196849e-03
  6.3495794e-03
  2.0951318e-02
  3.7841927e-02
 -1.2346996e-02
  2.0681346e-02
 -2.1297211e-02
  4.9380637e-03
 -2.6357582e-02
  3.3517096e-03
 -5.0100096e-02
 -4.9879616e-03
  1.0375512e-03
  3.5785430e-04
 -6.8647419e-03
 -5.8834697e-04
  1.0485063e-02
 -2.7957240e-02
 -4.6543495e-04
 -3.5820022e-02
 -2.9342375e-03
 -3.0807482e-02
  1.1039291e-02
 -3.3921839e-03
 -8.3924448e-03
  1.6271217e-03
 -6.1088931e-03
  1.5675589e-03
 -2.3228719e-03
 -4.1074699e-04
 -3.6809596e-03
 -1.4176102e-02
  9.5911603e-03
 -1.4492163e-03
 -1.9133077e-03
  1.0729513e-02
 -2.3823220e-03
  1.5525612e-02
  2.6553369e-03
 -7.6841344e-03
  3.8752744e-03
 -3.4990991e-03
  1.7081305e-03
  3.1100264e-02
 -4.8214431e-05
 -1.0273652e-03
  1.0375659e+00
 -6.8211508e-01
 -1.5820445e+00
 -2.3727369e+00
 -2.3266764e-01
  2.2288600e-02
  2.3054850e-01
 -8.4770370e-01
  4.4197294e-01
  2.7304909e-03
  5.6026483e-01
  4.1279636e-02
  3.3023667e-01
 -4.0221786e-01
  3.1287929e-03
  4.4226974e-01
 -1.0375503e-03
 -3.1317604e-01
 -3.3381250e-04
  3.5038185e-01
 -4.8379728e-01
  3.2039890e-01
 -6.8185809e-03
 -1.0575864e-03
  9.9413913e-01
  1.1912693e-01
  1.1196353e+00
 -5.0820034e-02
  2.7421042e-02
 -2.4776298e-01
  1.5820557e-03
  3.7667227e-01
 -3.5828167e-01
  2.2638848e-01
 -2.6999267e-03
 -4.5549273e-03
 -2.6454419e-01
  1.3404967e-02
  5.8187480e-04
  1.6539613e-02
 -8.0613077e-02
  2.9054601e-02
  1.5839792e-03
  2.4230895e-03
 -1.1066350e-01
 -6.2637320e-03
  1.5508331e-02
  1.3186272e-02
  2.2535704e-01
 -1.3723186e-03
 -2.3974625e-02
  1.3360997e-03
  1.4809771e+00
 -7.9854317e-03
 -2.7554277e-01
 -9.3063917e-03
 -1.4327031e-02
 -7.6338211e-03
  4.8809182e-03
  2.7831238e-02
  6.2234099e-03
  1.2293949e-03
 -7.0764627e-03
 -6.7445352e-03
  2.2410234e-02
  7.1091382e-03
  4.5305686e-03
  4.7883579e-01
 -1.3940878e-02
  1.1727415e-02
 -2.5034270e-01
  1.2775240e-02
  4.2008795e-03
 -4.9970495e-03
 -5.6749836e-02
 -3.4860607e-02
  1.7475205e-02
  1.8851504e-02
 -1.4211427e-02
  8.1579089e-03
  2.4394454e-02
 -2.3132982e-02
 -9.7669126e-04
 -3.1227940e-03
  1.0686588e-02
  8.7468661e-02
 -2.0207256e-02
 -3.4289554e-01
  1.0732752e-03
 -2.1146057e-02
 -2.7269000e-02
 -1.9412893e-03
  1.9109087e-03
 -4.1396812e-02
 -2.3539277e-02
 -3.8720854e-03
 -1.5140467e-02
 -1.4097811e-02
 -8.2082096e-03
 -4.4100061e-03
 -1.1543678e-02
 -4.0745726e-03
  1.5902337e-02
  5.4206229e-03
  5.5254614e-03
  7.4548987e-03
  1.4007697e-02
  7.5178323e-03
  3.1836683e-04
 -1.6218566e-03
  1.0404349e-02
 -2.4985031e-03
  3.0869618e-04
 -6.9518760e-03
 -1.1144320e-02
 -1.2764119e+00
  1.1668466e-03
  1.7777825e-02
 -6.5553351e-04
  5.5732825e-03
 -1.2070959e-02
 -3.8581577e-03
  1.0112129e-03
 -4.8467400e-03
 -1.2598091e-02
 -1.0034751e-02
 -1.4337095e-02
  7.9134209e-03
 -2.6260337e-04
  1.6247088e-02
 -1.3088763e-02
 -3.1277910e-03
 -1.5627731e-02
  2.5722181e-02
  3.0892857e-03
  8.3315652e-03
  2.5750902e-03
 -1.2732509e-02
 -9.9359648e-03
 -1.2214070e-02
  5.7478836e-03
 -1.1416967e-02
  4.9334620e-03
  5.2458500e-03
  1.9680095e-04
 -2.3644229e-03
 -1.5427562e-02
  6.5136456e-04
 -2.4146399e-02
 -1.1081289e-02
  1.9244509e+00
  3.7026901e-03
 -2.9765276e-02
 -1.5180565e+00
 -6.3626221e-03
 -4.6888477e-04
  2.1884604e-03
 -4.3539261e-03
  1.3082495e-02
 -2.6061854e-03
  1.2430293e-02
  1.5515370e-02
  6.9007371e-03
  1.7093593e-03
 -6.2384782e-03
 -8.1086764e-03
  2.8017599e-03
  7.5067714e-04
  7.5411699e-03
 -7.9466257e-04
  3.2286835e-01
  1.1502154e-02
  2.5389090e-04
 -3.1571120e-03
  1.1330477e-01
 -5.6707854e-03
  1.7393042e-03
 -1.1394600e-02
 -1.3190961e-02
 -1.5082203e-03
  1.3653503e-02
 -1.0297521e-02
  9.9061038e-03
  7.2594456e-05
  5.1466018e-02
 -2.3580765e-02
  5.5663055e-03
  2.8905131e-02
  1.3613044e-02
 -1.6910620e-02
 -3.6036406e-02
 -7.1672415e-03
  1.3024190e-02
 -3.7892230e-02
  2.4618255e-04
  4.0338878e-03
 -2.3725629e-02
  1.7958704e-02
  8.2292473e-03
  1.0866304e-02
 -6.4478009e-03
 -1.4291826e-02
 -1.2101990e-02
 -2.2445276e-02
  3.6132621e-04
  2.2352724e-03
  1.5287694e-02
  9.4746025e-03
 -2.2916610e-03
  5.3284145e-03
 -7.3863012e-03
 -8.3379038e-03
 -6.6619180e-03
  1.2357204e-03
 -1.2232254e-01
 -1.3386387e-02
 -1.2779659e-02
  4.5830240e-03
 -5.5698124e-03
 -2.5903103e-03
 -8.9471182e-03
  1.0666163e-02
  4.2400672e-03
 -1.4188923e-02
 -4.9463348e-03
  1.2386177e-01
  3.1762399e-02
  1.4234166e-02
 -1.7958209e-03
  8.7316325e-03
 -4.2284727e-03
 -3.9724908e-03
 -4.2649601e-03
 -3.8181001e-03
  2.4342315e+00
 -4.0140371e-03
  3.3217645e-03
 -3.2354672e-02
  9.8623894e-03
  1.6645398e-02
 -4.6802219e-03
  3.7704598e-02
 -1.2341143e-02
  8.0984617e-03
 -8.9569306e-03
 -5.5347648e-03
  4.5204833e-03
  1.0860536e-02
  1.1621395e-02
 -7.7637550e-03
 -2.3009977e-03
  1.2898915e-02
 -5.4037902e-03
 -3.5022059e-03
  7.4121072e-03
  1.2274398e-03
 -5.3117713e-03
  3.1594792e-03
 -4.3745875e-02
 -1.6812019e-02
 -2.1270949e-03
  8.5866991e-03
 -1.1109829e-02
 -5.8647298e-04
  1.0937534e-02
 -2.3301062e-03
  5.3264038e-03
  1.2533939e-02
 -3.1231840e-03
  1.5271469e-02
 -1.3287191e-03
 -3.7742762e-03
 -5.5890474e-03
 -4.0826472e-03
  4.8609506e-03
 -2.1401094e-03
  2.0128394e-02
 -2.5687905e-03
 -1.0713249e-01
 -2.7371306e-02
  1.0819786e-02
 -2.9591355e-03
 -4.0369290e-03
 -1.5883155e-02
  3.3484905e-03
  6.9645974e-03
 -2.7476227e-02
 -5.3197187e-03
 -3.6749265e-03
 -1.9960918e-03
 -3.7898638e-03
  9.6490794e-01
  1.8105427e-02
  2.0668061e-02
 -1.4694329e-01
 -1.0820296e+00
 -8.5748933e-02
  1.8684993e-03
 -1.9206583e-03
 -1.0902212e-01
 -7.2607718e-02
 -2.0080118e-03
 -5.9297170e-02
 -1.9276201e-03
  1.6866060e-02
  2.2059126e-02
 -3.3760332e-03
 -8.1538809e-03
  9.0070179e-04
 -8.0403220e-03
 -3.9364081e-03
  3.7013683e-02
  4.6375528e-02
 -2.0431450e-03
  9.9864975e-02
 -4.9652421e-04
 -4.9303472e-03
 -3.9121648e-03
 -4.3070488e-02
  7.3378240e-03
 -4.4788964e-02
  1.3623601e-02
  3.7391135e-03
  1.0414104e-03
  1.0831561e-02
 -2.1172956e-02
  1.3080969e-02
 -2.0626212e-02
  2.7668267e-03
  8.9267008e-03
 -1.0016287e-03
  3.8818496e-03
  8.9861536e-03
  5.4663317e-03
  6.5489607e-03
 -1.2633437e-02
  1.3605952e-03
  1.7633079e-02
  8.5788973e-02
 -3.0076114e-02
 -7.8174481e-03
  1.2580939e-02
  5.1242132e-02
  1.0308774e-02
 -1.1963718e-02
 -6.0205315e-03
 -2.3866342e-03
 -6.7290938e-03
 -6.5313103e-03
 -1.2075334e-03
 -1.8486677e-02
  2.5703695e-02
  2.9669302e-02
 -5.6623653e-02
  3.8849451e-02
  8.3839800e-03
 -2.9376866e-02
  4.5173530e-02
  1.7902469e-02
  1.3098576e-03
  6.2792967e-03
  2.3538728e-04
 -3.1717665e-02
 -1.5736492e-02
  6.0809706e-04
 -4.8853871e-03
  1.2066491e-02
  7.4962217e-01
  1.3494828e-02
  9.0607226e-02
 -1.1242152e-02
  5.2237040e-03
 -5.5699507e-03
 -4.1920659e-03
 -1.0272593e-04
 -1.8328141e-02
  1.2957609e-02
  1.5519186e-02
 -1.0174750e-01
  2.1222298e-01
  5.5199047e-04
  9.5832551e-01
 -4.6727989e-02
 -2.2320892e-03
 -2.4521689e+00
 -9.9846125e-03
  2.3667806e-01
 -2.7430430e-02
  4.0137921e-02
 -3.1688713e-02
 -2.2184171e-01
  4.0913571e-02
  4.1187904e-03
  6.2333830e-03
 -1.7614005e-02
  4.9565978e-02
 -2.0816101e-01
 -5.2667713e-01
  6.9228344e-02
 -5.1362559e-02
  2.0259736e-02
 -1.2568139e-02
 -4.2163741e-02
 -3.1804404e-01
 -4.9017948e-01
 -1.2989378e-03
 -1.3201341e-03
  3.0983928e-01
  7.7855522e-03
  3.5162207e-02
  4.6451697e-01
  1.1157230e-02
  8.3828308e-03
  3.7439233e-03
  3.0862806e-02
  2.1485791e-02
 -2.2665060e-03
  1.8933022e-02
  8.5110683e-03
  6.9822320e-03
 -2.8206367e-02
  1.2748690e-02
 -2.2439809e+00
 -4.8120931e-01
  5.1367745e-02
  1.4870297e+00
 -1.1229205e+00
 -1.0007920e-02
 -1.8580171e-01
 -3.4130050e-03
 -8.3621711e-02
 -3.9711148e-02
  1.3193087e-01
  8.1002090e-06
  1.9044522e-02
 -3.2831651e-01
  8.4318519e-03
 -2.3016585e-01
 -2.1446614e-02
 -1.6114995e-02
 -8.3830459e-03
  1.3755719e-02
  1.6069058e-03
  2.6211195e-02
  2.3142721e-04
  1.7433241e-02
  2.1789642e-02
  2.7608911e-02
  1.5901232e-02
 -1.8513204e-01
  7.1469182e-03
 -6.2938188e-03
  3.0336613e-02
  7.3341717e-04
  6.1161523e-03
  4.1318890e-03
 -4.8009478e-03
  9.3633560e-03
  1.6290255e-02
 -1.3215869e-02
 -2.2034370e-03
  2.3813864e-02
 -4.4480253e-02
 -9.5686438e-03
  1.0272136e-02
  1.0237749e-02
 -4.2214436e-03
 -1.1612218e-02
 -4.6338369e-03
  8.4582530e-03
  1.6696675e-02
 -4.1411503e-04
 -2.4095248e-02
 -4.9500220e-04
 -2.5634073e-02
 -9.4941491e-03
 -2.5909880e-02
  1.2180152e-03
 -1.6954076e-02
 -2.7176945e-02
  1.7059920e-02
  5.4937918e-03
  1.4336972e-03
 -4.6393285e-03
 -3.8089384e-03
 -1.2037012e-01
  1.2452803e-03
  5.6813832e-04
 -1.1213442e-02
 -7.2986721e-03
  1.8551486e-03
 -1.8207815e-03
 -5.5074166e-03
 -3.3352498e-02
  2.1840309e-04
  5.7534133e-03
  5.3392333e-04
  3.1312250e-02
 -7.8933872e-04
  1.3017639e-03
 -6.1057010e-03
  1.9955089e-02
 -4.1487492e-03
 -1.4566549e-02
  2.2650898e-02
 -1.3378466e-03
  1.2479372e-02
  1.4793294e-03
  2.1560557e-02
  2.0195659e-01
  3.6603430e-01
  3.4613046e-03
  1.5394451e-02
 -2.2326123e-02
 -3.0067056e-01
  5.8545754e-04
  1.6103986e-01
 -1.3306360e-01
 -2.4927428e-02
  3.2545227e-01
 -1.1202332e-03
 -3.3848021e-02
 -3.9818984e-02
  3.7840277e-02
 -2.1180665e-01
 -2.1701645e-02
 -3.1918399e-02
  2.3798398e-03
  5.5412993e-02
  1.8556803e-02
  4.9618345e-02
 -2.9012637e-02
  9.1215326e-03
 -7.4686460e-02
  7.7647646e-03
  7.5079754e-02
  4.4159323e-02
  1.1770219e-02
  1.0059884e-02
 -3.5178605e-03
 -1.4396656e-01
 -1.4699833e-02
  6.5465807e-03
  2.4487261e-02
 -2.8687464e-03
  3.7896324e-02
 -1.1098420e-03
  3.1926401e-04
  1.1809049e-02
 -2.3204114e-02
  1.4880347e-02
  1.6252007e-02
 -1.9782059e-01
 -1.2552602e-03
 -8.8482699e-04
 -1.6729400e-02
 -8.9028040e-03
  1.4614818e-02
 -1.6118774e-02
  1.0004123e-02
  6.2680175e-03
 -3.4788314e-03
  7.2337794e-03
 -2.6126928e-03
 -1.0306945e-02
 -2.0556379e-02
  3.7583511e-03
  1.1680873e-02
  7.2394754e-03
  2.4891991e-02
 -1.9338297e-03
 -2.7525099e-03
 -1.6551191e-02
 -1.8658279e-02
 -8.1919106e-03
 -3.2476101e-03
  3.5674546e-03
  6.4036280e-02
 -1.5033899e-02
  2.5366575e-02
  8.2856566e-03
 -2.5903376e-02
 -2.0372771e-02
 -1.9847679e-04
 -2.3747399e-02
 -1.6796191e-03
  1.1446016e+00
 -1.0944780e-02
  6.7232557e-02
  1.2682295e-01
  1.7821301e+00
 -5.5050892e-01
  2.1662610e-02
  1.8000565e-01
  1.4481479e-01
 -1.7356178e-03
 -6.3463204e-02
  6.2425910e-03
 -3.6265177e-03
 -3.9020600e-04
  2.1842159e-03
 -8.7375939e-03
 -3.0456430e-03
  2.7887202e-03
 -1.3661379e-02
 -1.3727354e-01
  8.0042273e-02
 -1.7996667e-03
 -1.0978677e-02
  1.8569414e-02
  1.6630040e-02
 -2.2387339e-03
  3.5535845e-03
 -3.6699681e-03
  7.3068072e-03
 -4.3042218e-03
  2.5125178e-02
 -2.6062841e-02
 -6.3137203e-03
  3.3244134e-03
  2.0227237e-02
  4.7968581e-02
 -8.1445137e-03
  4.1151755e-03
 -3.2249272e-02
 -4.1063656e-03
  4.6102465e-03
  7.9488538e-02
  1.2351725e-02
  2.0158330e-02
 -4.0199487e-03
  7.8796875e-03
 -6.5896148e-04
  2.8250171e-04
  4.1535636e-03
  4.1416157e-03
 -4.8773699e-03
  1.1682814e-02
 -1.0694886e-01
 -4.6020253e-03
  3.7256232e-03
  4.5021703e-03
 -1.4518637e-02
 -3.8352463e-02
 -3.5689140e-03
 -8.4558371e-03
 -9.3956105e-04
  1.0640379e-03
  2.2628135e-03
  5.0540641e-04
  1.2844863e-03
 -4.9955496e-03
 -1.1894089e-04
 -5.9384364e-03
 -5.8326866e-03
  1.2792309e-02
  1.2831978e-02
 -1.8589606e-03
  6.1892234e-03
  9.7820172e-03
  1.2968484e-02
 -1.1718631e-02
  3.1557344e-02
 -2.8336538e-02
  1.8356387e-02
  4.5054080e-03
 -3.2274674e-03
 -3.7133399e-02
 -1.7653521e-02
  3.5173127e-03
 -2.2609505e-05
  2.0089417e-03
  3.9888095e-02
 -1.1314278e-02
  2.3862274e-01
 -3.4799915e-02
 -5.1470320e-03
 -4.7718175e-02
 -8.1123006e-01
 -8.1031229e-03
 -1.6986372e-02
 -4.3730130e-03
  1.4619175e-01
 -4.7651301e-03
 -8.0974568e-03
 -5.5654258e-03
 -9.7043169e-01
 -2.8186968e-01
  4.5815269e-03
  2.4596457e-01
 -1.1279763e-01
 -9.3558267e-02
  2.4778365e-01
  6.3981391e-03
  4.6255145e-02
 -1.8284248e-02
  4.6860971e-04
 -2.3474761e-03
 -5.8157411e-03
 -1.1855147e-03
 -2.1710820e-03
  3.9894465e-02
  4.0179496e-03
 -1.8638264e-01
 -1.7264791e-02
 -4.2395275e-02
 -4.6934495e-03
  2.7737668e-01
  9.6813753e-02
 -2.6807873e-02
 -8.4548043e-03
 -3.0253232e-02
  9.1404552e-03
  3.4349251e-03
 -4.6845055e-01
  9.2828553e-03
  1.2473680e+00
  3.8909641e-01
 -4.4786395e-03
  2.8031972e-01
  1.7506218e-01
 -1.1720725e-02
 -4.0737460e-03
 -1.0453852e-02
 -6.9244616e-03
  3.2000671e-04
  1.7367879e-02
 -3.0496020e-02
  3.6335890e-03
  1.9569059e-01
 -5.4881745e-03
 -1.2513542e-01
 -6.0570068e-03
  9.6309744e-02
 -6.9555193e-02
 -1.4453826e-02
 -4.0612832e-02
 -1.4509156e-03
 -2.8105034e-03
 -1.0254463e-02
  3.1897691e-01
 -1.2583618e-02
  2.5785144e-02
 -1.4005528e-02
 -1.3162849e-03
  4.8931822e-02
  5.8083888e-04
  5.5291139e-02
 -3.7744278e-03
  4.4097203e-01
 -4.4943120e-02
  3.4556286e-03
 -6.7988434e-03
  8.1514521e-03
 -3.1498321e-03
 -3.3765619e-03
 -8.5847396e-01
 -2.4169002e+00
 -1.3679495e+00
 -7.0383179e-01
 -1.7961876e+00
  3.0715826e-01
 -2.2725656e+00
  7.0234734e-01
  8.9723766e-01
 -1.3125838e-01
 -2.5384510e-01
 -1.3821386e-01
 -5.0261289e-02
 -4.7333315e-01
  4.4005230e-02
  9.0696675e-01
  4.0235254e-03
 -4.2987179e-02
 -1.0704041e-01
  3.4905109e-01
 -7.2341901e-01
  1.1083659e-01
 -2.1159519e-01
  1.2971094e-02
 -1.8735334e-02
 -4.7237791e-02
  2.6379612e-01
 -1.3547990e-01
 -8.1647160e-03
  1.3814267e+00
  6.7732064e-03
  1.0489383e-02
 -1.8579140e-01
  2.2035021e-01
 -1.0070875e-02
  7.6146815e-03
 -3.4079182e-01
  9.3058376e-03
 -1.1842684e-02
  2.9613129e-03
 -1.0892707e-01
  1.3909566e-02
  5.4612071e-03
 -1.4581641e-02
 -5.4171439e-03
  5.9564542e-03
  2.0348433e-02
 -2.2749403e-02
  4.2714711e-02
  1.8800560e-02
  2.1537758e-02
 -1.1800524e-02
  6.4818496e-03
 -2.5114155e-04
 -6.6095595e-03
  7.2792512e-03
 -6.4394567e-03
  9.3339646e-04
 -5.2681519e-03
 -2.5596586e-03
 -3.8752446e-03
  1.2083916e-02
 -1.8844495e-02
  9.2088096e-03
 -4.5470656e-03
  6.6424194e-03
 -6.0912711e-03
 -2.8104279e-03
  6.5809777e-03
  8.5943574e-03
 -6.5142377e-03
  7.3938412e-03
 -7.7805244e-03
  2.7053263e-03
  5.0895708e-03
  5.0062877e-03
  1.4351010e-02
 -3.4961136e-04
  1.8540565e-03
  2.1151036e-02
  2.1078356e-03
 -3.9073076e-02
  1.4775816e-02
 -7.4762749e-03
 -6.7119268e-03
 -4.5507904e-02
 -1.5075305e-02
 -3.8329124e-02
 -1.1074889e-02
 -1.8501330e-02
  1.7463234e-01
  4.3158587e-02
  2.9960640e-03
 -1.0537857e-02
 -7.3719383e-03
  2.3386038e-03
 -9.3704872e-03
 -9.5621357e-03
  4.5410679e-03
  1.7451845e-02
  7.7158292e-03
 -4.9485480e-03
 -1.1416238e-02
  2.3234403e-03
 -5.8316295e-03
 -1.1907304e-02
 -2.5101211e-02
 -1.0087990e-02
  3.5783735e-03
  6.8607030e-04
 -1.2589300e-02
 -6.4243386e-03
 -5.8178981e-03
  1.3446775e-03
 -7.9253269e-03
  8.6811766e-02
 -2.2363417e-02
  1.1414145e-02
 -4.3268753e-03
  3.3478329e-03
  1.0410855e-02
  5.4593571e-04
  9.2243608e-03
  1.9153230e-02
  6.9083879e-03
  9.9034440e-03
 -9.2904223e-03
 -3.8808173e-01
  5.6804963e-03
 -3.4666455e-01
 -7.3735589e-01
  2.4582908e-01
  3.2379454e-01
  9.9757743e-01
 -1.0838846e-03
 -3.0543098e-02
 -4.1874047e-02
  5.3778542e-03
  7.6648992e-01
 -3.6769103e-02
 -1.8778654e-02
  9.5789093e-01
  8.4133781e-03
 -2.2173540e-01
 -5.7004271e-03
  3.3994186e-01
 -3.3729550e-01
  3.4309715e-02
 -1.5147506e-01
 -1.8422130e-03
  1.9155364e-01
  5.5847265e-02
  4.5932943e-01
 -6.9564506e-02
 -2.8473409e-03
 -2.1058749e-02
  5.5791684e-03
  4.3152374e-01
  4.5155674e-02
  8.5252270e-02
 -9.1566434e-03
  5.8190595e-02
 -2.5418401e-01
  3.4989938e-02
 -1.1524308e-03
  3.5388139e-03
 -2.5595519e-01
  4.3285713e-03
  4.8439528e-04
 -4.4415053e-02
  7.9577221e-03
  1.5550193e+00
  3.7321381e-03
 -3.8919512e-02
 -2.8985271e-01
 -6.3802982e-03
 -1.2233582e-02
  1.3005134e-02
 -1.3717878e-02
 -5.8309231e-02
 -2.1617522e-02
  9.0184743e-03
  6.0310485e-03
 -2.0594526e-02
 -2.7715333e-03
 -5.0824797e-03
 -4.1164313e-02
 -8.2575984e-02
 -8.8531207e-03
 -2.2649826e-02
 -3.7492185e-03
 -6.2852791e-03
  1.0578578e-02
  4.4199121e-03
 -6.2629464e-03
 -7.7955150e-03
  5.7949922e-03
  7.7613585e-02
  1.6525259e-02
 -3.9198822e-03
  3.9747093e-02
 -1.2121524e-03
  5.0871549e-03
  2.4726340e-03
  4.2593144e-02
 -1.6112186e-02
 -8.1229366e-05
  2.5888344e-03
 -2.6466909e-03
 -9.2789270e-03
  8.3978295e-02
 -1.5521160e-01
  3.1621236e-01
 -1.1590571e+00
  2.4595929e-02
  4.6682462e-02
 -1.8571197e+00
  4.0296219e-02
 -1.4924289e+00
 -8.7006170e-01
 -1.2276140e-03
  2.8083709e-01
  5.5377525e-01
 -1.3380499e-01
 -6.0795434e-04
  2.8989068e-01
  8.9868074e-03
 -2.5657056e-02
  3.5652271e-01
  1.2690067e-01
 -3.9007071e-01
  1.9540278e-02
 -2.3143157e-01
  9.9373441e-03
  1.6527842e-01
 -1.3164122e-03
  3.9745620e-01
 -7.0869036e-02
 -9.9166324e-03
  1.0464174e+00
  2.1251440e-02
  4.9253756e-01
 -5.6730576e-02
  4.6041362e-02
 -3.7350122e-02
  1.2549193e-02
 -2.3371117e-01
  9.6397186e-03
 -1.6645513e-03
  9.6956715e-03
 -7.0762122e-03
 -5.3376113e-03
 -5.7790773e-03
  6.8689212e-03
  1.2176886e-02
  2.1982135e-02
 -4.0257205e-03
 -1.5333186e-04
 -5.9833867e-04
  2.9842111e-03
  7.1871751e-03
  1.8730896e-02
 -2.9190613e-03
  1.1570238e-02
 -1.6034553e-02
 -2.0966567e-03
  8.4101437e-03
 -5.1351972e-03
 -2.1434496e-03
  9.1585022e-04
 -1.1626600e-02
 -3.8221817e-02
  3.4331055e-03
  1.3385136e-03
 -7.9694763e-03
 -1.5662214e-02
  1.4019489e-02
 -7.1882867e-05
 -4.8390166e-03
 -6.8319548e-04
  1.5486088e-02
  8.6424928e-03
  2.5099488e-02
 -5.6836876e-04
  1.1149853e-02
  7.7214343e-03
 -3.7759291e-03
  4.8759268e-03
 -1.1987567e-02
  1.0960337e-02
 -2.5698668e-03
  5.4400200e-03
  5.4948847e-03
  6.1860299e-03
 -3.2973844e-01
 -1.6971667e-03
  8.4263412e-03
  6.2957722e-01
 -1.1556923e-02
 -2.4807958e-02
 -1.4891344e+00
 -2.7359012e-01
  4.6922728e-02
  4.7992598e-03
  1.6188646e-02
 -2.2476027e-02
 -7.8024611e-02
  8.6894333e-03
 -5.7231504e-02
  2.6966988e-03
  2.1936866e-02
 -7.0649162e-03
 -5.6313027e-02
  3.9712936e-01
 -2.2150334e-03
  1.3396062e-03
 -2.6023528e-02
  1.9395409e-02
 -3.4059137e-02
 -1.4215474e-01
 -4.7773304e-03
  1.1174607e-02
  3.5065324e-03
  6.0241856e-02
 -2.0251609e-03
  2.4741511e-03
  2.4990106e-02
  5.7001035e-03
 -1.6439358e-02
 -2.6946014e-03
  1.6171770e-02
 -1.2030692e-02
  4.0589754e-02
 -5.5660182e-03
  2.5033530e-02
  1.6305851e-02
 -1.5837982e-02
 -1.2871487e-01
 -4.7324970e-03
 -5.9110159e-03
  1.0151688e-02
 -6.8362276e-03
 -4.5615874e-02
  2.0609058e-03
 -1.0431603e-02
 -7.4950471e-03
  3.5905447e-02
 -4.9597764e-04
  4.1320985e-03
  3.2800395e-02
  2.6400603e-02
  7.2120065e-03
 -1.9993048e-02
  1.7892851e-02
  1.6990724e-03
 -4.0565263e-03
  6.0558900e-02
 -5.6809378e-03
  1.5296290e-02
  7.7618472e-03
 -3.1342874e-03
  1.8491158e-02
 -9.9989371e-03
  7.5277133e-04
  3.5805609e-02
 -1.3692611e-03
  1.1934651e-02
 -1.2897688e-02
 -2.3328237e-02
 -4.8739266e-02
  1.7554648e-02
 -3.8656127e-02
  4.0228732e-02
  9.6293595e-03
  1.0532731e-02
 -1.1897760e-03
 -3.9218474e-04
  1.4625092e-02
 -1.3371568e-02
  1.0981870e-02
  2.7244503e-03
 -6.1168969e-03
 -7.0760022e-03
  1.9810129e-02
 -1.1398179e-03
 -1.0213573e-02
  4.0196041e-03
 -9.5483344e-03
  7.0297653e-03
 -6.5855950e-04
 -1.0396844e-02
  2.2146048e-02
 -2.0814272e-02
  2.2481738e-02
  2.6453478e-02
  2.5394021e-03
  4.0853070e-03
 -7.9335375e-03
  6.7499658e-04
 -1.3570380e-02
 -1.6172228e-02
  1.0919928e-02
  1.6642520e-02
 -1.9045403e-02
  8.6776949e-03
  4.0125484e-03
 -7.4328827e-03
  6.6405204e-03
 -1.1273010e-02
 -1.7420555e-02
 -3.1056984e-03
 -7.6617729e-03
 -3.5963506e-02
 -6.8033570e-03
 -2.0779861e-02
  1.8605579e-02
  2.3252940e-04
 -8.5901860e-03
  1.6801253e-02
  1.3086917e-02
 -2.0560248e-02
  4.7486708e-03
  1.6535264e+00
  3.2727700e-01
 -3.4358911e-03
 -1.5610045e-02
 -1.0249175e-01
  2.4037706e-03
  4.5894396e-01
  1.1556835e-02
  2.2936653e-02
  6.3057385e-02
 -2.5333639e-02
  6.2094584e-02
 -2.7101353e-01
 -1.3991465e-01
 -1.9565704e-03
  2.5100240e-03
 -1.3250478e-02
 -1.3326240e-01
  1.4407137e-01
 -9.2803221e-03
  3.0017072e-02
 -3.1346653e-03
 -6.9725066e-02
  1.0027614e-01
 -3.2434471e-02
  5.2733268e-03
  1.1083647e-01
  2.0417579e-02
 -1.3647875e-02
  2.5634847e-03
  9.9376746e-02
 -1.7593889e-02
 -6.5038060e-03
 -4.4259443e-03
 -1.2282424e-03
  2.7563045e-02
  9.0855639e-03
 -2.8358097e-03
  4.2403266e-03
  1.2788710e-02
 -2.4394642e-01
 -1.3170425e-02
  8.5446224e-02
 -3.8229518e-02
  5.0818953e-03
 -2.6858461e-01
 -5.0430452e-03
 -1.8868038e-02
 -2.0112243e-02
  7.8175575e-02
  3.9175850e-01
 -1.5087877e-02
 -3.0826719e-02
  3.9887390e-01
  1.4744422e-03
 -2.8568974e-01
 -3.0025190e-02
  5.6303110e-02
 -4.1947020e-03
 -6.3156919e-03
  6.0098577e-01
 -8.0831564e-04
  4.9618434e-02
  3.9072041e-03
  2.9655868e-01
 -1.2247135e-02
 -1.5052424e-01
  8.8302046e-02
 -1.0901271e-02
  9.7288907e-02
 -3.4043003e-02
 -4.7798994e-01
 -2.4246443e-02
 -1.5900944e-01
  2.3996072e-02
  9.2502097e-03
  4.4928822e-01
  4.6081588e-02
  3.8324180e-03
  8.3017219e-03
  4.3039110e-02
 -2.2761957e-03
 -3.1015998e-01
 -9.1670407e-03
 -4.0789132e-04
 -3.1237276e-03
  1.8012935e-03
 -7.7923075e-03
 -3.5106135e-03
  1.2999550e-02
 -1.0865547e-02
 -1.9828871e-02
  1.2812939e-02
 -1.2286012e-02
 -2.8311997e-04
  7.4787056e-03
  2.7995636e-03
  1.2883327e-02
 -6.9341534e-01
  4.7700284e-03
  1.2695269e-03
 -1.8058931e-02
  5.1347103e-02
  9.8758750e-03
  2.5765119e-02
 -8.0722496e-03
 -8.6953240e-03
 -2.1479331e-02
 -4.9011258e-04
  8.6087473e-03
 -4.2558894e-03
 -5.0070221e-03
  8.8697784e-03
 -8.0204317e-03
 -4.1769631e-03
 -1.9270049e-02
 -3.6397304e-03
 -3.4004480e-03
  7.7526965e-03
 -1.1605232e-02
  1.0716414e-02
  1.4843385e-02
 -6.6987388e-03
  1.1741791e-03
  5.7397998e-04
  6.2225191e-03
  9.4016250e-03
  8.6613437e-03
  1.4838069e-02
  4.8772503e-02
  8.7410919e-03
 -4.9280222e-03
 -1.9522542e-02
 -7.6318281e-03
 -1.6879026e-02
 -5.6308996e-02
  6.0586158e-02
 -3.2839072e-03
 -4.2998735e-03
  1.6031617e-02
  1.0392536e-02
 -1.4930932e-02
  1.2842638e-02
  2.6195165e-02
 -8.2667191e-03
  8.4314710e-03
 -1.8963773e-02
  4.2761108e-03
  1.2820944e-02
  3.4118874e-03
  1.1068739e-02
 -1.0194725e-02
 -3.5899533e-03
  1.7814711e-01
  4.0491506e-02
 -1.0374473e-02
 -1.0074484e-03
  4.6456870e-02
  4.0131365e-03
  4.7872057e-03
  1.7034334e-01
 -5.2354466e-03
 -3.6099136e-03
 -1.8654977e-01
 -1.6012467e-02
  6.7050485e-03
 -2.1940202e-02
 -9.0950951e-03
  3.0732196e-02
 -4.6187788e-02
 -4.3219947e-03
 -4.6930142e-02
 -5.7883165e-03
  4.4001346e-03
  1.4530776e-02
 -2.3137240e-02
 -1.1600995e-02
  2.1312700e-03
  5.9701265e-03
  1.0197613e-02
 -1.0216505e-02
  1.1725606e-02
  7.8921393e-03
  1.1288173e-02
 -6.9256581e-05
 -5.3937426e-03
 -3.7204396e-02
  3.3086952e-02
 -2.4354509e-03
  4.3774508e-03
 -8.6909247e-04
  1.3837724e-02
  4.2241598e-03
 -2.0387102e-02
  3.3836120e-03
  6.2904326e-04
  2.5975429e-02
  1.7299570e-02
 -1.5402910e-02
 -7.8496719e-03
 -2.9192497e-03
 -5.8438098e-03
 -2.1939192e-03
  5.9348695e-05
  1.1458354e-02
  4.4939350e-03
 -1.8966876e-03
 -4.3685571e-03
 -8.1116490e-02
  1.4113682e-02
  4.6707867e-03
  2.0349644e-02
  1.4064096e-02
 -2.8060546e-02
  2.4227360e-03
 -5.8574318e-03
  9.6430965e-03
 -5.4152362e-04
  2.5461949e-02
 -3.8838677e-02
 -1.0539697e-02
  5.7476737e-02
  1.0931561e-02
 -8.1959218e-03
  2.0304842e-02
  8.1416555e-02
  1.5267657e-02
 -4.1788239e-02
 -9.4472931e-04
  9.0150191e-03
 -5.0209709e-03
  2.4627200e-03
 -3.7519250e-03
  2.6203750e-03
 -1.1431756e-02
 -1.9645430e-03
  6.0307328e-03
  4.4374879e-02
  1.2831122e-02
 -1.2827885e-02
  3.7192542e-03
 -1.8798555e-03
 -6.8850932e-03
  9.6041569e-03
 -1.7249275e-03
  5.8722137e-03
  1.4896220e-02
 -2.1451507e-03
 -6.4236894e-03
  1.1542190e-03
  8.9070620e-04
  1.0049038e-02
 -1.3243026e-02
  2.3313228e-02
  1.3950517e-03
  3.4330085e-02
 -7.4291960e-03
  9.6544571e-04
  1.0221743e-02
 -2.4171851e-03
 -2.4229195e-02
 -2.2280472e-03
 -6.8384353e-03
 -4.6876054e-02
 -2.8641757e-02
  5.1776823e-02
  1.4563763e-02
 -4.1967239e-02
  1.1412656e-02
 -3.5974964e-02
 -5.9473305e-03
  4.5281230e-03
 -4.5275628e-03
 -9.1256350e-03
  5.6514679e-03
 -3.9269921e-04
  3.7885602e-03
 -2.2591194e-03
 -1.8141516e-02
 -3.9978558e-01
  1.3939693e-03
  4.0398533e-03
 -2.4536781e-02
 -4.8815859e-03
 -9.0415142e-03
 -1.9963250e-02
 -9.7875269e-03
  1.2018124e-02
  2.0197056e-02
  2.0286303e-03
 -2.2952685e-03
 -5.6099135e-02
 -2.0763269e-03
 -2.7015922e-03
 -6.1220890e-03
 -9.9699048e-04
  1.2544381e-02
 -8.5987290e-03
 -6.8082444e-02
  2.2841319e-03
  1.6246935e-02
  1.0631882e-02
  1.3012785e-02
  2.0594886e-03
 -6.7172968e-03
  5.3580705e-02
 -3.8966308e-03
 -5.5290602e-02
  3.3892646e-02
  5.1015571e-02
 -1.9889664e-02
 -1.9070312e-02
  2.8460151e-02
 -9.6488437e-03
  8.0612592e-02
  1.1696398e-02
  3.1116970e-03
  1.7568126e-03
 -3.3567592e-03
  1.6904481e-02
 -3.3924830e-04
  4.3257490e-02
  1.6652874e-03
 -6.1368779e-03
 -1.3817737e-02
 -2.7169520e-02
  3.7653511e-03
  1.3757177e-04
  2.1858326e-01
  7.8338319e-03
  2.1628257e-02
 -1.7037772e-03
  5.2833664e-03
 -8.7278206e-03
  2.2736094e-03
 -1.3335102e-02
  8.0509754e-03
 -6.6335257e-03
 -5.8303853e-03
  6.8719904e-03
  6.8272841e-03
  1.3739533e-02
  9.5216669e-03
 -1.2239193e-02
  5.0109561e-04
 -9.6101714e-03
  1.3848444e-03
 -3.6309615e-02
 -7.8919271e-05
  3.0430479e-03
  3.8547583e-03
  2.4517080e-02
  1.3048379e-02
 -1.1821708e-02
 -4.1129359e-04
 -1.0805681e-02
  4.1168137e-03
 -2.5627529e-03
  1.1490342e-02
 -2.5078917e-03
  1.3884080e-02
 -1.3454926e-02
  1.3345398e-02
 -7.9597477e-03
 -1.0121968e-02
 -9.5018269e-03
 -1.2854780e-03
  2.0341385e-02
 -2.2860508e-02
  1.2901001e-02
 -8.1753246e-03
  2.1106604e-02
  1.3896591e-02
  2.5686885e-03
  5.6802998e-03
 -8.9000538e-03
  5.4337285e-03
  1.0104842e-02
 -3.5378215e-01
 -8.6166069e-04
 -1.0206629e-02
  8.7862095e-04
 -1.1421409e-01
  1.1879618e-02
  1.3121455e-02
 -4.8220926e-04
  5.1875766e-02
 -6.6834956e-02
 -3.7126878e-01
  2.8922051e-02
  2.0414725e-02
 -1.4390518e-01
 -7.6475381e-03
  3.4200129e-01
 -5.5633988e-03
 -1.2366327e-02
  9.0908833e-02
 -2.9284188e-01
  8.8948365e-03
  1.0565192e-02
 -5.6181182e-03
  1.3072877e-03
 -2.4128934e-02
  2.2985348e-03
  8.0318982e-04
  1.4375865e-02
 -1.7209318e-02
 -2.8336044e-02
 -1.4821037e-02
 -8.4585570e-02
 -1.1067284e-02
 -3.9227186e-03
  4.8292462e-02
 -1.1926319e-02
 -1.8686061e-03
  1.3980042e-03
  7.8673782e-03
 -9.9983336e-03
 -5.8641454e-04
 -2.2669539e-02
  2.7538505e-01
 -3.3628582e-03
  4.0556733e-03
 -2.8410770e-03
 -3.0766893e-03
  2.0880817e-02
 -1.4243121e-02
 -2.1519340e-03
 -7.8003842e-01
 -3.5871072e-03
  2.1134844e-02
 -2.7749544e-01
  1.4143768e-02
  1.1020073e-03
  7.1641575e-03
  3.6865200e-03
  2.8117837e-02
  2.0286611e-03
  2.4496856e-01
 -1.0736812e-02
  6.4365231e-03
 -1.2205023e-02
 -1.0800039e-02
  5.6793769e-03
  4.0550451e-03
  1.6416434e-02
  1.6196862e-02
  1.1761335e-02
 -2.5152727e-03
  3.4003358e-02
  1.1082143e-02
  1.4221443e-02
  3.3919457e-02
  3.4603404e-04
 -8.0099232e-02
  3.9803162e-03
 -1.7260402e-02
 -7.5369067e-03
  2.0330824e-04
 -1.3857923e-02
 -1.8511953e-02
 -1.3400275e-03
  3.9366178e-02
 -5.9123047e-02
  1.7321851e-02
 -2.8854089e-03
 -1.4785374e-02
  2.1407295e-02
  9.4491662e-03
  1.6901080e-02
  1.4902259e-02
  1.5209348e-02
 -7.5458069e-03
 -1.4986380e-02
 -6.8075303e-03
 -2.8783688e-02
  5.9649041e-03
  1.5305841e-03
 -1.5427954e-02
 -6.1534140e-03
  3.5082200e-03
 -5.4669860e-03
  1.2606011e-02
  6.1588506e-03
  9.5549468e-03
 -5.9052925e-03
 -1.7115249e-03
 -1.7522916e-02
 -6.7169233e-03
  3.5840862e-03
 -1.2644196e-02
 -1.1194089e-02
  2.9058261e-03
 -9.8891696e-03
 -9.4035370e-03
  5.9615434e-03
 -3.8943021e-04
  2.6627553e-03
 -1.6736122e-02
 -1.9993586e-03
 -3.5111734e-03
 -8.7248273e-03
  3.3361856e-02
  4.8445106e-01
 -7.1110851e-03
  8.8586463e-03
  2.7366094e-02
  1.4592599e-03
 -1.8584047e-01
  7.5471140e-03
 -2.2933865e-02
 -4.9839672e-03
 -6.4072430e-02
  4.0134288e-02
  1.1461508e-02
  1.8415486e-02
 -2.2385149e-01
  1.0120454e-01
 -6.5644514e-03
 -7.6127090e-02
  1.6009910e-02
  3.0247371e-03
 -3.9379966e-02
  2.4295699e-02
  1.4387898e-03
  2.7717147e-03
 -6.1636424e-01
  2.3625925e-02
  4.1623477e-02
 -1.3528526e-02
  1.5221195e-03
  3.7170673e-04
 -2.1264602e-03
  1.7682722e-01
  1.9009782e-03
  1.8801245e-01
 -2.2491289e-02
 -6.0221786e-03
  5.5040675e-03
 -1.4468567e-03
  1.2453191e-02
 -1.0261814e-03
 -1.9980675e-02
  2.6993926e-03
 -2.7341435e-03
  2.9263044e-02
 -9.6356824e-02
 -4.3813215e-04
  3.2566194e-03
  2.4967939e-01
 -1.4551220e-02
  3.2945340e-03
 -6.7064939e-03
 -5.1632691e-02
 -1.1025278e-01
  5.3170267e-03
  2.0106132e-01
 -1.9711301e-01
 -1.9681572e-03
  2.4820946e-01
 -6.7641675e-03
 -8.5697211e-02
 -1.0672598e-02
  3.8812000e-02
 -3.7768069e-01
  6.8256157e-03
 -3.6441624e-02
 -1.6366986e-03
  2.4024582e-02
  2.1801109e-03
  2.0905311e-01
  5.3319484e-03
  4.1293158e-04
 -1.2901933e-02
  1.9517587e-02
  5.1242728e-02
  5.9758350e-02
  2.2027773e-01
 -4.8042112e-03
  1.0008004e-02
 -1.7195302e-01
 -1.8960295e-02
  9.8363974e-04
 -1.0768415e-02
 -5.6131296e-03
 -6.1975857e-03
  4.5553944e-03
 -5.4110728e-06
 -1.7883989e-03
 -1.1131351e-03
 -1.6151039e-02
 -3.5691424e-04
 -2.2152556e-01
  3.0393484e-03
 -1.0144006e-02
  6.6734459e-03
 -1.4711409e-02
 -2.1476022e-03
  2.5831123e-03
  7.9626823e-03
 -1.3347759e-02
 -1.0079108e-01
 -1.2805011e-02
 -7.9437196e-03
 -1.3526471e-02
 -1.2334989e-02
 -4.7358161e-01
 -2.4188152e-02
 -1.2663756e-01
  3.1472263e-03
 -2.5714178e-02
  6.9360982e-04
 -4.5202598e-03
  1.1188743e-02
  5.1081855e-02
  6.6363090e-03
  3.9338574e-02
 -5.0075237e-02
  1.9607309e-03
 -1.3505787e-02
 -7.4035688e-03
 -4.4442013e-01
 -1.3968702e-03
  5.1871268e-03
 -2.6908251e-03
  1.9751856e-02
  1.2352719e-02
 -3.3961216e-03
  1.1912324e-03
  1.1789654e-03
  1.8866399e-02
  3.7362698e-01
 -1.4550060e-02
 -9.7218882e-03
  1.1026283e-02
  1.4811691e+00
  2.1220339e-02
 -9.3549797e-03
 -1.6621033e+00
 -1.1580361e-02
  1.9147122e+00
  2.4960117e-02
 -6.0090227e-03
  1.3761546e-03
 -1.3127288e+00
 -4.9445841e-01
  7.8146793e-03
 -1.8571651e-02
  1.9140565e-01
  4.6881682e-01
 -6.0083424e-03
 -3.2285476e-01
 -1.0599384e-02
  1.3522203e+00
  1.3442779e+00
  4.9238047e-03
  1.8552482e-01
 -7.7306467e-01
 -9.7605944e-01
 -5.2956730e-06
 -1.0887175e+00
 -4.5957244e-03
 -1.0138635e-02
 -8.8924313e-01
 -1.0864218e-02
  5.3289678e-04
 -8.1238360e-04
 -1.9115026e+00
 -8.6000338e-02
 -2.5648216e-03
 -2.3917407e-01
  2.6031601e+00
 -4.3746708e-03
 -1.0479536e-02
  1.0102723e-03
  8.3819211e-01
 -1.5927791e-03
 -1.4392437e-03
  8.3502877e-01
  4.6764472e-01
  9.4819129e-02
 -1.1273984e+00
 -2.0272724e-01
  2.6888827e-02
  1.5427506e-03
  1.3037431e+00
 -3.2923895e-01
  9.2412829e-02
  6.2618041e-03
  4.6543039e-02
 -6.1943140e-03
  5.2223127e-02
 -5.1486963e-01
  3.4005332e-01
 -8.4613472e-01
  7.9730403e-01
 -1.6038770e-02
  7.8037369e-01
 -5.7167248e-03
  9.8934650e-01
  1.2117290e-03
 -6.4383256e-01
  7.4625772e-01
  2.0701802e+00
 -8.9715933e-03
  1.0223922e-01
  9.5391625e-01
 -3.4035873e-01
  1.8551424e+00
  2.0032868e-02
 -5.2560955e-01
 -3.4128290e-01
  9.0233013e-03
 -6.1155748e-01
 -1.2408588e+00
  9.7803818e-03
  2.6381752e-01
  2.7090760e-03
 -1.6843741e-01
  1.3978502e-01
 -6.6354865e-01
  2.3409165e-02
 -6.8519825e-01
  1.9568335e-01
 -7.8949258e-03
  8.2155460e-01
  8.3792722e-01
 -2.4089552e-01
 -1.4796910e+00
 -1.1005618e-01
  9.3601793e-01
  8.9438289e-01
  2.9607883e-01
 -5.7916898e-02
  2.2217200e+00
 -1.1345053e-02
 -5.5753719e-04
 -2.1683676e+00
 -2.3834662e+00
  2.6671603e-01
 -2.6184753e-02
  1.3318903e+00
  1.9968977e-02
  3.2677215e-01
 -8.8685340e-01
 -3.9610374e-01
  2.8088491e+00
 -3.8233244e-01
 -5.7706958e-01
 -1.9915594e-01
 -5.2118629e-02
 -9.1544250e-03
 -3.5164900e-02
 -3.2619953e-01
 -1.6595791e-01
 -1.3628417e-01
  4.6644107e-01
  6.1054116e-01
  4.8041165e-01
 -1.8101336e+00
  7.9025608e-01
  1.4594193e+00
  8.0174506e-01
 -4.7725596e-02
  1.7834635e-01
  3.3612707e-01
  1.7703041e+00
 -1.6755600e+00
 -5.5161631e-01
  3.2845232e+00
 -7.2349018e-01
 -3.7118667e-01
  9.8764944e-01
 -1.0370389e+00
 -7.4000663e-01
  1.6350234e+00
 -4.4841760e-01
 -8.0055349e-02
 -6.7426139e-01
 -5.0100994e-01
  7.5775182e-01
  1.4392970e+00
 -2.4844298e-02
 -1.2189684e+00
 -6.9227308e-01
  3.9014223e-01
  1.6983995e+00
  1.4840654e+00
  6.6083372e-01
 -5.5508834e-01
 -1.4338771e-01
  6.9827551e-01
  6.1648500e-01
 -2.0132634e-01
 -1.9967641e+00
  3.6392182e-01
  1.5530059e+00
 -1.9169447e-01
 -1.7600240e-01
  2.0983532e-01
  9.9829221e-01
 -3.6256928e-02
  8.3629251e-01
 -1.8619639e+00
  2.0953872e+00
 -1.6246355e-01
  4.1249737e-02
 -6.9776207e-01
  1.7282011e-02
  4.4422570e-01
  6.7247697e-03
  2.1276772e+00
  6.6700727e-01
 -1.3612683e+00
  1.9645168e+00
 -6.5209979e-01
 -8.1380129e-01
 -7.4144679e-01
  4.6826147e-02
 -1.8269602e+00
 -9.0887934e-02
  1.6689939e+00
 -3.8890175e-03
  3.0082686e-02
 -5.8181483e-01
 -7.3998308e-01
  4.0108842e-01
  7.6521510e-01
 -2.1271721e-02
 -5.3047633e-01
  1.0965070e+00
 -3.2603335e-01
 -9.7994047e-01
  2.3912050e-01
  1.1075146e+00
  2.7162284e-02
  5.5579013e-01
  8.9722447e-02
 -1.4466028e+00
 -2.3515575e+00
 -2.0946040e+00
 -1.6527484e-01
  2.0845510e-01
 -4.6556088e-01
  1.9843161e-01
 -5.9006959e-02
  5.5487561e-01
  1.6148489e+00
  1.2792721e+00
  3.8589710e-01
 -1.7739435e+00
  5.0156105e-01
  1.4474704e+00
 -3.4823804e-03
  2.7234623e+00
 -2.4734540e+00
 -1.1838773e+00
  8.1649584e-01
 -1.5054660e-01
 -7.6469481e-01
  5.2607381e-01
  9.0233618e-01
  1.0466020e+00
  8.5556817e-01
 -5.3561723e-01
 -3.2058904e-01
  1.1788666e+00
  2.2305102e+00
 -6.2935758e-01
 -1.2984685e+00
  7.2794616e-01
  1.3546586e+00
 -6.7558020e-01
 -2.0978959e+00
  6.1024445e-01
  1.9457791e-02
  5.2689505e-01
 -9.5522754e-02
 -8.3581805e-03
 -2.6083910e+00
 -2.2079919e-04
 -2.2752734e-01
  3.0164182e-01
  1.4440329e+00
  1.9733752e-01
 -2.3510437e+00
 -7.5934583e-01
 -1.1788224e+00
  2.0494525e+00
 -1.0575361e+00
 -3.8425821e-01
 -1.3338010e+00
 -3.1290102e-01
 -4.8690739e-01
  8.5417777e-01
  5.9557151e-02
 -1.4014868e+00
  7.0953920e-02
  1.6350916e-01
  1.4014165e-01
 -8.6786669e-01
 -5.6705332e-01
  2.5944587e-02
  1.2809754e-02
  1.2325760e+00
 -7.0859694e-01
  6.3209677e-01
 -1.8996930e-01
  7.9067135e-01
 -8.3347978e-03
  4.5953132e-02
  1.2276469e+00
 -1.9248416e+00
 -6.9786776e-03
  9.8312572e-02
 -2.5953984e-02
 -1.9041905e-02
 -1.4774574e-04
  7.6092645e-03
  5.6710124e-01
 -7.5137621e-01
 -2.7938511e-03
  9.5825801e-03
 -2.0682934e-01
 -3.6550277e-01
  1.6773524e-02
 -1.4053276e-03
  9.3273777e-01
 -6.9060051e-01
 -3.8114190e-01
  1.2787897e-03
  1.1162589e+00
 -8.3291262e-01
  2.2872323e-03
  4.0129155e-02
 -8.7016416e-01
  8.7055767e-01
 -1.4926111e-02
  5.1349741e-01
 -8.2952124e-01
 -6.9971010e-02
 -3.7651066e-02
 -1.5772833e-02
 -1.0647691e+00
  8.2218784e-01
  1.4866699e-01
  1.3478443e-01
 -1.2912314e+00
  1.1948841e+00
  1.6015459e-02
  2.1817239e-01
 -2.2468731e-01
  6.3899286e-02
  3.7574697e-01
 -4.6886870e-01
  1.5237458e+00
 -3.6870470e+00
 -1.5986009e+00
  3.4347139e-03
 -8.1964993e-01
  8.8335162e-01
  6.3588671e-02
  4.6486729e-01
  2.5092810e-01
  9.6814108e-01
 -1.0404581e+00
 -7.9238981e-01
 -8.5857391e-01
  4.5749962e-01
 -2.3202563e-02
 -1.3957307e+00
  3.1322696e+00
  6.2824404e-01
 -7.4351978e-01
  1.8716918e-03
  1.3357885e+00
 -9.4788119e-02
 -1.9158438e+00
  4.3261331e-01
  2.7936929e-01
 -9.8649907e-01
 -2.0111869e-01
 -2.0358808e-02
 -3.8240347e-03
 -1.8509556e-01
 -9.2627378e-03
 -4.2455117e-03
  7.2780371e-01
  9.2400629e-03
 -2.0432881e-01
  2.3856463e-01
 -1.5708018e-03
 -2.2433409e-02
  1.3967264e-02
 -5.3299743e-01
 -2.0806592e-02
 -1.0713737e-02
 -1.9087423e-02
  2.8331101e-02
 -3.7835872e-01
  1.5956406e-03
 -1.9806808e-02
  1.7803153e-01
  4.6597135e-01
 -1.6861146e-02
  1.6906599e-02
 -1.0511488e+00
 -1.2787789e+00
 -2.9802438e-02
 -4.8031723e-01
  6.1486834e-01
 -5.6978798e-01
 -1.5143204e-01
 -3.1292818e-03
 -1.3994038e-01
 -7.6800340e-01
 -2.0903736e-02
 -1.2403740e-01
 -7.7004597e-02
  1.5208219e+00
 -1.1358348e+00
 -1.1396699e-02
  1.6759394e-02
 -1.3924452e+00
  5.7820515e-03
 -4.1528720e-01
 -6.9523282e-02
  1.0355510e+00
 -9.4097501e-01
  4.4511628e-01
  4.0423241e-01
 -2.0922406e+00
 -3.2411620e-02
 -2.5537539e-01
  9.2859343e-03
  2.2980688e+00
 -3.0154720e-01
  3.2809563e+00
 -4.3657631e-01
  3.2466954e-01
 -1.2461614e-01
  1.7368237e+00
  2.7356231e-01
  7.6870048e-01
 -4.9627802e-01
 -1.4027889e+00
 -3.0842751e-01
  3.7214360e-01
  4.2536603e-03
 -1.3933574e+00
  2.9014030e-03
  6.5024722e-01
 -8.9283884e-01
  1.0412219e+00
 -1.6429696e+00
  2.9495587e-03
  2.3099087e-02
 -7.9549169e-03
 -3.4741383e-02
 -2.5101058e-02
  5.5289525e-03
 -7.4292785e-01
 -1.1614422e+00
 -2.0082952e-03
 -6.9472872e-02
  4.7828054e-01
  2.9118830e-01
  6.9252276e-03
  8.7849265e-03
  8.3140731e-02
 -1.6012502e-01
 -1.1902064e+00
  2.7163638e-02
 -9.1119725e-01
  1.9043167e-01
 -1.4328600e-01
  1.4216376e-03
  2.1597497e-02
 -4.0991649e-01
 -1.7185418e-01
  7.9890043e-02
  7.7233440e-01
 -3.4029782e-01
  8.1605422e-01
  1.8042371e-02
  3.4764826e-01
 -5.0093842e-01
  1.3516565e-01
 -9.2470227e-04
 -1.8348558e-01
 -2.0972502e+00
  1.0039030e+00
 -8.4987038e-01
 -1.8742185e-02
 -5.2511603e-02
  6.5102917e-01
  4.2838655e-02
 -1.0342555e+00
 -1.0009950e-01
  2.1372497e-01
 -1.0569048e+00
 -7.6993108e-02
  5.7439792e-01
  6.7388892e-01
 -2.4658816e-02
 -2.9109719e-01
 -2.4996392e-02
  4.2337582e-01
 -7.1652806e-01
 -8.7442654e-01
 -1.8091926e-01
 -9.2214346e-01
 -1.6358113e-02
 -1.1266159e+00
 -1.1503769e+00
 -1.9402304e-01
 -3.1339338e-01
  2.0222887e-02
  2.5798989e-02
  7.6855105e-01
 -6.0259056e-01
 -7.2244890e-02
 -1.5667251e-01
  4.9825981e-01
 -3.3089668e-02
 -1.6470203e+00
  7.1920723e-01
  9.7757995e-01
  4.3055476e-03
 -1.2341795e-03
 -3.5917640e-03
 -1.7917446e-03
 -1.0621831e-02
 -4.8981104e-02
  1.7430167e+00
  3.7884495e-01
  5.6426998e-02
  8.8050896e-01
 -1.0100420e+00
  6.5560937e-01
  2.2046452e-02
  1.3639657e-01
  4.4038495e-01
  6.5926060e-02
  2.6486520e-02
  5.1873308e-01
  7.0333093e-01
  5.9138721e-01
  4.9757671e-02
  7.6079118e-01
  3.4559986e-01
  3.3110484e-02
  9.5803225e-03
  1.2045779e-03
  8.4385347e-01
  3.9384869e-01
  7.0615173e-03
  4.8130948e-02
  9.1151577e-01
  2.6997015e-01
  1.5078191e-02
  1.6471889e-02
 -1.1880187e-01
 -1.4871755e-01
 -1.9182043e-01
  5.2558323e-03
  2.1850612e-02
  2.3968247e-01
  9.3556438e-03
  2.0293267e-03
  2.2432939e-03
 -3.8233039e-01
 -2.1066128e-01
 -2.1327056e-02
  2.8009093e-01
  1.5880929e+00
 -1.4194439e-03
 -1.0236041e-02
  1.6881290e-03
 -6.6039182e-02
  1.1648172e-02
  2.0442442e-03
  8.8107519e-02
  5.9556019e-01
 -9.3983161e-01
 -4.6654460e-03
  7.4682467e-02
  4.0894356e-01
  1.4348712e-04
  2.4666395e-02
 -3.3409846e-01
  5.4314059e-01
 -8.0500013e-01
 -2.9921019e-02
  1.1987687e-01
 -2.1264845e-01
  4.6963203e-05
  7.7765934e-02
 -8.5926905e-02
 -1.1555144e+00
  1.4500099e-02
  8.7896595e-03
 -4.0529293e-01
  2.7217382e-01
 -4.5281406e-03
 -4.9790736e-02
 -1.6344762e-01
 -8.0522019e-01
  1.2033740e-01
 -4.0941354e-02
 -1.0199629e+00
  3.4912771e-01
  2.7487017e-03
  4.0389818e-01
  2.9866409e-02
  9.8247266e-01
  3.9072135e-03
  7.1889558e-04
  6.9751465e-01
 -8.6831462e-01
 -7.1392007e-02
  1.0503615e-02
 -6.8494278e-01
  1.9721599e-01
 -2.3698717e-02
 -2.7107623e-01
  4.7099853e-01
  1.5741029e+00
  1.2858888e-02
 -3.9160141e-01
 -1.7738428e+00
  1.6635798e+00
 -1.2586731e-03
  2.7734071e-02
  2.7734071e-02
  2.7734071e-02
  2.7734071e-02
  2.7734071e-02
  2.7734071e-02
  2.7734071e-02
  4.5671934e-01
  4.5671934e-01
  4.5671934e-01
  4.5671934e-01
  4.5671934e-01
  4.5671934e-01
  4.5671934e-01
  3.2051027e-01
  3.2051027e-01
  3.2051027e-01
  3.2051027e-01
  3.2051027e-01
  3.2051027e-01
  3.2051027e-01
  7.1556397e-02
  7.1556397e-02
  7.1556397e-02
  7.1556397e-02
  7.1556397e-02
  7.1556397e-02
  7.1556397e-02
  3.7431113e-02
  3.7431113e-02
  3.7431113e-02
  3.7431113e-02
  3.7431113e-02
  3.7431113e-02
  3.7431113e-02
  5.2305448e-01
  5.2305448e-01
  5.2305448e-01
  5.2305448e-01
  5.2305448e-01
  5.2305448e-01
  5.2305448e-01
