nep4_zbl 2 Mg Bi 
zbl 1.25 2.5
cutoff 7 4 81 16
n_max 6 6
basis_size 8 8
l_max 4 2 0
ANN 50 0
 -1.8950284e-01
  3.6714035e-03
  1.9623400e-03
  1.9445210e-03
 -2.9639686e-03
  2.5244493e-03
 -5.0984826e-03
 -6.7602349e-03
 -7.3693093e-04
 -9.3378844e-03
  1.6377402e-03
 -1.0358866e-03
  7.4150665e-03
 -1.3517878e-02
  1.0974418e-03
 -2.4574245e-03
 -8.9274038e-04
  1.1300446e-02
  3.7789731e-03
 -2.0060716e-03
  1.6752914e-02
 -7.5474088e-03
  2.1628463e-03
  2.0479183e-03
  1.5134361e-03
  5.2958191e-03
  2.8794417e-03
  1.7616510e-02
  3.6672952e-03
  1.4155016e-03
 -1.8904243e-03
  9.3657002e-02
 -4.4400943e-03
  9.0289739e-04
 -2.4721373e-03
 -4.2823339e-03
 -7.3337025e-04
  9.4719781e-03
  5.7346620e-05
  1.7235040e-04
  9.8453567e-04
 -4.7227938e-04
 -9.4421413e-03
  1.8059681e-03
  1.6627121e-01
 -5.8068424e-03
  9.7658999e-02
 -7.3566353e-03
  3.3168420e-03
 -1.7539139e-03
 -7.2285929e-04
 -2.4238345e-03
  5.7242024e-03
 -1.2053666e-02
  1.6029644e-03
  6.5268734e-03
 -4.4258963e-04
  1.0637664e-03
 -1.5758006e-02
  1.1314305e-02
 -7.6548136e-03
 -1.2727003e-04
 -2.1174738e-01
  1.0452303e-04
 -5.2121882e-03
  2.1312209e-03
  1.6054268e-03
  2.0603384e-04
 -9.5721474e-03
 -4.8673125e-03
  7.8213885e-03
 -5.9946142e-03
  6.3750679e-03
  1.6503849e-03
  1.4432821e-03
 -7.6042302e-04
 -2.7937659e-03
  6.4124325e-03
 -2.0072379e-03
  3.0703490e-05
 -4.7265566e-03
  1.8001944e-02
 -6.6256482e-04
 -5.6278026e-03
 -2.6404848e-03
 -4.9498994e-03
  1.4616605e-03
 -1.3784954e-04
  7.4695330e-03
 -2.8568984e-03
 -4.7496078e-03
  4.4245386e-04
  1.6881090e-03
 -6.3652447e-03
  8.6362679e-03
 -1.4052379e-03
  6.8003181e-03
  7.3581579e-04
 -3.2706391e-03
  6.4054172e-04
 -1.8421591e-03
 -2.3636648e-03
 -5.4866392e-03
 -9.2384964e-03
  5.7952204e-03
 -8.1920074e-03
  1.0936224e-02
 -1.1085143e-03
  5.0344144e-04
  5.7276688e-03
 -1.9905991e-03
 -8.0212252e-04
  6.6549880e-03
 -8.3482554e-03
 -3.8578447e-03
  7.4268685e-04
 -1.3325731e-02
 -2.3851483e-04
  1.9677151e-03
  4.6177874e-03
  2.2411591e-03
  3.2629058e-02
  1.5740674e-03
  1.7287116e-04
 -1.5771035e-03
  1.2477909e-02
  1.3998549e+00
 -6.1078318e-03
 -5.7566810e-01
  5.0906066e-02
 -1.9213328e-01
  4.9490849e-03
  4.6837944e-01
  8.6840254e-04
  6.6117626e-03
  2.9562607e-03
 -9.5532812e-02
 -1.1923016e-03
  3.8834854e-03
 -5.5977279e-01
 -1.2615097e-03
  1.3314006e-02
  2.9858489e-02
  1.1973333e-01
  5.9576180e-02
  5.7433117e-03
 -3.4398541e-02
  4.8283180e-03
  6.5039289e-03
  3.2127488e-03
 -5.9168064e-04
  5.9355479e-01
  6.8758619e-03
 -2.8547628e-03
  8.1395255e-03
  3.8466584e-03
 -1.9926876e-03
  6.7570284e-03
  9.7309396e-04
  5.2097761e-03
  1.6183564e-03
 -8.1652282e-03
 -1.1931113e-02
  7.8144735e-03
 -5.4059853e-04
  6.6326489e-04
 -8.2763359e-03
 -6.1890208e-03
  1.5256491e-03
 -2.4330516e-03
  1.7759003e-03
  5.2459855e-03
 -7.9500880e-03
 -6.7816500e-04
 -4.4250018e-03
 -6.0507923e-04
 -9.9500176e-03
 -6.5749552e-04
  4.7715143e-03
  3.3699075e-04
  2.3802831e-04
 -2.4376989e-03
  2.4079576e-03
 -3.9465055e-03
  3.4649574e-04
 -5.2396408e-03
  1.2621727e-03
 -1.6450413e-03
 -3.7655467e-04
 -1.4173894e-03
  2.7936304e-03
  1.7337507e-02
 -1.7766708e-03
 -4.3711939e-04
 -1.0314084e-02
  1.4625816e-02
 -6.1934562e-03
  1.1456455e-03
 -5.0622746e-03
 -4.4000391e-03
  1.7853800e-03
 -1.4447047e-03
  5.3264308e-03
  7.8209890e-03
  1.3508447e-03
 -2.9520600e-03
 -3.5746128e-03
  1.6711534e-03
  5.6383293e-03
 -2.2043656e-03
  6.0368930e-03
  7.7426188e-02
 -2.1400638e-02
  7.4142404e-02
 -2.6492827e-02
  3.4760439e-03
  1.6640928e-01
 -2.5352153e-03
  4.0467312e-03
 -7.0915138e-04
 -1.7726189e-02
  4.0396068e-02
 -2.6166667e-03
 -1.9698353e-01
 -7.3453237e-04
  1.2119405e-02
  5.7331823e-02
 -7.0639099e-03
  7.9541638e-02
 -1.0084079e-02
  3.0075820e-02
  1.7876666e-04
  6.9117290e-04
 -4.7862516e-03
  1.7693723e-02
 -6.0015582e-03
 -8.2270280e-03
 -7.6799735e-04
  2.6572945e-03
 -5.7640383e-03
  1.0505075e-02
  2.3120329e-02
 -1.1394636e-01
  2.9145924e-03
  1.6101883e-04
 -8.6803213e-03
 -3.3164383e-03
 -3.6533915e-03
 -8.7658679e-03
  4.2967411e-04
 -4.6449688e-05
  2.1880374e-03
 -8.6438797e-02
 -1.1078907e-03
 -8.6947650e-05
 -3.5909121e-03
  3.1891820e-01
  1.3502141e-02
  1.7416846e-03
  5.1741995e-04
 -1.4336730e-03
 -2.4502631e-03
 -6.4322692e-03
  4.1204621e-03
 -1.2612840e-02
 -2.0108569e-02
  7.5220544e-04
 -2.2621881e-03
  3.6380100e-03
  3.6443796e-03
 -5.1361579e-03
 -1.8504165e-03
 -2.4344323e-03
 -1.6436635e-03
  1.0385393e-02
  5.6990706e-03
 -1.2878329e-03
 -1.4695954e-03
  6.1993641e-03
 -5.2741222e-04
  1.2539427e-03
  3.9459001e-03
 -6.1154058e-03
 -2.1610459e-02
  3.8070342e-04
  7.6841383e-04
  7.0640170e-03
  3.6380524e-03
 -4.9735690e-03
 -1.2083383e-03
  7.9686316e-03
  1.8459447e-03
  3.1140184e-03
 -8.3812010e-03
  6.3428915e-01
  8.2732475e-01
  9.5330561e-03
  1.5324764e+00
  1.1058689e+00
 -4.1401365e-01
 -1.2876868e-02
  3.5780674e-01
  1.9830184e-01
  5.8620113e-01
 -3.2720670e-01
 -1.3884169e-01
 -2.5767174e-03
  1.9383187e+00
  2.2085103e-01
  2.5969756e-01
  3.0523345e-01
  8.0527633e-02
 -5.7379186e-01
 -3.6890633e-04
  1.1418514e+00
 -1.4283513e-03
  1.1627198e-01
 -1.9871962e-01
  1.0729459e-01
 -3.4038460e-01
 -5.1980413e-04
  5.8567989e-01
  3.6511924e-03
  1.8955119e-02
 -3.5412505e-03
 -1.8573873e-02
 -1.1513785e+00
 -3.8702881e-03
  1.1978810e-01
 -9.4526336e-03
  3.1608116e-04
 -1.2074133e-02
 -1.1536710e-02
  1.3969044e-03
  5.5353814e-03
  4.9052787e-01
  1.3471891e-01
 -5.8173449e-03
  8.0748759e-03
 -1.1849197e-02
  1.5359173e-03
 -6.8537705e-03
  2.8940286e-03
  1.2341322e-03
 -5.3593814e-03
  1.1253197e-02
 -8.8914174e-05
 -7.3442436e-03
  1.0528543e-03
 -1.2951804e-04
  1.4206953e-03
  3.0131394e-03
 -8.3844196e-03
  3.2768052e-03
 -5.4972079e-05
 -9.3764523e-03
  5.7455041e-03
 -3.5692623e-03
  1.6676815e-03
  3.2314400e-03
 -5.0789425e-03
  5.5273836e-03
  8.6805160e-04
  8.1596505e-03
  3.7780896e-04
 -1.1915060e-02
  3.4522251e-03
 -3.9970074e-03
 -1.6466461e-03
 -7.0478679e-03
 -3.3262386e-03
  1.4216425e-02
  2.7879971e-04
  3.5982471e-04
 -1.6234022e-03
 -3.7260698e-03
  8.0163963e-03
 -1.9297275e-03
  6.5998272e-03
  6.4205341e-03
 -9.9619292e-04
 -2.1677229e-03
 -4.2365018e-01
 -1.0388913e-03
 -1.1106623e-02
  1.2385914e-03
  9.9933334e-04
 -5.7507707e-03
 -9.7127659e-03
  3.3578519e-03
  6.0474859e-03
 -6.8284441e-03
  5.9170565e-03
  1.6212258e-03
  6.3808332e-03
 -3.2270853e-03
 -7.5913005e-04
 -1.3219331e-03
 -2.5653532e-03
  1.3215581e-04
 -1.0962203e-03
  9.7957782e-05
  5.6933533e-02
 -4.2429026e-03
  5.7806779e-04
 -1.5242764e-03
 -3.0509508e-03
 -3.7393924e-03
 -1.5524328e-03
  3.0478211e-03
 -3.9729387e-03
  3.1293597e-04
 -1.7355564e-03
 -6.2593310e-03
  3.8504504e-04
  6.9910930e-03
  1.8252807e-03
 -9.5407752e-04
  5.4766857e-03
  2.0943563e-02
 -8.5816212e-02
 -7.0272431e-02
 -1.4835007e+00
 -9.2757320e-01
 -1.8468684e+00
  3.2894814e-04
  4.0054834e-01
 -6.1800575e-01
 -2.8472302e-02
 -2.9243499e-01
 -2.6881212e-01
  1.0903367e+00
 -2.4138535e-04
  9.0285319e-01
 -5.6522048e-01
 -4.3230861e-02
  5.7158459e-02
  2.7010977e-01
 -3.3040792e-02
  6.3672214e-04
  5.8036643e-01
  5.4326365e-03
 -3.8321488e-02
 -3.2673848e-03
  1.5351304e-01
 -5.7866644e-02
  6.0228514e-03
  5.2540797e-01
 -4.3249018e-03
 -5.2155969e-03
 -3.6847898e-01
 -6.1672813e-01
  2.4014933e-01
 -3.5163912e-03
  6.9977045e-02
  6.2760767e-03
 -3.6927231e-03
  1.4420049e-01
  1.8098054e-02
 -2.5792760e-01
  3.6681728e-03
 -2.6644582e-03
 -3.4566011e-04
  5.8481399e-02
  5.1878509e-04
  1.3744126e-03
  8.8285806e-04
  9.2631055e-04
 -8.8900970e-03
 -1.1084745e-02
  2.0623186e-03
 -6.7933351e-03
  1.1053833e-03
 -7.2970323e-04
 -7.7437898e-03
 -6.2069516e-03
 -5.6760845e-04
 -6.8980601e-04
 -1.3935356e-03
  5.1195812e-03
 -2.1752586e-04
 -1.0859530e-03
 -5.0547156e-03
  5.0820392e-03
 -5.9211883e-03
 -4.7931150e-03
  3.6129232e-03
 -3.0138153e-03
  4.9485695e-03
  2.1671987e-04
  2.1954537e-03
 -5.0908905e-03
  6.5567158e-03
  2.9479829e-03
 -1.9273066e-03
  2.2063719e-03
 -2.3640695e-03
  7.9298355e-03
  1.6692901e-02
 -5.0714985e-03
  2.4901396e-03
 -3.4883549e-03
 -6.2209094e-04
  8.8355793e-03
 -2.2844417e-02
  9.9630291e-03
 -3.3764521e-04
  1.4269839e-02
 -1.1481552e-02
 -1.3714947e-02
 -2.4541795e-02
  6.2879343e-03
  6.9457851e-03
  1.8383119e-04
 -1.2747848e-03
  5.5550998e-03
 -3.4253355e-03
  4.0466333e-04
  6.7111762e-04
 -3.5954253e-03
 -3.4389501e-03
  9.1471085e-03
  2.2048596e-02
  7.8195822e-04
  7.6631672e-04
  2.1520227e-03
 -5.5860481e-03
  1.0374391e-03
  3.0708231e-03
 -9.0050370e-01
  1.0694865e-03
  2.7257400e-03
 -1.0851598e-02
  2.0694714e-03
 -3.1749223e-04
  5.3262869e-03
 -9.1480901e-03
 -4.4593480e-03
 -1.2529830e-02
  6.5600267e-04
  3.2114892e-03
 -7.3244068e-04
  7.4650371e-03
 -1.3661961e-03
  1.2191889e-02
 -2.2392338e-03
 -1.6500282e+00
  1.5431540e+00
 -1.1525857e+00
 -1.2294295e+00
  7.2983634e-01
  2.7192102e-03
 -1.3205239e+00
  2.9281345e-03
  2.4337237e-01
  1.5970906e-02
  1.2259750e-01
  3.9221793e-01
  1.5290790e+00
 -8.8686585e-02
  3.3215899e-04
  5.3232946e-03
 -4.4007015e-01
 -1.7296270e-01
 -3.0672237e-01
  3.3975027e-03
 -1.7128210e-01
 -6.3601802e-03
  3.3313408e-01
 -2.3838851e-01
 -2.5538984e-01
 -2.0681424e-01
  8.8780103e-03
 -2.1335473e-02
  7.5095607e-04
  2.0670660e-02
 -2.4387215e-03
  2.7777845e-02
 -3.3955890e-01
  2.3080155e-03
 -3.7164100e-02
  1.7737618e-04
 -1.0419940e-02
  6.9256909e-03
  1.2550850e-03
 -9.6360601e-02
 -1.5011132e-03
  1.8749204e-01
  3.1767449e-05
 -4.9458644e-03
 -1.1284528e-03
 -6.4978885e-05
 -2.8918802e-03
 -4.6276073e-03
 -3.9107766e-04
  1.7095619e-03
 -3.7946533e-03
 -6.8899635e-03
 -2.7700371e-04
  1.7758993e-04
  4.2067971e-03
 -5.6132278e-03
  1.0738652e-03
  6.2425388e-04
 -1.3287993e-03
 -5.1840890e-04
  7.6008691e-03
  1.0175331e-03
  8.1711654e-03
  8.4864505e-04
 -3.0369230e-04
  5.5924254e-03
  5.6347284e-03
  9.6892472e-03
  2.6527111e-04
  3.1468773e-03
 -3.0276419e-03
  2.5159493e-03
  4.7758422e-03
  1.9271305e-03
  2.6969234e-03
 -4.4837021e-03
 -9.3420483e-03
 -2.1638677e-03
 -4.4777929e-03
 -4.9090013e-04
 -1.6783845e-03
  3.9450233e-03
  9.7555615e-04
  7.9060998e-04
 -1.3091652e-02
  5.0637675e-03
 -2.0032197e-03
 -2.0943284e-03
  2.8668335e-03
 -5.8669085e-04
 -1.7578977e-03
  1.9831809e-03
 -4.5995209e-03
  3.1193239e-03
 -4.9204710e-03
 -2.6461777e-05
 -6.8307982e-04
 -1.7182110e-02
 -2.5547426e-03
 -3.4147063e-03
  4.2747874e-03
 -1.7221969e-03
 -1.2411556e-03
 -7.0384407e-04
 -1.1782954e-03
  9.7078021e-04
 -2.2412004e-04
  3.3130133e-04
 -1.0015331e-02
 -5.4986188e-03
  4.9273734e-04
  5.7485914e-03
 -4.4987970e-03
  1.3129372e-02
 -4.3311547e-03
 -5.0662202e-03
 -5.8223065e-03
  4.5525804e-04
  7.9860556e-04
 -1.5785737e-02
  2.8706789e-03
  1.0152167e-03
 -4.5960099e-03
  7.1362276e-03
 -2.5722457e-04
 -5.0277179e-03
 -1.3094485e-03
 -6.5639132e-04
 -3.5283924e-03
  2.0473492e-03
 -8.1931911e-03
 -1.0748068e-03
 -2.0151797e-03
 -1.5566003e-03
  1.7633227e-03
 -3.0925456e-03
 -8.1507920e-04
  6.5510306e-03
 -5.1573344e-04
  1.3508856e-03
 -6.7269953e-04
  2.0485197e-03
 -4.1089710e-03
  2.1792769e-03
  2.1672721e-03
  3.5702116e-03
 -6.1790845e-03
 -3.1456212e-03
 -5.1878565e-03
 -5.8324221e-03
  1.0737854e-03
 -5.4750619e-03
  5.0140969e-03
  1.4919233e-04
  2.8488247e-03
 -9.5346279e-04
 -3.4824575e-03
 -6.0889032e-04
 -2.8839466e-04
 -4.9487950e-04
 -1.7677005e-02
  6.7164563e-04
 -7.6665794e-03
  1.1855399e-02
  2.5865026e-03
 -2.9097123e-03
 -1.2292865e-03
 -1.3491115e-02
  1.1446789e-03
 -3.8919302e-03
 -7.9986750e-04
 -6.8015675e-04
 -3.0826710e-03
  1.1259668e-02
 -3.7848821e-03
 -5.6258189e-03
 -1.5849060e-03
 -8.3423435e-04
 -2.6265623e-03
 -3.3983036e-03
  5.6758611e-03
 -5.6695630e-04
 -9.2914910e-04
  1.0546371e-02
  8.5171999e-04
  2.6560383e-04
  2.0740253e-03
 -3.4688937e-03
 -3.4489660e-03
 -4.9641035e-03
 -3.5615275e-03
 -5.4086470e-03
  1.8701096e-03
 -1.9159820e-02
 -3.2419786e-03
  2.4402821e-04
 -2.1928833e-03
 -2.1417541e-03
  6.2083611e-03
 -2.7040585e-03
 -8.8805547e-03
  1.9391163e-03
 -2.6458371e-03
 -9.3582942e-04
 -1.0061510e-01
  3.8334713e-04
  6.8083790e-04
 -2.0322604e-03
  9.8228804e-04
 -2.1794627e-03
  2.4484782e-03
 -1.1489921e-02
 -1.5828548e-01
  2.0085315e-03
  5.0489014e-01
  7.2719716e-03
  5.2249219e-02
 -8.6983695e-04
  8.0746915e-03
 -2.9375670e-03
  1.2209223e-02
 -4.7153415e-04
 -1.4436162e-02
 -1.5369005e-03
  8.4545615e-04
 -7.5708353e-03
  8.3084841e-04
  1.9674693e-04
  7.1429466e-03
  2.0948821e-03
  2.2324869e-02
 -2.7244069e-04
  5.1102922e-03
 -2.0985957e-03
  6.1678006e-03
  5.6475180e-04
 -7.7696884e-04
 -2.5258835e-02
 -5.5396259e-03
  6.0973684e-03
  3.9025857e-03
 -6.7741512e-03
 -2.1725342e-04
  6.1947625e-04
 -2.0103359e-03
  1.3839997e-03
 -2.3725289e-03
 -3.4685985e-03
  4.4300151e-03
  9.3769218e-04
  5.5572565e-04
  1.8637456e-04
  4.5113526e-03
  2.8087131e-03
  3.3144527e-03
  1.6769625e-03
  1.0765432e-03
  1.3128020e-03
 -3.4465471e-01
  6.2818411e-03
  1.1101985e+00
 -3.8384087e-03
  3.2340591e-03
 -4.6342071e-03
 -7.8255618e-03
  2.8465698e-03
  2.6898924e-03
 -2.5748496e-03
  5.3511094e-04
  3.0132139e-04
  7.1321661e-04
 -3.7312950e-03
 -4.0527005e-03
 -3.8903924e-03
 -8.0261147e-03
  1.5746761e-03
 -1.3208112e-02
 -8.2314806e-03
 -2.6480024e-04
 -1.0628529e-03
 -8.8607827e-03
  1.5278462e-03
 -3.0948657e-03
 -1.2586251e-03
 -3.1708246e-03
  9.7681815e-04
  6.4337691e-03
  5.6425715e-03
  3.1126263e-03
 -5.3109238e-03
  9.1874516e-03
  5.9315260e-03
 -2.5022842e-03
  2.3138914e-03
  1.0241424e-01
  2.3126610e-02
 -1.3383796e+00
  4.2498761e-01
  1.5583347e-02
 -1.9605365e-03
  6.3802624e-01
  3.0182621e-02
  2.7992288e-02
 -3.4912729e-01
 -5.6606419e-02
  1.2277517e-01
  5.7871826e-04
 -6.5594143e-01
 -2.7904026e-02
 -1.1034303e-03
 -1.8844618e-01
  9.8048866e-02
 -4.8348582e-01
  2.1838998e-04
 -5.4349220e-01
  4.5096590e-03
  5.6060671e-04
  1.1777731e-02
 -3.7334925e-01
  1.9000129e-04
  1.4011491e-03
 -9.3566787e-01
 -2.4754487e-03
  2.0830781e-04
 -2.4626958e-01
 -2.3014447e-01
  1.5961668e-02
 -4.9201297e-03
 -5.1092577e-01
  9.6386485e-02
 -1.2601712e-02
  2.4694923e-02
  1.0417604e-02
 -4.2399541e-03
  4.4336330e-02
  3.2195503e-01
  8.1647100e-04
  8.0540115e-03
  9.0892048e-04
  1.1482817e-03
  5.9302926e-02
  7.0572137e-03
 -3.2019289e-04
 -1.4295436e-03
  4.7775120e-03
 -2.5093742e-03
 -4.2619407e-03
  1.3817889e-02
 -1.7952940e-03
 -6.7644049e-03
  4.1163769e-02
 -3.7038955e-04
  5.6244805e-03
  7.4388706e-03
  7.2128102e-03
 -2.2698210e-03
  3.2725483e-03
 -3.3606999e-03
  3.2588406e-03
  1.5930088e-04
  1.5310742e-03
  1.1773823e-03
  1.4245010e-03
 -1.7224671e-03
  2.5216653e-03
 -4.4667377e-04
  2.9107719e-03
  2.4123425e-03
  2.4526655e-03
  4.4413432e-04
 -2.5319019e-03
  4.8129592e-04
 -5.3195166e-03
 -7.7852129e-04
  1.1110135e-02
 -6.2560653e-03
  3.3626540e-04
  1.0741657e-02
 -1.3055699e-03
  2.5738031e-03
  1.9820440e-03
 -8.3762445e-03
  1.2105985e-03
  1.9740462e-03
 -3.7163440e-03
 -5.1698098e-03
  2.1611392e-03
 -3.7175179e-03
  8.2040450e-04
 -8.2193082e-04
 -1.9770516e-03
 -6.8689315e-03
  1.3471970e-03
  3.6828513e-03
  3.0558894e-03
  2.6613611e-03
 -7.2234790e-05
 -9.4366558e-05
  1.4177569e-03
 -1.4075206e-03
  3.4694737e-03
 -5.0726742e-04
 -2.0376011e-03
 -2.4420500e-03
  4.4785021e-03
  4.3299114e-03
 -1.0357256e-03
  9.9753970e-03
  4.7779307e-03
  1.6413985e-03
 -6.8998169e-03
 -1.8203915e-03
  7.0394779e-04
 -3.3351374e-03
  4.9735210e-03
 -2.9583822e-03
  1.4477756e-02
  3.7979785e-01
  4.4923569e-03
 -2.4345622e-03
  3.3596652e-03
  2.2267783e-02
  3.8872735e-04
  6.8944464e-03
 -1.1473101e-01
  2.9795940e-03
 -7.4546179e-03
  1.4698906e-02
  4.7716806e-03
  6.1264513e-03
 -6.1077147e-04
 -1.5509741e-03
 -2.5850660e-03
 -4.9336452e-02
 -8.4833126e-04
 -4.0064664e-03
  1.1616399e-02
  1.0867479e-02
  8.3041163e-03
  5.3253188e-03
  1.1412477e-01
  4.0802765e-03
  1.2906335e-03
 -8.8325748e-03
  5.8898898e-03
 -7.9756463e-04
 -4.0183449e-03
  2.5376789e-02
  3.2482434e-03
 -2.2910747e-03
  3.3175680e-03
  7.0015981e-04
 -2.2941405e-02
 -2.2565728e-02
 -4.3553314e-03
 -2.2826740e-03
 -1.1551455e-02
  1.6971061e-03
  2.6470465e-03
 -4.0734196e-03
 -9.0194996e-03
  4.4794238e-04
  1.4411148e-03
 -1.4990284e-03
 -6.4109373e-03
  5.0001005e-03
  3.7408639e-03
  2.5357001e-03
 -2.3461615e-03
  4.3442263e-03
  2.1588180e-02
 -2.8942497e-03
  1.3265223e-03
  6.0775975e-04
  1.5791100e-03
 -2.9744543e-03
  3.2044596e-03
 -9.3979221e-03
  5.6175580e-03
  1.0966902e-02
  1.3686515e-03
  8.8683777e-03
  1.1217844e-03
 -3.0203573e-03
  1.9241858e-03
 -1.8103202e-03
 -1.4669582e-03
 -3.0631749e-03
  2.1234392e-04
  7.1599856e-03
 -6.0612619e-01
  1.4691600e-02
  1.2234846e-02
 -2.7578147e-03
  3.4202571e-04
 -1.9346132e-03
 -6.3564526e-03
  2.7703003e-03
 -4.6509455e-04
  1.5895142e-03
  3.2411725e-05
 -1.1970542e-02
 -1.1616304e-02
  7.1017346e-03
 -6.5338466e-04
  4.4311391e-04
 -9.0896199e-03
  6.6999550e-05
  1.4597622e-02
  1.0176643e-02
 -1.0365359e-02
 -5.3440919e-04
  3.3683027e-04
 -2.8741797e-03
  9.6945483e-03
  1.5960776e-03
 -1.4765990e-03
 -4.1482332e-03
 -1.6422678e-02
  6.1369594e-04
  1.5883954e-03
 -1.5874346e-03
 -6.3823545e-03
  6.0254391e-03
  1.3436913e-03
 -4.1076504e-03
 -1.1311962e-02
 -3.2218033e-03
  3.5743623e-03
  1.3680028e-03
  5.5702351e-04
 -4.3389238e-03
  1.1538315e-03
  1.8307822e-03
  9.0913411e-04
 -1.2102346e-04
 -7.9198247e-03
 -1.2683468e-03
  2.8281114e-03
 -9.1494648e-03
 -1.9725149e-03
  6.5236413e-03
  6.3183089e-03
  4.4314484e-03
  5.7250550e-03
  1.6868176e-03
  1.5099936e+00
  1.3454580e-03
 -7.4946724e-02
 -5.9692781e-02
 -9.8059028e-01
  1.4225320e-05
  1.8621267e-01
  2.7345857e-04
 -1.6577236e-03
 -5.4758587e-03
 -1.1242970e-01
 -5.8702296e-03
 -1.7533520e-03
 -3.5863253e-01
  4.0936796e-03
  2.3378901e-02
  7.0719279e-02
  2.9953507e-01
  1.2150434e-01
  3.7907469e-03
 -3.3262197e-02
 -1.4543644e-03
 -6.2018191e-03
  8.4891832e-01
  4.2416626e-01
  4.5094229e-03
  1.1623458e-03
  1.7521004e-01
 -1.8295953e-03
  3.3647132e-03
  6.2805794e-02
 -4.7016516e-04
  4.9238689e-02
  2.3626568e-04
  8.1135228e-02
 -2.6838258e-03
 -3.3532765e-03
  3.5910198e-04
  2.6285178e-03
  5.5585518e-03
 -6.3273462e-04
  1.1103539e-03
  1.2666840e-02
  3.2865347e-03
 -6.7378711e-03
 -6.4057913e-03
  1.6614652e-03
 -3.2998074e-03
  2.3040144e-05
  2.0590031e-03
  1.4491077e-03
  3.6350503e-03
 -1.5798614e-03
 -4.0199826e-03
 -1.8177379e-03
  8.3348226e-05
 -8.3944798e-03
  3.4965067e-03
  2.6483415e-03
 -1.8466500e-03
  1.0148878e-02
  4.0349350e-03
 -3.8043351e-03
 -7.2437567e-03
 -5.1467861e-03
  1.5379787e-04
 -2.1617431e-03
  3.6217736e-03
 -5.7574769e-04
 -8.2451798e-04
  4.0176520e-03
  1.1959657e-03
  4.2847283e-03
 -3.8287626e-03
 -4.0941909e-03
 -1.5657439e-03
  5.5767931e-03
 -3.3132911e-03
  5.4072606e-04
 -2.6674278e-03
 -4.5964634e-03
 -2.2868544e-03
 -2.1995308e-03
  1.3776189e-02
  6.3110560e-06
  5.7282951e-04
  3.9568525e-03
  3.0298252e-05
 -1.8680575e-03
 -1.4393493e-03
  1.5707992e-03
 -4.5162989e-03
 -8.0395298e-04
  4.4110329e-03
 -3.5963573e-03
 -4.4610733e-03
  1.8542876e-03
 -3.8376034e-03
 -1.6720156e-03
  1.0589641e-03
 -2.1771370e-03
 -2.0280841e-03
  2.9438317e-03
 -4.6265312e-03
  4.5209200e-04
 -1.2835172e-03
  1.4728447e-03
  5.2990541e-03
 -4.5274440e-03
 -7.0859264e-03
  5.5069849e-03
 -2.8460429e-03
 -4.8373756e-03
 -2.1681399e-03
 -2.7929894e-03
  7.1009812e-03
 -1.1303179e-02
 -9.1819529e-04
  5.5000251e-03
  9.2059886e-03
 -1.7949042e-03
  1.0076294e-03
  4.1817245e-03
  4.4927912e-04
  7.6368120e-03
 -4.7823385e-04
 -1.5647421e-03
  1.5737259e-04
  1.8422218e-03
 -3.7098289e-03
  4.4526281e-03
 -6.6358466e-03
  9.1547072e-03
 -2.8814280e-03
 -3.0937413e-04
  1.2422446e-03
 -8.3181898e-05
  4.3419567e-03
 -7.7621909e-03
  6.1669573e-04
  7.4489135e-04
  2.4501770e-04
 -4.0862635e-03
 -1.5602534e-03
 -4.6625277e-03
 -1.7397662e-03
  7.9191988e-03
  1.1389590e-03
  2.2885739e-04
 -9.9223922e-04
  1.9436855e-02
  3.7590466e-03
 -7.4585872e-03
  5.3685093e-03
  2.6058691e-04
 -1.4295768e-03
  4.0641599e-03
  2.7114240e-04
 -2.3195542e-04
  5.5188960e-03
  1.2086733e-04
  4.7900970e-03
 -3.4280110e-03
  1.3764539e-03
 -3.8393741e-03
 -3.4511421e-04
 -1.0541521e-03
 -5.5616110e-04
 -1.8395538e+00
 -3.9106905e-01
  6.4779289e-02
 -1.1166725e+00
 -1.4019158e+00
  6.6827965e-04
 -1.3427864e+00
 -8.2755379e-02
 -2.1552248e-01
  4.7131567e-03
 -1.1064246e-01
 -1.9087303e-01
  3.0140551e-03
 -1.9643937e-01
  4.7013094e-04
 -3.3395074e-02
 -1.6328594e-01
 -2.1734929e-01
  5.4485267e-01
 -6.0746126e-04
 -5.4745507e-01
 -1.0667801e-03
 -2.0362693e-03
 -5.9055573e-01
 -6.1827081e-01
  5.8686018e-01
  8.0209067e-03
 -2.3722833e-01
 -1.8265957e-03
 -4.4058803e-03
 -2.4229154e-01
 -1.6376381e-01
  4.5935440e-01
  2.0192494e-03
 -2.1643060e-01
  5.7483103e-02
 -2.6276049e-03
 -1.7030635e-01
 -1.3112137e-01
  5.8682807e-02
  2.2114171e-02
  2.5053185e-01
 -3.8098138e-02
 -1.6982384e-03
 -1.1758126e-01
 -2.7673841e-02
  1.0349696e-01
  1.1492086e-03
  4.3714400e-03
 -3.3765197e-02
 -2.8925928e-01
 -1.1964664e+00
  2.8388825e-01
 -5.9361643e-01
  1.0393542e-03
  2.6187038e-02
 -1.8080433e-04
  1.9802196e-01
 -1.6254006e-03
  3.9436328e-04
  7.2381139e-02
 -1.6414830e-03
  4.3661922e-01
  1.1094071e-03
 -6.8140820e-02
  6.2517935e-01
  7.6252505e-02
  6.5388268e-01
  3.9950097e-03
 -8.2685165e-02
  1.9909749e-03
 -2.9219848e-03
 -4.5379734e-01
 -5.8484143e-01
  3.1980157e-03
  6.8696891e-04
  1.1767084e-03
  5.1260043e-02
 -2.8625731e-03
 -3.9836685e-03
 -1.2863936e-02
  2.9737990e-02
  1.2746521e-02
 -4.7961283e-02
 -1.2270998e-01
 -2.1755317e-01
 -2.0262128e-01
  7.8237373e-01
 -5.6057644e-01
 -5.0642765e-03
  2.7907652e-01
 -8.8948561e-03
 -1.0232244e-03
 -2.4340249e-04
 -4.8597320e-03
 -2.0945221e-02
 -3.4516156e-04
 -5.3405347e-03
 -2.3201859e-02
 -6.0335766e-03
  1.0969042e-03
  4.7731694e-02
 -3.1007263e-03
 -1.7001359e-02
 -1.9029122e-02
  4.9880281e-04
 -4.4541996e-02
  8.2792751e-03
  3.3061050e-03
  7.7979104e-04
 -8.1264792e-05
 -2.6439230e-03
 -1.6464026e-03
 -4.1275509e-03
 -8.1033114e-04
 -7.7692293e-02
  1.5197397e-02
 -1.7162112e-03
  5.0061569e-03
 -1.3918226e-03
 -6.8971026e-03
  3.5762200e-03
 -2.9613958e-03
  5.2140583e-04
  6.5719057e-04
 -5.3561260e-03
  1.5861867e-03
  4.2210426e-03
 -3.1119576e-03
  4.3362421e-03
 -6.2483794e-04
 -2.3955414e-03
 -5.7639460e-05
  2.9768547e-04
  1.0395040e-02
  8.1812218e-03
 -2.6340522e-03
 -2.9792211e-03
  1.2744680e-03
 -3.8441939e-03
  1.2668406e-03
 -4.3685241e-03
  1.3341434e-02
  1.3904769e-03
 -3.3049917e-04
  1.8010323e-03
 -6.0494109e-03
 -2.0019819e-03
  4.0198015e-03
 -1.5592662e-03
 -4.8580859e-03
 -8.5241761e-04
 -8.3942985e-04
 -9.3775167e-04
 -2.7481408e-03
 -1.4086569e-03
  4.1623772e-03
  2.9602048e-03
 -5.1957164e-03
  1.9778199e-03
 -4.5770602e-03
  4.2883027e-03
 -9.2569888e-03
  1.5474524e-03
 -4.5405226e-03
  2.3630226e-03
  2.4212366e-03
 -6.6185310e-03
  4.0145735e-03
  2.0292713e-03
  5.1322258e-03
  1.5182381e-03
  2.5895360e-04
  1.1422628e-03
  1.9200569e-03
 -1.2956476e-02
 -4.0499066e-04
 -4.7471840e-03
  3.3276845e-03
  2.4063860e-03
 -3.1146684e-03
  1.7883788e-03
  5.4015550e-03
 -3.5895957e-03
  1.7150606e-03
 -2.8436253e-02
  5.6838007e-03
 -6.9166943e-03
 -2.8199747e-03
 -2.4394153e-03
  1.5171040e-03
 -7.2610262e-04
  7.3307687e-03
 -4.5912751e-05
 -3.5345599e-03
  3.0413279e-03
  1.6177466e-02
 -3.4976855e-03
  4.8987181e-03
 -5.6717978e-03
  8.4258696e-05
  5.1713944e-03
 -6.5473653e-04
 -1.2216147e-03
  2.1126198e-03
  5.0845779e-03
  1.8997936e-03
  2.7283782e-04
  4.7743963e-03
 -3.4658019e-03
 -8.1265537e-04
 -7.5579091e-04
  3.1488566e-03
 -4.6406654e-03
  1.1022382e-02
 -5.9559001e-03
  1.0262822e-02
 -1.1421505e-02
 -2.8533317e-02
  3.1971294e-03
 -1.0620495e-02
  7.7551336e-04
  4.3964344e-03
 -1.0274565e-02
 -4.1172230e-03
 -2.7043330e-03
  3.1227861e-03
 -2.4788301e-03
 -5.3044413e-03
 -3.0888275e-03
  3.8394032e-03
 -2.1642144e-03
  3.4846074e-03
  9.0275425e-03
  7.5191078e-03
 -9.7499508e-03
  8.7927817e-04
 -5.7218485e-02
  5.8508157e-03
 -1.3410103e-02
  3.5480780e-03
 -1.6360977e-03
 -6.7643300e-03
 -1.6405835e-03
  1.9421550e-03
 -1.2693357e-03
  7.9646939e-03
 -3.3515298e-03
 -1.6248230e-03
 -4.2007621e-03
  7.4615638e-04
 -6.5472797e-03
 -5.0215842e-04
  1.0127431e-05
  4.0928270e-03
 -1.9909379e-03
  3.2474819e-04
  6.9455807e-03
  1.0923710e-02
 -2.6210996e-03
 -4.5108772e-03
  1.9872248e-02
  9.3019701e-04
 -4.5479424e-03
  1.4467415e-02
  1.0072478e-02
 -5.0026341e-03
  1.0838690e-03
 -5.1461533e-03
  1.1881308e-03
 -3.0566563e-03
 -5.0554681e-03
 -1.4448081e-03
  3.4662003e-03
 -2.3768970e-03
  6.1038798e-03
 -5.0267079e-03
 -7.5299470e-03
 -2.1873789e-03
  4.0532979e-03
 -2.0483537e-03
 -6.7769171e-04
 -1.6872037e-03
 -3.4874168e-03
 -2.1810899e-03
  5.7557574e-04
 -2.5912174e-03
  6.0219578e-03
 -1.1499284e-02
  2.9161060e-03
 -1.0004082e-03
 -2.3042439e-03
  1.0918378e-03
 -3.0693709e-04
 -3.0267248e-03
 -1.3003683e-02
  4.8233260e-04
 -7.9308702e-03
  1.8327732e-02
 -1.6021514e-03
  2.1920200e-03
  5.5047385e-03
  2.0699228e-04
  3.6627907e-04
  6.6716573e-03
 -7.1852645e-03
 -3.8065403e-03
  5.4345848e-03
  2.6031316e-03
 -2.2123472e-03
  4.6928014e-04
  9.3472349e-03
 -3.6927633e-04
  1.2431854e-03
 -5.3937719e-03
  2.4593214e-04
  4.1905707e-03
  1.3290565e-02
 -1.3160986e-02
  1.0201595e-03
  6.3354778e-04
  2.0166296e-03
  5.1233027e-04
  8.6910194e-03
 -5.3186328e-03
 -4.2848419e-03
 -2.5502804e-03
  5.4245708e-03
 -2.4057734e-03
  6.7859110e-03
  5.0899875e-04
  2.4409023e-04
  7.3243766e-03
  6.9514830e-03
  9.6200602e-03
 -8.4267359e-04
 -3.5683837e-04
 -5.6080138e-03
  1.9608384e-03
  5.9284829e-04
 -2.5247915e-03
 -1.3660666e-02
  7.5046527e-03
 -5.5809626e-03
 -6.8423976e-03
  1.2931166e-03
 -3.2918481e-03
 -2.2707272e-03
  8.3590316e-04
  9.5678512e-03
  3.9854716e-04
 -6.6384044e-04
  5.8178529e-03
 -1.1542840e-03
  4.7026416e-03
  1.1627690e-03
  2.4524932e-03
 -5.3157182e-03
  7.0804125e-04
  2.2668380e-04
 -3.9585092e-04
 -2.0624292e-03
 -6.7103202e-03
  3.2044605e-03
  5.3607670e-05
  4.9943011e-03
 -5.1037800e-03
 -8.2373840e-04
  1.0519528e-03
  3.6047951e-03
  7.8856889e-03
 -1.8709368e-03
  3.1600651e-04
 -1.6208603e-03
 -7.4033616e-03
 -1.0104969e-02
  3.5191402e-03
  2.1718964e-03
  5.0242140e-04
 -1.0019748e-02
 -1.0091012e-03
 -2.5222993e-03
 -2.3884138e-03
  1.6398411e-04
 -4.5008059e-03
  1.8378438e-03
 -7.8175301e-03
 -7.2077694e-03
 -2.7980581e-03
  3.5304739e-03
 -2.3995021e-03
  3.3939804e-03
  3.7432674e-04
 -2.6723286e-03
 -3.0416498e-04
 -4.3588290e-03
  4.4796658e-03
 -5.3659468e-03
 -3.1587270e-03
 -1.2889041e-03
  7.8646056e-03
  4.7846241e-03
  1.4516221e-02
 -3.2984463e-03
  2.9301629e-04
 -2.2235636e-03
 -7.9108169e-03
  6.1729411e-04
  3.6421258e-03
 -9.3321840e-04
 -7.0375553e-03
  3.1424495e-03
  3.1894641e-03
 -7.3060248e-04
 -1.9055862e-03
  3.8351775e-03
  2.6058436e-03
 -6.4468669e-04
  3.5501872e-03
 -2.4560404e-03
  2.5035589e-04
 -4.6256717e-04
 -8.8476054e-03
 -5.5960519e-03
  1.0427131e-03
 -3.5078279e-03
  2.9729741e-02
 -1.2535299e-03
 -5.3663617e-03
 -8.3647491e-03
  2.7768014e-03
 -1.6614274e-03
  2.6102745e-04
  1.3068626e-02
  6.9751352e-04
  7.9999125e-04
  1.1877603e-03
  2.6442730e-03
  7.5216449e-05
 -7.7121165e-03
 -1.6757246e-03
  6.6592861e-03
 -1.8663841e-03
 -3.5072146e-03
 -1.8424292e-03
 -3.3014873e-04
  1.6014157e-03
 -1.5578164e-02
  5.1732076e-04
 -2.7594499e-03
 -3.1169041e-03
 -8.1003997e-03
  1.3517087e-02
 -3.2596437e-03
 -8.6370651e-03
 -2.1192855e-03
  7.9365104e-04
 -1.1273031e-03
 -4.3996249e-04
 -2.0490836e-03
  1.9076427e-03
  5.3240487e-04
  2.9390731e-03
 -4.2809402e-03
  1.0921448e-04
  2.1415567e-03
 -2.0319771e-02
 -2.8826578e-03
 -6.1408607e-03
 -1.7733248e-03
 -1.4033232e-02
  3.7770816e-03
  1.3200523e-04
  2.4870801e-04
  7.6941215e-04
  1.9516775e-03
 -4.4643166e-03
 -7.1300587e-05
 -1.4163349e-02
 -2.2884391e-02
 -8.1602187e-04
  1.4405960e-03
  4.3817647e-03
  4.2347996e-03
 -7.4411267e-03
  4.8365293e-04
 -1.0280357e-03
  1.1605644e-02
 -1.1180262e-03
  1.0206545e-03
 -1.5081944e-03
 -4.4379528e-03
 -1.0627037e-02
 -4.2169234e-03
  4.2111222e-03
  2.2074874e-03
  7.7241455e-04
  2.2783382e-03
 -5.4188734e-03
  1.7369117e-03
 -7.5941212e-03
 -8.3649410e-03
  3.7521022e-04
  9.4101736e-03
  1.5076281e+00
 -1.6881953e+00
 -1.2524924e-01
  1.5246250e-01
 -1.3387550e-01
 -1.8570848e-01
  1.2752290e+00
 -1.1586070e-03
 -1.1770619e-01
  3.3043634e-02
 -8.4086609e-01
 -2.4542871e-01
  5.3834525e-04
  3.3170938e-01
 -8.1543042e-04
 -9.0492554e-02
  3.1556153e-01
  3.6750126e-01
  2.7657511e-02
 -1.1435262e-03
 -3.3168465e-02
  3.8145508e-03
 -2.5424671e-01
  1.8707758e-01
  3.7964515e-02
  2.9307267e-01
 -1.9756653e-03
  2.0309506e-01
  9.1441665e-03
 -9.6717030e-03
 -1.7290128e-03
  1.2557929e-02
  5.0985849e-01
 -6.6076062e-04
  3.6102537e-02
  1.4249695e-02
 -5.0921924e-03
  2.1225526e-03
 -2.2419598e-03
  6.2439963e-02
  2.3733086e-03
 -2.7053645e-01
 -5.9510008e-03
  2.1839663e-03
  2.3861253e-03
 -1.3644060e-05
 -5.3038966e-04
  6.9227726e-03
  9.1230444e-04
  1.4453372e-03
  9.1925741e-04
 -2.6175093e-03
 -1.0929023e-03
  1.7402702e-03
 -2.4616723e-03
  5.5703665e-03
  1.5884908e-02
 -6.6110953e-03
 -9.5182174e-04
 -4.3940842e-03
 -2.8213903e-03
  3.8716587e-04
  1.7145112e-04
 -2.0687550e-03
  2.3186244e-03
  2.7627726e-03
 -5.0535747e-03
  2.9969262e-03
 -1.1632482e-03
 -1.0162264e-03
 -1.7614652e-03
  2.5570423e-03
 -2.7853975e-04
 -1.1285534e-03
  1.7081078e-02
  1.7544668e-03
  2.3810191e-03
 -9.1437908e-04
  1.5149772e-02
 -2.1688216e-03
  4.2085485e-03
 -4.0701251e-03
  2.4313957e-03
 -6.7095486e-03
  8.7334269e-01
 -1.6372080e+00
  1.0459652e+00
  1.2269144e+00
  1.6200141e+00
 -5.2512251e-04
 -4.5619276e-01
  5.3816468e-02
 -1.3488062e-01
  3.3906303e-02
 -3.0839745e-02
 -2.6781729e-01
  1.1670173e-02
  2.1179710e-01
 -1.0666601e-02
 -2.7158388e-01
  1.5501337e-01
 -4.0213615e-01
 -2.4420014e-01
  2.7746439e-03
  3.5293683e-01
  2.1718896e-03
 -3.3537865e-01
  2.7551851e-01
 -2.1842654e-01
  1.8881116e-02
 -3.0951344e-03
 -1.8692705e-05
 -3.9146626e-03
 -5.0443243e-02
 -2.3062505e-02
 -6.2284905e-02
  9.5449112e-02
  3.6884833e-03
 -1.5659906e-02
  2.0787553e-03
  6.7901641e-01
 -1.9466344e-02
  1.3979931e-02
  1.4759970e-01
  1.5021574e-04
 -1.0163666e-01
 -3.5134344e-03
 -1.1992919e-02
  3.3147172e-03
 -6.1961031e-03
  3.8026774e-03
 -1.4017476e-03
 -2.7226398e-03
 -1.7727519e-03
  2.0618669e-03
 -8.4568998e-03
  1.2327054e-03
 -1.0196145e-02
 -9.8982907e-04
  3.9402149e-03
 -5.4744802e-02
  2.9577273e-03
 -5.7427090e-04
  5.9624175e-03
 -1.4986003e-04
 -2.6425528e-03
  9.4921524e-03
  7.5703639e-01
  1.8853206e-02
 -3.7012124e-03
 -9.4099349e-04
 -2.6415795e-04
 -1.8105388e-03
 -6.1823460e-03
  6.9392808e-03
  1.1892663e-04
  1.6744805e-03
 -3.3054352e-03
  2.4634890e-02
  7.5841373e-05
 -1.8791538e-03
 -4.1284217e-03
 -2.2958053e-04
 -4.5181774e-03
 -1.2249583e-03
  2.7810486e-03
 -5.7662651e-03
 -5.3093521e-05
 -3.1104070e-01
  5.3607725e-02
 -2.7821258e-01
 -1.5324517e-02
  7.7283055e-01
 -8.1485426e-03
  1.1904043e-01
 -2.5512108e-03
 -4.3766377e-03
 -3.2390375e-03
 -2.5429055e-03
 -7.3285084e-03
  1.1227445e-03
 -2.3684587e-02
  7.5698453e-03
  1.4377022e-02
  4.5084444e-01
  2.5501695e-01
  2.7992645e-01
  1.9071287e-02
 -1.4828329e+00
  1.0674897e-03
 -1.3049735e-03
  6.4035043e-02
  1.8127406e-01
  3.8021938e-03
 -7.9704786e-04
  3.2343503e-02
  2.7806938e-03
 -1.4908854e-03
 -3.0085105e-02
 -3.4509141e-02
 -5.6630325e-01
  3.9505609e-03
 -1.2356522e-03
 -3.7966021e-03
 -6.4727926e-04
 -3.0436772e-03
 -1.0365031e-03
  3.2117327e-03
  6.7058736e-03
 -1.2748380e-03
  4.7141593e-02
  7.1530753e-01
 -4.2846695e-02
  2.4559252e-02
  1.6333526e-02
 -1.5202331e-02
 -2.1039408e-02
  1.3844064e-01
  4.5389743e-03
  2.7160696e-03
 -2.5735074e-01
  1.9273408e-03
  7.3712016e-04
 -1.0672691e-01
  3.5145346e-02
  1.0567051e-01
  1.5809055e-01
  2.7515811e-01
  1.8531574e-01
  5.9215655e-03
  2.2005307e-02
 -2.9661080e-03
  6.6458903e-02
 -2.0795623e-03
  1.0331281e-02
 -1.3269662e-03
  2.7228289e-03
  3.5376933e-01
  1.1229790e-04
 -2.0716828e-03
 -3.0865178e-03
 -2.6126180e-03
  1.2791122e-01
 -4.7704210e-03
  4.0225573e-03
  5.4087635e-04
  1.9695586e-02
 -9.5610702e-03
 -4.0431595e-03
 -8.7827183e-03
  2.7552841e-03
  5.6770518e-03
 -1.8212306e-03
  1.0861376e-04
  1.9853895e-03
  1.5989551e-03
  4.2513236e-03
  3.9619110e-03
  3.0132815e-02
  6.8282378e-03
  1.6849535e-03
 -3.0521785e-03
 -8.1259082e-04
  3.3374210e-03
 -4.2444084e-05
  3.7430899e-04
 -2.6863714e-04
  1.9579318e-03
  6.3400669e-03
  8.3235180e-04
 -6.1021280e-03
 -2.1388209e-03
 -8.9450658e-04
  8.3649615e-03
  6.4825825e-03
  3.7961731e-06
  2.9662484e-03
  7.1389659e-04
 -1.1082246e-02
 -7.3834118e-03
  1.6429325e-03
  7.8963386e-03
  3.8429846e-03
  1.4020145e-03
  1.1562893e-02
  3.5493104e-03
 -2.1424599e-03
  6.5416837e-04
  7.8190407e-03
  3.8289037e-03
 -4.6967817e-03
 -1.5916053e-02
 -5.1794611e-03
 -6.0884859e-03
 -3.2036147e-05
  3.3161360e-01
  4.8004481e-04
  9.7973621e-04
  1.0536209e-02
  2.0284486e-01
  4.1511105e-03
  3.1997506e-03
 -7.3689716e-03
 -2.3066718e-03
 -2.9047860e-03
 -1.5446317e-04
  1.8606983e-03
  2.2527254e-03
  7.5551558e-05
 -1.0205025e-03
 -6.4553879e-03
 -5.3117299e-03
  1.0927602e-02
  6.2304683e-04
  1.7679171e-03
  4.6527865e-03
  9.3737738e-03
  8.2872889e-04
 -1.4993766e-02
  4.2010196e-03
 -9.8601552e-03
 -1.5110621e-04
  8.1924727e-04
 -1.1160494e-03
  3.0937372e-03
  6.3623831e-04
  2.9069330e-03
 -3.5679929e-03
  4.7466638e-03
 -1.4036060e-02
  1.6046060e-03
 -2.9251478e-03
 -1.0207776e-02
  6.2887087e-03
 -7.0133372e-03
 -1.3954344e-03
 -1.3490872e-01
 -1.3587451e-04
 -1.6186504e-03
  4.9127996e-01
 -6.8611163e-04
 -6.5800254e-03
  3.9934330e-03
 -2.8203934e-01
 -1.4067009e-03
  1.0863999e-03
 -5.6149364e-02
  3.0378662e-02
  2.3793359e-03
 -4.0824813e-01
 -2.3658103e-03
 -5.2245511e-03
 -1.1207659e-02
 -5.2965351e-04
 -5.9594885e-03
 -2.5135891e-03
 -1.5600172e+00
 -6.2157330e-03
 -1.1384808e+00
  1.3299386e-03
 -1.3941129e-03
 -9.5262015e-03
  2.2592669e+00
 -6.0508173e-04
  6.0008145e-03
  3.6029390e-03
 -5.3429955e-01
  4.7064039e-01
 -2.6105025e-01
  3.1612136e-03
 -4.5833974e-03
 -9.4016679e-03
  1.2538319e-03
 -8.5230611e-02
  4.0054970e-06
  7.8932084e-03
 -7.4315527e-03
 -3.4664297e-03
 -8.8373435e-01
  1.5812927e-03
 -8.2681048e-01
  2.4432216e-03
 -2.0268288e+00
 -8.3114155e-02
 -5.8272565e-03
 -1.0901372e-02
  2.1405147e-02
 -1.9062951e-01
  5.0858725e-03
  3.7349719e-01
 -9.2003506e-04
  3.8444760e-01
 -1.6692461e-01
  7.4258512e-01
  1.2582336e-02
  1.9625543e-01
 -1.3256680e+00
  2.7196365e-03
  2.5108045e-01
  7.6900989e-01
 -9.2655269e-04
 -6.8734577e-03
 -5.3036017e-03
  8.8665616e-03
 -1.9913335e-01
  6.8260826e-02
 -9.0989059e-01
  1.8987462e-01
  6.4284762e-04
  2.4604483e-01
 -1.7552063e-03
 -1.3598776e-01
  7.0064545e-01
 -7.1310797e-03
 -1.7745496e-04
 -6.5595564e-04
 -1.5881879e+00
 -8.8920754e-01
 -5.8082873e-01
  1.3911514e-01
 -4.1781814e-04
 -8.6779825e-02
  1.8882105e-03
 -1.0838425e-01
  1.2042198e-02
 -2.8413499e-03
 -7.4391708e-02
 -6.9382708e-03
 -1.4387875e+00
  6.3779973e-03
 -1.2068033e+00
 -8.4818192e-02
  6.3244784e-01
  5.8331609e-01
 -5.4218140e-03
  1.1848874e-02
 -4.3203696e-04
  9.0334140e-04
 -1.3166877e+00
 -5.5455009e-04
  1.0269404e-02
  6.3856369e-01
 -3.8232005e-03
  6.0949470e-03
 -5.7722010e-02
  3.0430728e-03
 -3.0784512e-01
 -1.5848095e-02
 -2.5357344e-04
 -5.5956021e-02
 -1.9916340e-03
 -9.0091512e-02
  7.6778891e-04
 -5.0955659e-01
  2.4053682e-02
 -1.7867453e-04
 -9.4306216e-02
  2.2007579e-03
 -1.8794599e-03
  2.0666029e-03
  7.2084921e-03
  4.6365503e-02
  3.6180604e-03
 -3.7026480e-03
  8.6719147e-04
  3.0171181e-04
 -3.1769278e-03
  5.9067458e-02
  2.8941242e-02
  2.3473606e-02
 -2.0794796e-03
 -7.4677670e-04
 -8.1044935e-02
 -9.3620187e-03
  4.4728536e-03
 -2.1263226e-05
 -1.6332457e-03
 -1.7836523e-03
  7.4337739e-03
  9.7998772e-03
  3.7964587e-03
 -7.2838296e-03
  5.7308343e-03
  1.4940302e-03
  1.8727457e-03
  9.6325442e-04
 -2.8158373e-03
 -4.5948828e-04
  4.0698532e-04
 -9.1953273e-04
 -1.8710284e-02
  1.6078583e-03
 -2.6257496e-04
 -2.0325081e-03
 -3.5950309e-03
  2.1049306e-04
 -9.5137134e-03
 -8.4783705e-03
  3.5384158e-03
 -3.7233331e-04
  2.4367617e-03
 -7.6318003e-04
  2.3392478e-03
 -1.4579574e-03
  1.2473578e-02
 -3.7641684e-03
 -4.9143066e-03
 -5.9309956e-03
 -6.1437869e-03
  7.3521537e-06
  2.7815164e-03
 -6.0468381e-03
 -5.4447260e-04
  7.1149142e-03
 -2.0570655e-03
  8.5039047e-04
  6.6221454e-03
  3.7613204e-03
 -6.2459899e-04
  7.2772882e-04
 -1.0957986e-03
 -4.5498959e-03
 -1.9573774e-03
 -1.2327388e-03
 -1.5210056e-03
  2.5931171e-01
 -1.3428340e-03
 -2.2367882e-03
  4.0600710e-03
 -2.9174925e-03
  1.9121250e-03
  8.3674071e-04
 -1.2933596e-03
  7.4897716e-03
  1.8162136e-03
 -2.2093491e-03
 -1.0846036e-04
 -1.6937010e-03
 -3.6874104e-03
  1.9092943e-03
 -7.3045859e-04
  6.5143144e-01
  1.1125650e-03
  4.0304978e-04
 -4.0670354e-03
  5.1181773e-03
 -2.7531758e-03
 -7.8960293e-04
 -9.9781353e-04
 -7.1428716e-04
 -5.1494264e-03
 -3.4170118e-03
  1.0707168e-03
  4.9343845e-04
 -1.7066727e-03
 -1.2020258e-03
 -2.1225512e-03
 -9.5934700e-03
  2.4283733e-03
 -5.5137035e-03
  2.1067702e-03
  2.3399997e-03
 -4.2944902e-01
 -2.4687390e+00
 -1.9763902e+00
 -3.4259871e-01
 -2.3231022e+00
 -6.7429954e-01
  4.9862123e-01
  2.2056291e-01
 -6.3900877e-04
  4.6218750e-03
  7.4004106e-02
 -3.9960954e-01
 -3.8704991e-01
  1.2973618e-02
  1.1490766e-01
 -6.3125434e-04
  7.9320744e-05
  5.9203279e-01
 -1.0179781e-02
 -1.4332394e-02
  9.5067397e-02
  1.2127700e-02
 -1.5417444e-02
  1.5356449e-03
 -1.2854557e-03
 -7.5039610e-02
  2.8230960e-03
  9.0677673e-03
 -2.2300070e-02
  6.3570774e-01
  6.5003904e-03
 -2.6465753e-02
 -1.1756221e-01
 -1.2498914e-01
  1.8598653e-02
  9.6606230e-03
  3.9221048e-02
 -5.2378862e-03
  1.8829448e-03
 -7.9535984e-02
  2.2343996e-03
 -2.6613681e-03
  5.6385682e-03
 -8.1082182e-03
  2.3195336e-03
 -1.8186755e-03
  8.7479403e-04
 -1.3357403e-02
  6.5529263e-03
  1.9481835e-04
  3.2759467e-03
 -1.3499836e-04
 -1.0805367e-02
  7.1000285e-04
  9.9145770e-03
 -5.8180996e-04
  2.3306819e-02
 -9.2709198e-04
 -1.7935551e-03
 -7.9370700e-03
  1.6600765e-05
 -2.3933118e-03
  8.0617273e-04
  1.5124141e-03
  1.1280656e-03
  2.2409144e-03
  1.2906012e-03
  2.3726905e-03
  7.6523077e-07
  4.4155598e-04
 -2.8373804e-03
  8.0009224e-03
  2.0722945e-03
  2.6051950e-02
 -2.9985220e-04
  3.9384845e-03
  4.1665514e-03
  1.3980537e-04
  2.8374691e-03
 -8.5236002e-03
  2.5275201e-03
  3.9218864e-04
 -4.0208097e-03
 -6.4771473e-03
 -9.0825051e-04
  6.0945265e-03
 -1.8571088e-03
 -1.0035184e-03
 -8.5099600e-04
  1.0589048e-02
 -2.5191682e-04
 -2.4342774e-03
 -3.7810295e-03
  1.5953361e-03
  8.7160215e-06
 -3.8162281e-04
  9.6018417e-03
  2.7287488e-03
 -8.6123878e-03
  1.3734618e-03
 -2.0645529e-03
 -2.6065118e-03
 -2.6079309e-03
  7.1035686e-04
  7.0596356e-03
 -4.5521179e-04
  1.2730797e-03
  3.3252509e-03
  2.0035631e-03
  3.8015058e-03
  1.8989501e-03
  8.1441896e-03
 -4.1382262e-03
  1.7447108e-03
  1.1260281e-03
 -2.5333135e-04
 -7.8280633e-03
  1.5857947e-01
 -8.5135829e-03
 -1.8499660e-03
  5.4752617e-03
 -1.0964542e-03
  9.5339976e-03
  4.0817898e-04
 -1.3447231e-04
 -1.4666184e-03
  1.8300292e-03
 -5.7706743e-04
  1.1600571e-03
  4.5658478e-05
 -4.7951872e-03
  1.9150993e-04
  6.1155873e-04
 -3.6212741e-04
  5.0285100e-03
 -8.5035423e-03
 -6.5298221e-04
  3.4134462e-03
  8.9582085e-05
  3.5704302e-03
  1.4805738e-03
 -3.7403859e-03
  1.0435586e-03
  4.8581962e-04
  1.2373233e-02
  1.9403477e-03
 -3.3880365e-03
  1.5274051e-03
 -5.3868239e-04
 -2.4944837e-03
  4.6838676e-03
 -9.2580086e-03
  6.8074405e-05
 -3.9389883e-03
 -3.4635786e-03
  2.7963214e-04
  2.0764279e-03
 -1.5509233e-03
 -3.3458183e-03
 -1.2390205e-03
  1.5127014e-03
  3.9320705e-03
 -1.9475824e-03
 -5.0835620e-04
 -1.5287063e-04
 -9.3636953e-04
 -4.5689526e-03
  7.1295034e-03
  1.0275819e+00
 -5.8948636e-01
 -1.5434231e+00
 -2.2784631e+00
 -1.3570699e-01
  1.5587667e-02
  3.1815973e-01
 -7.0031828e-01
  2.2458722e-01
  2.2850896e-03
  2.5156638e-01
  4.7928933e-02
  3.6139619e-01
 -4.2148486e-01
 -2.5518003e-03
  2.6563042e-01
  5.2262698e-03
 -2.5099710e-01
  2.1558398e-02
  3.7589949e-01
 -4.8993933e-01
  9.9471686e-03
 -9.1658905e-03
  5.0347124e-04
  9.3381792e-01
  1.7119135e-01
  1.0598881e+00
 -3.6924586e-02
  6.3607402e-02
 -8.4758393e-02
 -4.5086672e-03
  2.8566521e-01
 -3.5950238e-01
  2.3722243e-01
  1.7654210e-03
  4.4169165e-03
 -3.1398317e-01
  5.1294267e-04
  6.8043862e-03
  3.9430626e-02
 -7.3341718e-03
  2.6537494e-03
 -3.4095389e-03
 -1.0715554e-02
 -1.1026920e-01
 -3.7642193e-04
 -2.9234237e-03
  3.8332806e-04
  2.2233905e-01
 -3.0175766e-03
  6.1401757e-03
  2.7104339e-03
  6.4219385e-01
 -1.9212756e-03
  6.6170614e-04
  3.6162673e-03
  8.0580363e-04
 -4.7903801e-03
 -3.3833010e-03
  1.4388198e-03
 -4.3573678e-03
 -1.7975995e-02
  3.0996124e-03
 -1.5563644e-03
  4.5147426e-03
 -2.7888753e-03
 -3.6253366e-03
  1.2948923e-01
 -1.1202920e-03
  6.0189441e-06
  2.5203403e-03
 -1.4106519e-02
 -1.3687653e-02
 -1.3067141e-05
 -1.3836715e-03
 -2.0606071e-03
  1.6564291e-03
  2.8062350e-04
 -1.2482090e-04
 -3.0340240e-04
  6.3004624e-04
  6.7066485e-03
 -2.1740230e-04
 -7.5924634e-03
 -5.5807140e-03
  3.5049871e-03
 -1.1223865e-03
 -1.6844184e-03
  1.2982972e-03
  2.0842561e-03
  4.6904841e-03
  6.9084675e-03
  4.7645574e-03
 -3.6036059e-02
  2.0786817e-03
  4.3496620e-03
 -1.4823892e-03
  1.8680736e-03
  2.2022743e-03
  2.3751885e-04
 -2.3587749e-03
  8.6449238e-04
 -6.5216268e-03
  4.8506702e-03
 -1.8828086e-03
 -8.8044576e-04
  3.4174065e-03
 -2.5779523e-03
  3.4765468e-03
  1.1504460e-03
 -4.0777195e-03
  1.6826038e-03
 -1.0702054e-03
 -2.1868299e-03
 -4.2857984e-03
  2.6080571e-03
  9.1720175e-04
 -3.9940677e-03
 -5.3198091e-03
 -9.2482809e-03
 -2.0102537e-03
 -4.0870383e-03
  6.9661927e-04
 -4.4994815e-03
 -1.5518386e-03
  3.1605666e-04
 -1.7718003e-05
 -5.5079395e-03
  5.9868707e-03
 -3.4386434e-03
 -1.6127310e-04
  7.6941249e-04
  5.9345865e-04
  6.8957470e-03
 -3.5586762e-03
 -2.1459761e-03
  5.5505438e-03
  5.1873835e-04
  5.2395142e-03
  6.2306575e-03
  1.9953733e-03
  1.6431271e-03
  5.9980690e-03
 -2.6333211e-03
  6.4501079e-04
 -4.1711247e-03
 -1.5112172e-03
 -2.6534512e-04
 -1.8595189e-05
  9.4074558e-06
 -2.7419408e-03
  2.3945908e-03
  3.0254635e-03
 -1.4059558e+00
  3.0598913e-03
  7.5144210e-04
  1.1433121e-03
  8.7712012e-04
  4.9502593e-03
 -3.2701236e-03
  1.1793677e-02
  8.6980395e-04
  6.5548946e-03
  1.5494366e-03
  4.0185130e-03
  1.5873547e-03
  2.6600482e-04
 -1.9140668e-03
  8.2666120e-03
 -4.7419630e-03
  1.7517260e-01
 -3.1621666e-03
 -4.3561142e-03
 -3.7311872e-03
 -2.2808244e-03
 -1.8292216e-03
  1.8046501e-03
  8.9337392e-04
 -3.3762488e-03
 -1.4847209e-03
  2.0095126e-03
  1.4573220e-02
 -9.7349461e-04
  5.6288848e-03
 -4.9523026e-04
  1.2231178e-03
  3.6841872e-04
 -2.6835888e-03
 -1.9232624e-03
  4.8640226e-03
  1.5336572e-03
 -2.3588983e-03
  3.5518913e-03
 -3.6087297e-03
  2.8220325e-04
  3.5249742e-03
 -3.0544419e-03
 -1.6342402e-04
  5.3019794e-03
  5.9248792e-04
  1.0078705e-03
  4.0742164e-03
  4.5552946e-04
 -7.4467255e-04
 -1.8634042e-03
  1.8948042e-04
 -2.1741870e-03
  1.4986234e-03
  9.1157900e-04
 -1.4601289e-03
 -2.3477160e-05
  3.2885993e-05
 -2.3470141e-03
  7.4446592e-03
  3.8079431e-04
  1.2040165e-03
 -1.1298797e-02
 -1.1291396e-02
  1.4318897e-03
  2.2230393e-03
  3.5703171e-04
  2.7768777e-03
  1.5978045e-03
  1.9061047e-04
  3.7033285e-03
  9.1772534e-02
  4.3928307e-03
 -3.3872859e-03
 -2.2985118e-03
 -1.0080104e-02
  3.1611966e-03
  7.0628198e-03
  7.7494872e-03
 -8.8372678e-03
  1.8952409e+00
 -1.1271387e-03
 -1.3659243e-02
 -1.2745633e-03
 -4.0135700e-03
 -9.8409608e-04
 -4.1426150e-03
 -5.2713364e-04
 -3.1857779e-03
 -1.0436883e-03
 -2.6518367e-03
  7.9303347e-03
  6.9572381e-03
 -1.6680708e-02
 -5.8135982e-03
 -1.0854871e-02
 -7.2524631e-03
 -3.0166679e-03
 -2.3443974e-04
  8.7094237e-04
 -1.0140075e-03
  2.6044056e-03
 -4.0624774e-04
  3.6890218e-03
 -3.0451699e-04
  5.1800435e-04
  4.5059733e-03
  7.0464687e-04
 -2.7620876e-03
 -5.1846704e-03
 -3.1960660e-04
  1.9733433e-03
  2.3106372e-03
  1.4504328e-02
 -1.3387959e-03
  5.3325918e-04
  1.0123508e-02
 -2.3078567e-03
  9.0116408e-04
 -4.7172271e-03
  4.9964045e-03
 -5.7033477e-03
 -1.7876219e-02
  7.6126764e-03
  1.5761876e-03
 -9.7081263e-04
 -1.0564779e-03
  1.0110768e-02
  5.6829941e-03
 -3.4919980e-03
  1.0133096e-03
  2.5165153e-03
  1.2424842e-03
  2.2837087e-03
 -5.4849442e-03
  4.2567719e-03
  6.4105267e-04
  4.7311008e-01
 -2.4205325e-03
  7.3621762e-03
 -3.0133073e-04
  2.0046313e-03
 -8.1312262e-02
  9.2313727e-03
 -6.0417540e-03
 -9.9081837e-02
 -6.9537438e-02
 -5.8171381e-03
 -2.0508287e-03
  2.0481078e-03
  3.3444946e-03
  3.6796394e-03
  3.6354638e-03
  9.3810464e-04
  3.3939856e-03
  3.4980155e-03
  1.7555230e-03
 -1.8858047e-03
 -2.6251057e-03
 -5.4712826e-03
 -7.9679741e-03
  3.3457077e-03
 -2.1303220e-04
 -5.3321826e-03
  2.0263740e-03
  1.0322169e-02
 -8.1780244e-04
  2.3680623e-03
  1.2402071e-02
  3.0215995e-03
 -4.8671211e-03
  9.5026777e-04
 -8.3607581e-04
  7.0990054e-03
 -2.6848675e-03
 -8.2857365e-04
  1.7825058e-03
 -2.7553237e-03
  8.4633526e-04
  2.8209607e-04
  6.8213372e-03
 -3.8374853e-04
  4.1195005e-03
  4.3016155e-03
 -3.6713772e-03
 -2.4297007e-03
  6.4921900e-05
  1.2910360e-02
  5.4195598e-02
  2.6841308e-03
 -9.6712622e-04
 -1.5266798e-03
  2.1473132e-04
 -1.6734523e-03
  8.0124912e-05
 -5.0240580e-04
 -3.7867674e-03
  2.0540014e-03
 -3.0325577e-05
 -2.0457383e-03
 -5.0807307e-03
 -2.7199169e-03
  1.0466577e-02
  2.1083162e-03
 -3.5562394e-03
 -4.5975699e-04
 -2.3345225e-03
 -5.5271699e-03
  3.3594284e-03
 -8.1193680e-03
  2.7605673e-04
 -4.4747439e-04
  2.9113125e-03
  6.8494773e-01
 -6.6119903e-03
  3.6998738e-03
 -2.3927377e-03
 -3.7171950e-03
 -4.2960537e-03
 -4.2309440e-03
  2.3044907e-03
 -2.5176615e-03
 -9.6424492e-03
  6.1608260e-03
 -1.3949542e-01
  3.8963798e-03
 -6.2001572e-04
  8.8769770e-01
 -6.8071716e-02
 -1.2962846e-01
 -2.3884602e+00
  2.5494623e-03
  3.2928464e-01
  2.6027191e-02
  1.2404806e-02
 -5.0396241e-02
 -1.6497394e-01
  4.5107465e-02
  6.9867438e-03
  2.8996882e-03
 -7.3485554e-04
  1.5905349e-02
 -1.1714759e-01
 -2.1183752e-01
  2.3872163e-02
 -3.4031596e-03
  3.6457623e-03
 -2.8894157e-03
 -4.9766213e-02
 -3.3783367e-01
 -2.7218854e-01
  3.2708084e-03
 -4.5077368e-03
  2.3580760e-01
 -2.3995314e-03
 -3.3445829e-03
  4.9321771e-01
 -1.0104555e-02
  7.7491309e-03
 -2.4693264e-03
  6.0981605e-03
 -1.6319162e-03
 -4.7989632e-03
 -1.3611248e-02
  2.5553873e-03
  8.7907468e-04
 -3.8180393e-03
 -2.3423408e-03
 -8.3649868e-01
 -3.4295279e-01
  1.1007163e-02
  6.3509899e-01
 -1.0957937e+00
  1.2123173e-02
 -1.5283895e-01
  5.3247921e-03
 -6.2428549e-02
 -2.5541114e-03
 -7.9175485e-03
 -5.5122338e-03
 -1.0473073e-02
  2.3440642e-02
  4.1239439e-03
 -2.5320154e-01
  4.7754211e-04
  7.6035908e-03
 -5.0708789e-02
  1.0092178e-03
  3.5894320e-03
  4.3357303e-03
  5.2057658e-03
 -1.7328712e-03
  1.0078027e-02
 -9.8048570e-04
  3.0425226e-03
 -1.5726569e-01
  5.2530500e-03
 -5.5555830e-04
 -4.6452917e-03
  3.2814671e-03
  8.3550606e-03
 -1.3029414e-04
 -1.8191401e-02
 -4.4426681e-03
  1.3587862e-03
  6.7154900e-03
 -1.0624123e-02
 -4.8491382e-03
  1.4185904e-03
 -1.9113164e-03
 -9.2465850e-03
 -7.2424659e-03
  5.9609711e-03
 -5.9008580e-03
  4.0813186e-03
 -1.4107289e-03
 -8.4237009e-03
  1.0467866e-03
  5.3014271e-03
  5.7756486e-05
 -4.2100525e-03
 -1.7617075e-03
 -6.9867186e-03
 -1.5471036e-03
  9.3855688e-06
 -1.9431399e-02
  6.2681356e-05
  1.2518596e-03
  2.9779351e-04
  7.0832688e-03
 -8.6950669e-03
  1.7676521e-03
 -2.4769588e-03
 -1.3886285e-03
 -4.0054349e-03
 -3.8645696e-03
  2.1512993e-03
  7.3533307e-04
 -7.2615879e-04
 -2.6780167e-03
 -2.5991182e-04
 -6.1825328e-03
 -5.8268635e-03
  1.8575413e-03
 -5.0128005e-03
 -1.1679275e-03
 -3.9507938e-03
 -2.0354791e-03
 -1.2736009e-02
  1.3448089e-02
  3.7855455e-03
  2.8805053e-04
  1.5827728e-02
  3.4140646e-03
  2.5046752e-03
  1.6045141e-01
  3.2503030e-01
  9.4791315e-04
 -1.0630758e-02
  3.5281933e-03
 -9.2636220e-02
  1.4582581e-03
  9.4122710e-03
 -1.5659441e-01
 -4.6313102e-03
  1.3265699e-01
 -3.9196000e-03
 -3.8103316e-02
  8.3985776e-03
  1.1625208e-01
 -4.1975658e-02
  5.7304115e-03
 -1.0314786e-02
  3.5003463e-03
 -1.9534633e-03
  8.1440213e-04
  6.4818725e-02
 -6.4600339e-05
  2.4440456e-03
 -4.5766868e-03
  2.0924271e-03
  1.4081054e-02
  4.2719282e-03
  1.0220423e-02
 -9.8571023e-03
  2.6759556e-03
 -1.9234544e-02
  2.8765486e-03
  1.0625425e-03
 -8.6087949e-04
 -2.3872030e-03
 -1.0984465e-03
  3.9664456e-03
  2.6887362e-03
  1.6779173e-03
  4.9199937e-03
 -2.0577635e-03
 -2.3345869e-04
 -4.8325095e-02
 -2.1990137e-03
  2.7117660e-04
  4.3844245e-03
  1.3097298e-03
  7.9404213e-04
  5.9125107e-04
  6.4218673e-04
  1.8917827e-04
  6.2458281e-04
  1.7990306e-03
 -5.6032133e-03
 -1.0006240e-02
  2.3280464e-04
 -2.9364952e-03
  1.0878273e-02
 -8.1054438e-03
  1.6736401e-03
 -1.4948474e-03
  2.5537782e-03
  3.8268042e-03
 -1.8623776e-03
 -8.7441737e-03
 -1.5805319e-03
 -9.3006813e-05
  4.9276585e-03
  4.4908430e-03
 -1.3839712e-02
  4.1342268e-04
  2.1545980e-04
 -7.3126296e-04
 -4.6808263e-03
 -6.4723507e-05
  2.4408926e-03
 -1.6291530e-03
 -4.7716349e-03
  1.1679026e-02
 -2.0793800e-03
  1.0940458e+00
 -2.4722654e-01
  1.1442923e-02
  3.3714864e-01
  1.4037393e-01
 -5.8709197e-03
 -1.3019596e-02
  9.9820942e-03
 -7.9814076e-02
 -9.5335757e-03
  8.6976448e-04
 -9.3422979e-03
 -4.3408945e-03
  8.1274938e-03
 -1.2404786e-02
 -8.1079260e-02
  9.2595547e-02
  1.3978124e-02
 -6.8225721e-03
 -5.7239691e-03
 -1.1064412e-02
 -5.1022004e-03
 -2.9622859e-04
  4.8662759e-03
  4.9171820e-03
 -4.2246548e-03
  2.2008372e-02
 -8.5205678e-03
  3.2609098e-03
  1.7748061e-03
  4.0832303e-02
  7.2642299e-03
 -1.1024506e-02
  9.7997254e-04
 -7.5595104e-04
  6.5750052e-04
  2.5628621e-03
  1.3492911e-04
 -1.7108147e-03
 -5.3485190e-03
  6.0655130e-04
 -5.4859719e-04
 -1.3945056e-03
  1.3350680e-03
 -1.0851831e-02
  2.2825205e-03
  4.4331267e-03
  1.7989659e-03
 -1.5202029e-02
  1.6265026e-03
 -1.4248616e-03
  8.1594882e-04
 -2.0608417e-04
  2.0982688e-03
 -1.6002612e-03
 -1.8787653e-03
 -2.5662736e-03
  2.5623383e-03
 -9.6019069e-03
  5.4297615e-03
  4.4051027e-03
  1.0631089e-03
 -2.2059130e-03
 -9.9030964e-04
  1.1152178e-03
  1.2016904e-02
  7.6413807e-03
  4.9291444e-03
 -1.0691761e-03
 -2.8315205e-03
 -2.9138662e-03
  2.9201482e-03
  3.5240876e-03
 -9.8103145e-04
 -7.7583315e-04
 -1.2224697e-02
  8.6253404e-04
 -4.1818887e-05
  1.0729214e-02
 -4.2629070e-03
 -1.1425315e-03
  7.9553388e-04
 -8.2642399e-03
 -1.0425119e-03
  1.8233943e-01
  6.3610421e-03
  8.2573257e-03
 -2.0085809e-01
 -5.8268893e-01
 -7.7137062e-03
  3.1831972e-03
  4.3171360e-03
  6.2054269e-02
  4.1960436e-03
 -2.5666067e-03
  5.2715410e-02
 -7.4926674e-01
 -9.9376671e-02
  4.2897318e-03
  5.3162754e-02
 -1.1055253e-01
 -6.7909785e-02
  1.0342772e-01
 -5.5482578e-03
 -1.9393021e-03
  7.1623886e-04
 -2.5567061e-03
 -1.4989196e-03
 -1.9184723e-05
  2.3156047e-02
 -8.7703040e-05
  4.8236880e-03
  6.2868027e-03
 -2.6677733e-02
  5.3812163e-03
 -1.7561359e-02
  1.0609201e-03
 -2.7989892e-03
  7.4310772e-02
 -5.8573531e-03
 -9.2246023e-04
  7.4743392e-04
 -5.4081362e-03
 -3.7186095e-03
  4.8879855e-03
  1.5171662e-03
  7.0072788e-01
  1.6829666e-01
  9.3261851e-03
  2.7410808e-01
  1.7079620e-01
  8.5146017e-03
 -1.0585925e-03
  6.9333875e-04
 -6.3058585e-02
 -2.7858783e-03
 -6.4059935e-04
 -3.1704370e-02
 -1.2658334e-02
  1.3346080e-01
 -8.2390457e-03
 -1.0613380e-01
  1.6896225e-03
  8.6777180e-02
 -3.4286350e-02
  2.0081350e-03
 -1.3537575e-02
 -5.6988513e-04
  1.4948131e-03
 -9.4529876e-04
  2.1002069e-02
  4.1019409e-03
  4.0154499e-03
 -6.6929706e-03
 -1.1222450e-02
 -1.7915355e-03
  1.1949172e-02
 -3.0684425e-04
 -1.4304703e-02
  1.6587414e-03
 -3.6124684e-02
 -5.1788031e-03
  1.3819246e-03
  3.0176381e-03
  5.8860895e-03
  2.9583841e-03
 -8.6615556e-01
 -2.1806359e+00
 -1.3663247e+00
 -6.7158276e-01
 -1.9517263e+00
 -6.0664765e-03
 -2.3255880e+00
  4.6557650e-01
  1.1477485e+00
  9.7338790e-03
 -1.7738575e-01
 -1.0153499e-01
  1.9219488e-02
 -4.4796577e-01
  6.5780375e-03
  8.9300871e-01
  2.9170474e-03
 -5.2662399e-02
 -1.6247182e-01
  3.2255101e-01
 -5.7924455e-01
  6.9608063e-02
 -1.9100702e-01
  4.7481097e-03
 -4.3722554e-03
 -8.9233920e-02
  2.0100631e-01
 -7.5925104e-02
 -3.1471530e-03
  1.2759969e+00
 -3.1602376e-03
  2.4103768e-02
 -1.2986392e-01
  2.0504212e-01
 -2.2618528e-03
  8.4657473e-03
 -3.2772028e-01
  3.2439019e-04
 -5.4796954e-04
 -4.6874080e-03
 -2.1111736e-01
  1.3159951e-03
 -4.5644399e-03
  7.9901383e-04
  5.7410500e-03
 -4.1020001e-04
  2.2921709e-03
 -3.0850142e-03
 -7.0142810e-04
  6.9136487e-04
  6.1836154e-06
 -4.9539626e-04
 -3.0955917e-03
  1.2516508e-04
 -1.2014039e-04
 -5.8338926e-03
 -1.2033938e-02
  2.8530296e-04
  4.0788208e-03
  7.8480691e-04
 -5.4034183e-04
  4.8618885e-03
  3.0390536e-03
 -4.4212458e-03
 -1.6973214e-03
 -4.0931134e-03
 -2.8515591e-03
 -1.8054640e-03
  4.2644204e-03
 -2.5754906e-03
  4.5600240e-03
  8.1193903e-03
  4.1029826e-03
  2.2568426e-03
  2.4049787e-03
  3.3594868e-03
  5.5152257e-05
 -7.3924139e-03
 -2.5138494e-03
 -4.9819122e-03
  5.9414003e-03
 -1.6981866e-02
 -2.6467945e-03
 -1.1815508e-03
 -4.8025064e-03
  7.6772231e-03
  3.9459034e-04
 -3.5610839e-04
  2.3348327e-03
  1.4558733e-02
  9.7386464e-02
 -8.1433048e-03
 -2.0329433e-03
 -6.6950760e-04
 -7.5321966e-03
  1.3003242e-03
  4.2110579e-03
  6.8837637e-04
 -2.2058196e-03
  1.6429373e-03
  1.6835596e-03
  5.8982940e-03
 -1.7161034e-03
 -1.3102132e-02
  1.5832043e-03
 -3.2132707e-04
  1.0607230e-02
 -6.3713663e-04
  3.4950753e-03
  1.5165791e-03
  3.5981685e-03
  3.2952484e-03
  1.7575304e-03
  1.1657248e-03
  1.5632220e-03
 -5.9825806e-03
  2.8037645e-03
 -7.9267155e-03
  2.2876395e-04
  8.7308371e-04
  7.6966238e-04
  2.2767961e-03
 -1.4319137e-03
 -4.2232908e-03
  4.1874475e-03
  6.5882462e-03
  3.7284844e-02
 -3.8688117e-01
 -1.0393672e-03
 -2.4521218e-01
 -6.1199623e-01
  4.2005333e-01
  2.9759526e-01
  6.5188658e-01
 -6.1154906e-03
 -2.3268944e-02
 -5.1887121e-02
  5.0680883e-05
  6.7469108e-01
 -2.0973648e-01
  2.1679456e-04
  5.7666200e-01
  9.8446878e-03
 -1.3442832e-01
  3.9133396e-02
  3.4570551e-01
 -3.4567103e-01
  5.4277934e-04
 -1.6015945e-01
 -3.7382429e-03
  1.8805073e-01
 -4.5887074e-03
  2.3476428e-01
 -1.5587479e-02
  5.6903679e-02
 -4.5004752e-03
 -1.9640487e-03
  3.7693620e-01
  4.8087571e-02
  1.5453842e-01
 -2.0751492e-03
  1.9733717e-03
 -2.7559972e-01
  6.6879170e-04
 -2.0710676e-04
 -1.3431177e-05
 -1.7489339e-01
 -1.6384422e-03
 -2.8137860e-04
  1.1291433e-03
 -1.2954450e-03
  3.4925631e-01
 -8.5862363e-03
 -5.2234004e-03
 -4.6417456e-02
  2.4641962e-03
  1.9339256e-03
  2.6526225e-03
  1.0474465e-03
 -4.9781431e-02
  4.9289543e-04
  1.0419764e-03
 -2.4891878e-03
 -4.1163638e-03
 -2.9810290e-03
 -1.1271425e-03
  3.3660748e-03
  1.5511356e-03
 -1.7896127e-03
  1.2590846e-03
  5.3432505e-03
 -1.4759918e-03
 -2.5035639e-03
 -2.5699544e-03
 -1.4115740e-02
  3.0591949e-03
 -4.6927263e-03
  7.9918914e-03
 -2.8864203e-03
  2.8685087e-03
 -7.1290149e-03
 -1.1311560e-02
 -6.1246671e-04
 -6.6304073e-04
  1.5406529e-03
 -3.4682567e-03
 -8.7498047e-05
  7.5631551e-03
 -8.3797093e-04
  1.6379623e-04
  2.9871969e-02
 -1.3506775e-01
  3.1449255e-01
 -1.0690197e+00
  2.4684888e-01
  1.3947964e-01
 -1.8346890e+00
  5.6682918e-02
 -1.4828691e+00
 -5.5308372e-01
 -9.2172520e-03
  2.8057963e-01
  5.9023649e-01
 -7.7953443e-02
 -1.3659348e-01
  4.8981100e-01
  8.1014988e-04
 -1.4237826e-01
  2.8942424e-01
  8.6146593e-02
 -3.0120531e-01
 -6.6226511e-04
 -3.9060831e-01
  2.6506635e-03
  7.7023362e-03
  3.2463546e-03
  3.1859088e-01
 -2.6689149e-02
  1.6627628e-02
  6.7393595e-01
 -2.7239812e-05
  3.8982204e-01
 -7.7703930e-02
  3.4731496e-02
 -8.3093683e-04
  2.6942710e-03
 -3.3919638e-01
  1.4174139e-03
  8.3675339e-05
  5.4377299e-02
 -3.9253431e-05
 -4.4985497e-04
  3.2411269e-03
  8.5665728e-05
 -8.3918002e-04
 -4.7172788e-03
  1.8266754e-03
  1.9331674e-04
 -1.1520318e-03
  9.8480738e-04
  2.1352114e-03
  1.9557125e-04
  1.4666162e-03
  1.2543871e-03
  4.4629700e-04
  7.7151164e-04
 -2.3310324e-03
  8.1460671e-03
 -7.9817444e-05
  7.7596243e-04
 -1.0238128e-02
 -3.9674793e-03
 -2.8954241e-03
  5.5192034e-03
  1.8184243e-03
  5.8907882e-04
 -5.6836065e-03
 -7.0041358e-03
  2.4762407e-03
  8.5462886e-04
  8.2061515e-04
  1.9763559e-03
  2.3248927e-03
  4.3714349e-04
  6.8691216e-04
  2.7987740e-03
 -2.1689332e-03
 -5.5023767e-03
 -2.7651198e-03
 -3.7035134e-03
  5.0323755e-03
 -7.4200910e-03
  9.6048974e-03
  2.0984986e-03
 -3.2169193e-01
  1.6220076e-03
 -7.7367397e-03
  5.1519567e-01
 -1.4871643e-02
 -5.1269582e-03
 -1.4651529e+00
  4.8724306e-03
  2.2272570e-02
  3.7585250e-03
  4.3189507e-03
 -6.9416640e-03
 -1.9454210e-03
 -3.0943516e-03
 -9.1339803e-05
 -4.1329931e-03
 -5.8707329e-03
 -1.8444803e-03
 -1.8635262e-02
  1.3541441e-01
  1.2518898e-02
  1.5578943e-03
  3.0725845e-03
  3.8797822e-04
  1.2838256e-03
 -1.1553461e-01
 -3.3429246e-03
  3.5575603e-04
  4.4780300e-04
  2.2501627e-03
 -1.7536109e-03
  5.6729601e-03
 -1.3378108e-03
  1.3785409e-04
  1.1893763e-03
 -2.5719190e-03
  3.7974429e-03
  4.9513169e-03
 -9.6931850e-04
 -1.2881136e-02
  8.0258923e-04
 -7.8322319e-03
 -7.4523622e-03
 -3.4606850e-03
  1.0183891e-03
  1.1386387e-03
  7.3896570e-04
  1.7705327e-03
 -1.0481094e-02
 -5.3280969e-03
 -5.6014495e-04
  9.5282827e-04
  5.0622423e-04
 -4.6349396e-03
 -8.5439365e-03
  1.8842649e-02
 -5.1094388e-04
 -8.6668250e-04
  1.0477315e-03
  7.0907138e-03
  6.4932735e-04
  1.4729700e-03
 -2.0181364e-03
  7.3600966e-03
  1.0164011e-02
 -1.7730242e-03
  3.0247732e-03
 -1.8554662e-03
  5.0350572e-03
  4.4900010e-04
  9.8934467e-04
 -5.3128302e-03
 -1.7420001e-02
 -6.5861191e-03
 -4.4487948e-03
 -8.0416016e-03
  1.7211469e-03
 -7.9341920e-04
  7.7967229e-03
 -1.4483019e-03
  1.3358768e-02
 -3.1937174e-03
  9.2385942e-03
  2.1387278e-03
 -7.5313356e-04
 -1.3156430e-03
 -5.1703015e-03
  4.6582515e-03
 -8.0206925e-03
  3.6302989e-04
 -1.0094541e-02
  3.8368782e-04
  6.9504254e-04
  2.4191879e-03
 -4.3517214e-04
  3.1428095e-03
  1.5208474e-03
  7.3056221e-03
  7.9291668e-03
  4.7129559e-04
 -1.3525515e-03
  1.1054126e-02
 -1.1583569e-02
  1.1862433e-02
 -5.4798638e-03
 -1.0293645e-02
  9.0279168e-04
 -2.0720048e-03
  2.8032248e-03
  6.3471496e-03
 -1.4121596e-03
  3.8287314e-04
 -2.5589925e-03
  4.1020717e-03
  1.0978801e-03
 -1.6611255e-03
  6.9234092e-03
 -2.5097169e-03
  9.9271383e-05
  1.7585384e-03
  9.6486490e-03
  7.8883278e-04
 -1.2031242e-02
  6.6756220e-05
  1.8287039e-03
  1.1016771e-03
 -6.2814001e-03
  4.1462323e-03
  1.3105731e+00
  1.2516624e-02
 -1.2729920e-02
 -9.5711470e-02
 -1.0598794e-01
 -2.3043540e-03
  2.7353713e-02
  7.0016827e-03
  8.0020905e-02
  3.8745228e-02
 -1.3770179e-03
 -1.3232006e-03
 -1.3570292e-01
 -1.0289685e-01
  1.9719608e-03
  6.6566229e-02
 -2.7204685e-02
 -6.8230465e-02
  5.2989695e-02
  2.3839325e-03
  1.7721685e-02
 -8.4174201e-03
 -9.3211262e-03
  6.9545507e-02
 -3.2970167e-03
  2.4947366e-03
 -9.1160620e-03
 -1.9652864e-03
  1.1966949e-03
 -5.6374003e-03
  6.4454429e-02
 -7.8044110e-03
 -1.9812705e-03
  2.3858510e-03
  9.0813786e-03
 -3.2909086e-03
 -7.5984001e-04
 -1.9916100e-03
 -3.5045220e-04
 -6.1361371e-03
 -2.2651273e-01
 -1.3919151e-03
  7.2696149e-02
 -4.4916934e-04
 -3.7144476e-03
 -3.9242798e-01
 -1.1988662e-02
 -1.0423663e-02
  2.7190642e-03
  4.2676093e-04
  4.1192183e-01
 -7.2944880e-04
 -3.7277244e-02
  3.9247218e-01
  2.8599521e-02
 -6.0609144e-01
 -4.3441335e-04
  1.7960267e-01
 -1.5249320e-04
 -3.9242007e-02
  6.3810575e-01
  5.7945787e-03
  1.2230115e-01
  4.4589872e-03
  2.6598430e-01
 -1.9923593e-03
 -2.0541389e-01
  3.5960902e-02
 -1.1338832e-02
  8.4995702e-02
  1.6944855e-02
 -4.4497401e-01
 -3.0851046e-02
 -2.7899057e-01
 -1.7317684e-04
 -8.7713338e-03
  5.7490045e-01
 -8.1583438e-04
 -8.2503250e-03
 -1.5145054e-02
  6.8949625e-02
 -4.2500524e-03
  3.1844825e-03
 -1.0405970e-02
 -2.6708103e-03
  4.1558892e-03
  2.2767538e-03
  1.1440434e-02
 -3.9059753e-03
  1.7664492e-03
  5.9219212e-03
  4.1807876e-03
  6.7886035e-03
 -2.5214634e-03
 -2.9245038e-03
 -4.0106243e-04
 -2.7108524e-04
  4.1385940e-03
 -5.2478296e-01
 -1.6250595e-02
  5.8345683e-03
  9.5828983e-04
 -4.0105376e-03
  7.6154922e-03
  1.9034278e-04
 -2.6755442e-03
  9.9445069e-03
 -5.5960948e-03
  7.1311882e-03
 -2.5081420e-03
 -2.2764606e-03
 -2.6007856e-03
 -3.5563554e-04
  1.2022956e-02
  1.6713890e-03
 -1.4006920e-04
  4.3461546e-03
  7.7039812e-04
  7.7599538e-03
  4.0202434e-03
  4.0360168e-03
  3.6001587e-03
 -7.0879385e-03
  1.4729832e-03
 -1.3754954e-02
 -2.0660515e-04
  1.2729622e-02
  1.5508560e-04
 -1.0866349e-03
  7.2122290e-04
  1.0312684e-04
 -1.6544105e-03
  4.0626070e-03
  8.4017793e-04
 -2.4316339e-02
 -1.5307359e-03
  1.2655315e-02
 -9.5403468e-04
  5.7441662e-03
  1.0776663e-03
  2.0813555e-03
 -2.0447890e-03
 -1.4819814e-03
 -4.0846560e-04
 -9.1219740e-04
  5.1637469e-03
 -5.1051937e-03
  1.4762778e-03
 -3.5562052e-03
  5.1108090e-04
  1.0589563e-02
 -1.4655456e-03
 -5.6545663e-04
  1.6528974e-01
  1.3207986e-03
  9.4507746e-03
 -5.9682825e-03
  6.5100860e-05
 -5.0257100e-03
 -7.0242368e-04
  1.6704066e-01
 -5.5189367e-04
  1.9184795e-03
 -1.6059938e-01
  1.4392775e-04
 -1.4350470e-03
  5.0790682e-03
 -3.4615197e-03
  8.6990226e-04
  9.1169652e-04
  3.9343718e-03
  6.8856188e-04
  5.0168484e-03
  1.2749345e-02
 -3.2777211e-03
  1.4373986e-04
  5.0193528e-03
  4.1249082e-03
  3.3098459e-03
  4.7646407e-03
 -5.2383868e-03
  4.7428771e-03
  1.3995261e-03
 -5.5960787e-04
  3.7035483e-03
 -1.5697246e-03
 -5.1657259e-03
 -9.0325000e-03
 -6.6334853e-04
  3.6889007e-03
 -1.5343778e-02
  1.8691602e-03
 -5.6303330e-03
  1.2106572e-03
 -3.1350248e-03
  3.8232920e-03
  4.7318283e-03
 -6.2420615e-05
 -4.7928905e-03
 -2.2314375e-03
 -2.8611459e-03
  9.4997436e-03
  8.5745763e-04
 -7.7211199e-04
  3.4120521e-03
  2.2160152e-03
  8.1066952e-05
 -6.6085136e-03
 -8.1816860e-02
  3.3346929e-03
 -7.9213857e-04
 -2.6012678e-03
 -5.0766403e-03
 -3.9246879e-03
  4.6547204e-03
  6.2951804e-03
 -4.3784827e-03
  6.2694360e-04
 -1.3287137e-03
 -2.3205014e-02
  3.3063260e-03
 -2.5122694e-03
 -7.7995942e-03
  1.9730835e-03
  4.8169419e-05
 -4.0518106e-03
 -4.5587826e-03
  8.2164528e-03
  9.5595727e-03
  1.1935016e-04
  1.8953404e-04
  8.8807093e-03
 -1.2029478e-03
  4.0656449e-03
 -9.0224331e-04
 -3.2847330e-03
 -4.1192244e-03
 -1.2586386e-02
 -7.9709934e-03
  2.0823812e-03
  1.2791656e-02
 -1.4288774e-04
  1.0596952e-02
  3.9304400e-04
 -3.5181241e-03
 -1.0977808e-03
 -1.8091374e-03
 -1.6291053e-03
  2.2776132e-03
  6.0837665e-03
 -1.6308158e-03
  1.8152423e-03
 -5.0964295e-03
  2.1138331e-03
  4.6223309e-03
 -1.6823978e-03
  1.2202382e-03
 -8.4090838e-03
  1.3483035e-03
  1.0337348e-02
 -3.4155031e-03
  7.0337681e-03
  1.6876708e-03
 -4.8259357e-03
 -3.3821139e-04
  7.0765428e-04
  3.3957432e-03
 -2.9948982e-03
 -1.1966215e-03
  6.2619434e-03
 -5.0813542e-04
  3.5489726e-04
 -2.9124707e-04
  1.2930922e-03
  1.2769071e-04
 -1.7104954e-03
 -4.8261327e-03
  1.3616544e-03
  3.9012535e-03
 -8.6228643e-03
 -5.0988635e-03
 -4.7525903e-03
  2.6587439e-03
 -4.2876191e-03
 -2.9632926e-03
  1.9245299e-03
  4.7810622e-03
  2.6262322e-05
 -4.7145872e-03
 -1.6187194e-03
  1.4385525e-03
 -1.2791740e-03
 -8.9043565e-03
 -3.3223496e-03
  3.2736339e-02
  7.0654070e-03
 -2.0127951e-03
 -1.1163471e-01
 -7.4038595e-02
 -3.2646969e-04
  5.2960142e-03
 -5.8350264e-04
  3.2949771e-03
  1.2877236e-04
 -1.2433507e-02
  2.8230838e-02
  2.9853703e-03
 -6.6320360e-02
 -5.9563248e-05
  3.7212774e-02
  9.1333772e-05
 -2.7780745e-02
  9.0254359e-02
 -1.7705432e-03
  5.4783724e-02
 -5.7775471e-03
 -2.1837926e-03
 -1.1322843e-03
 -1.0097352e-02
  5.2239541e-03
 -1.2428849e-03
  4.7430810e-02
 -4.1450271e-03
 -1.5405214e-02
 -2.3339037e-03
 -1.1162526e-02
  7.1323235e-03
  6.1066598e-03
  3.8034324e-02
  1.0564562e-03
  1.7610331e-03
  3.3503061e-03
 -3.9845081e-03
 -1.0665530e-02
 -2.3819359e-03
  1.0379502e-03
  1.0473145e-03
  2.1177977e-03
 -1.0190720e-02
  5.6317542e-03
  3.2943577e-04
 -8.2642389e-03
 -1.4863996e-04
 -8.5399713e-04
  9.7883015e-04
  6.9627971e-03
 -6.2494529e-03
 -4.0410069e-04
 -6.9415796e-04
  2.0062749e-03
 -1.0557347e-03
 -8.0917105e-03
 -2.2004975e-03
  4.1517441e-04
  5.8241729e-03
 -1.4864109e-03
  2.8574344e-04
  1.4439158e-03
  3.9990060e-04
  1.2041965e-03
  1.6212167e-02
 -3.4275863e-04
 -1.3753038e-03
  2.5550895e-03
 -1.8489679e-03
 -2.3103645e-03
  3.3427791e-03
 -3.1604238e-03
  7.5816468e-05
 -1.3628439e-04
 -7.9881644e-04
  2.5057732e-03
 -1.9400825e-03
 -1.7624033e-03
 -1.1329778e-03
 -1.5655861e-03
 -8.7633112e-04
  5.4615508e-03
 -3.5379045e-02
  2.3398748e-05
  2.1615240e-03
 -9.0801403e-02
 -8.1622757e-02
  8.2565583e-03
  9.0503516e-03
  1.0496918e-02
  1.7883424e-02
 -1.3100290e-02
 -2.7188137e-01
  9.5867063e-04
  5.2637733e-03
 -6.4099631e-03
  7.7645588e-03
  3.4824200e-02
 -6.7333984e-03
 -3.0829890e-03
  3.0763324e-03
 -8.1930967e-04
  1.9910419e-02
 -9.3499450e-03
 -2.5049811e-03
  4.5316308e-04
 -3.0426192e-03
  4.1135857e-03
 -2.8674586e-03
  5.9546814e-03
 -4.8292908e-04
 -2.9945360e-02
  3.1567160e-03
 -7.4729599e-02
 -9.9135665e-03
 -1.0697457e-03
 -1.9918690e-03
 -2.4556902e-03
  9.6847344e-04
 -3.1087019e-03
  4.2396802e-03
  2.3794691e-03
  9.5628677e-03
 -1.6109287e-03
  4.4375740e-02
 -3.8348840e-04
  6.9311983e-04
 -3.2398710e-03
  8.2643045e-04
 -2.4134745e-03
  1.2146358e-03
 -9.9948905e-03
 -3.1078237e-01
 -6.0113068e-03
  6.7375605e-03
 -1.6013774e-01
  1.3887853e-03
  9.5501519e-04
 -4.0194162e-04
  1.4721727e-03
 -2.5568348e-03
 -2.6265082e-03
 -1.5162375e-03
 -2.2389930e-04
  8.6343667e-04
 -1.3830503e-02
 -8.9967623e-03
  1.6983332e-03
 -7.6389522e-04
  8.3682658e-03
  3.2236150e-03
 -2.8610963e-03
  1.3818998e-03
  1.8485191e-03
  2.6524530e-04
  6.5601734e-04
  4.4159335e-03
 -2.1202844e-03
 -3.8424458e-02
 -2.5328416e-03
 -1.0627522e-02
 -1.1628083e-02
  3.8706779e-03
  2.8398288e-03
  7.5858939e-03
  1.8349914e-03
 -1.7615717e-03
  8.5430942e-04
  1.3490008e-03
  9.6504213e-03
 -4.0289182e-03
 -3.7399223e-03
 -2.9483601e-03
  1.0105267e-02
 -5.2161457e-04
  6.4298604e-04
  2.2897897e-03
  2.5445458e-03
 -3.3744513e-03
  2.4836687e-03
 -6.5461555e-03
 -6.0380059e-03
 -6.0995165e-03
 -1.8646537e-03
 -4.6037072e-03
 -3.8539877e-03
  1.2254447e-03
  1.5542719e-03
 -3.7497487e-03
 -4.9684674e-04
  1.3560388e-03
  3.7584901e-03
  2.8281710e-03
 -3.4775387e-04
 -5.5627106e-04
  2.6248298e-03
  3.6715467e-03
  6.5875771e-03
 -2.6711693e-04
 -3.6507153e-03
  1.8602249e-03
 -1.0972902e-02
 -2.4826971e-03
  7.5652753e-03
 -7.0433147e-05
 -3.4720195e-03
  3.6490113e-02
 -3.4451994e-04
  6.2663457e-03
  5.3814515e-03
 -2.9435128e-03
  7.9382984e-03
 -1.2456813e-01
 -3.0051908e-03
  4.6907130e-04
  2.3709650e-03
 -7.6461740e-02
  1.3632874e-02
  3.2191526e-03
  1.4101882e-03
 -4.8297723e-03
  9.6135236e-02
 -2.6710236e-03
 -4.0774555e-03
 -2.6920745e-03
  2.9334850e-03
 -2.0858699e-02
 -1.7638363e-02
 -1.4901057e-02
 -6.3610263e-03
  2.5935681e-03
 -7.2479970e-04
  1.3365829e-03
 -4.3005464e-03
  3.9856401e-03
 -3.1869318e-03
  1.0872964e-02
 -7.9255197e-03
 -1.6445175e-03
 -1.5221111e-02
 -3.4211687e-04
 -4.3391087e-03
 -2.9634694e-02
  7.6423690e-05
  1.6081051e-03
 -6.8723131e-03
  9.4793970e-04
  5.7937698e-03
  1.2457593e-03
 -5.3239404e-03
 -9.8929890e-02
 -2.2089171e-04
  3.6225240e-03
  1.7073768e-01
 -2.0302618e-03
  1.7393773e-02
  1.2307048e-04
  7.0845122e-03
 -1.2756842e-01
  4.4293709e-05
  2.6043339e-02
 -2.6527535e-02
 -6.2121246e-03
  1.5048149e-01
 -2.8512101e-03
 -9.9050581e-02
  1.9402791e-02
  1.0238296e-01
 -2.4059103e-01
  3.4818933e-03
 -2.7471982e-02
 -5.7719536e-03
  5.9991833e-03
 -2.6030673e-03
  1.0371751e-01
 -9.7819138e-04
  6.4765606e-03
 -1.4837847e-02
  4.2265751e-03
  4.6667743e-02
  3.2286879e-02
  1.7058916e-01
  6.6895643e-04
  4.7238511e-03
 -7.4432209e-02
 -5.5947119e-05
 -1.6954158e-04
  2.1350207e-03
 -4.3410449e-03
 -3.8454728e-04
  1.2301637e-03
  3.3289057e-03
  1.4780910e-03
 -1.0003002e-03
 -4.8250226e-05
  1.6223243e-03
  7.8314552e-03
 -2.9747067e-03
  1.4634230e-03
 -1.3715852e-03
  1.3675857e-05
  3.4342920e-03
 -2.1127296e-04
  1.7527544e-03
  5.2325479e-03
  1.0964854e-04
 -2.1108817e-05
  5.3048944e-03
  1.1387712e-03
 -4.3368209e-03
  6.8324571e-03
  2.0753094e-03
  1.0445712e-03
  2.9296025e-03
 -1.8877011e-03
 -6.3808486e-03
  5.0806389e-03
  3.3120271e-03
  2.4434964e-03
 -3.9734454e-03
 -5.4446529e-03
 -9.7564311e-04
  1.2429217e-02
 -3.3952943e-03
 -4.6402134e-04
  5.4431572e-03
  2.3163145e-03
 -1.1304506e-03
  1.2219730e-02
  7.8913191e-04
  1.3351812e-02
  2.0881591e-03
  1.2255588e-03
 -4.0574744e-03
  1.2254643e-03
  3.7854061e-01
  5.0404144e-04
  5.4344092e-03
  3.1063971e-03
  1.4906447e+00
 -3.2632952e-03
  8.9220540e-04
 -1.6458665e+00
  1.2652733e-02
  4.8233867e-01
 -1.1669658e-03
 -1.8907132e-03
  3.7079528e-03
 -1.3064849e+00
 -4.7232065e-01
 -1.9808104e-03
  4.3875952e-03
 -4.3516894e-04
  2.5750694e-01
 -2.3016734e-03
 -1.8204626e-01
 -2.5211868e-03
  1.3540558e+00
 -7.3060335e-04
  3.2587410e-03
  2.2445485e-01
 -4.8520738e-01
 -9.6755290e-01
 -2.6172865e-03
 -8.3861917e-01
  3.0995954e-05
  7.2144121e-03
 -1.7357074e-01
  4.7904402e-03
  1.0644686e-03
 -1.3714250e-02
  4.5298669e-03
  5.7517574e-03
 -6.8406778e-04
  5.0733774e-03
  2.5981619e+00
  3.6669960e-03
 -1.8011032e-03
 -2.5642661e-03
  8.3823121e-01
  1.5355125e-03
  2.6380054e-03
  8.4347391e-01
  3.3692189e-03
  1.0324913e-02
 -1.4218831e+00
 -1.9509959e-03
  2.5738649e-02
 -3.8330705e-04
  1.4683509e+00
 -3.3963630e-01
 -9.4058784e-03
  3.9275739e-04
 -1.0473829e-03
  7.7233207e-03
  4.6156085e-04
 -1.2864832e-02
  3.2600489e-01
 -8.5306603e-01
  7.4628597e-01
 -3.9377618e-03
  6.9465864e-01
 -1.1141030e-03
  8.4599924e-01
  2.9371094e-03
 -6.1817139e-01
  7.3440069e-01
  2.1004696e+00
 -1.4228304e-03
 -1.1229335e-03
  1.0882440e+00
 -3.2319486e-01
  1.7518878e+00
  2.9915581e-03
 -5.6322527e-01
 -3.2434431e-01
 -2.2131759e-05
 -6.2778974e-01
 -1.4631724e+00
  1.6901025e-03
  2.2016457e-01
  2.7471289e-04
 -4.0769349e-03
 -6.9742976e-04
 -6.4640754e-01
  5.0499304e-03
 -4.9249238e-01
  1.2669972e-01
  5.7584867e-03
  7.1095103e-01
  6.3036823e-01
 -1.9965428e-01
 -1.1323972e+00
 -8.8566087e-02
  8.3983475e-01
  8.9537644e-01
  2.6289654e-01
 -3.8671546e-02
  2.0028589e+00
 -1.7402807e-02
  7.5917086e-03
 -1.9817092e+00
 -2.3185985e+00
  3.8505930e-01
 -8.8721566e-02
  1.2546561e+00
  1.9815676e-02
  7.0878759e-02
  3.7123479e-02
 -2.4137619e-01
  2.6608179e+00
 -3.6030221e-01
 -2.3463559e-03
 -1.9471611e-01
 -9.7215682e-02
  6.4590003e-04
 -4.9490362e-02
 -2.4809209e-01
 -9.5347121e-02
  1.4165474e-02
  7.7322558e-02
  5.8712029e-01
  4.9102727e-01
 -1.7276431e+00
  2.1638316e-01
  1.4181646e+00
  7.1181941e-01
 -5.1703826e-02
 -4.5834130e-01
  3.4489116e-01
  1.6283993e+00
 -1.6678407e+00
 -5.3425658e-01
  2.6536362e+00
 -2.8630242e-01
 -5.0884908e-01
  3.9854705e-01
 -1.0152140e+00
 -5.1235181e-01
  1.5987556e+00
 -4.1305405e-01
 -7.6507352e-02
 -6.4055490e-01
 -5.0779843e-01
  7.5901973e-01
  1.4310415e+00
 -6.7769811e-02
 -1.2178814e+00
 -5.8034807e-01
  3.5921043e-01
  1.7233247e+00
  1.4241858e+00
  6.2926215e-01
 -5.4247326e-01
 -1.4325117e-01
  6.5671510e-01
  5.1894498e-01
 -1.6567256e-01
 -1.9131374e+00
  3.0764347e-01
  1.4032205e+00
 -1.9128202e-01
 -1.8231119e-01
  2.0415381e-01
  9.6881378e-01
 -2.2758646e-02
  8.3368653e-01
 -1.8465149e+00
  2.0143774e+00
 -1.1807208e-01
  1.6041040e-01
 -6.9555539e-01
  9.2201249e-04
  6.0477018e-01
  4.0412648e-03
  2.0080884e+00
  6.5740973e-01
 -1.3108755e+00
  1.8350844e+00
 -6.5432364e-01
 -7.9221731e-01
 -5.6591338e-01
  1.3551250e-01
 -1.8181704e+00
 -1.9280632e-01
  1.6218191e+00
  3.6531645e-03
  3.4366444e-02
 -3.7062743e-01
 -3.9489374e-01
  3.5013959e-01
  7.5267059e-01
 -2.3348125e-02
 -4.8828429e-01
  8.3819735e-01
 -3.2542628e-01
 -8.0342883e-01
  1.9804376e-01
  6.7142195e-01
  1.7913163e-02
  6.1484212e-01
  8.2797676e-02
 -1.0712582e+00
 -2.3386734e+00
 -2.0346911e+00
 -2.1612605e-02
  3.0095962e-01
 -4.6676874e-01
  1.5037370e-01
  1.3498062e-01
  4.1724032e-01
  1.5515267e+00
  1.2307609e+00
  3.3660656e-01
 -1.6573104e+00
  5.1320875e-01
  1.4426931e+00
 -9.7011803e-03
  2.2451169e+00
 -2.4541130e+00
 -1.1731775e+00
  6.2867087e-01
 -7.6124407e-02
 -7.5065994e-01
  5.1143408e-01
  8.4630263e-01
  5.0464898e-01
  8.0913055e-01
 -5.1087058e-01
 -1.9227040e-01
  1.0855005e+00
  2.2226150e+00
 -6.0632288e-01
 -1.1388662e+00
  7.2033870e-01
  1.3582540e+00
 -6.6350281e-01
 -2.0155923e+00
  6.1539674e-01
  1.9414451e-02
  5.1210105e-01
 -2.7078113e-03
 -8.8025187e-04
 -2.3360407e+00
 -5.8343448e-04
 -1.8640105e-01
  1.5136221e-01
  1.4875047e+00
  5.2456822e-02
 -2.1774235e+00
 -5.6011778e-01
 -1.1781360e+00
  2.0436435e+00
 -1.0086184e+00
 -2.6206604e-01
 -1.2943442e+00
 -2.6400110e-01
 -3.6385915e-01
  7.9920930e-01
  8.3796650e-02
 -1.2271855e+00
  2.8435106e-03
  7.8562379e-02
  1.2649573e-01
 -7.9978818e-01
 -5.7516992e-01
  6.5651136e-03
 -5.7188906e-02
  9.8458755e-01
 -6.6128707e-01
  6.2592304e-01
 -1.6855119e-01
  7.7735901e-01
  1.7332217e-03
  4.7483332e-03
  1.1664523e+00
 -1.8944302e+00
  3.1754537e-03
  6.8321243e-02
 -4.5934252e-02
 -6.6270365e-04
 -2.5670815e-02
 -2.7775548e-02
  5.2788812e-01
 -5.4019606e-01
  1.9273915e-03
  1.4256539e-02
 -2.1910153e-01
 -2.6377550e-01
 -3.2766678e-04
 -2.2134103e-03
  8.0614638e-01
 -5.1663673e-01
  9.2625534e-03
 -1.1433961e-04
  9.7979152e-01
 -5.7882744e-01
  6.8045896e-03
  2.1157537e-03
 -6.0784811e-01
  8.3161569e-01
  4.2485204e-03
  2.1146513e-03
 -7.8298241e-01
 -5.8575388e-02
  2.2968410e-02
  5.0068327e-04
 -1.0455450e+00
  7.3423845e-01
  1.6647135e-01
  1.1843398e-01
 -1.2173103e+00
  1.1476588e+00
 -1.7137459e-02
  8.7667733e-02
 -8.2915351e-02
  1.5207767e-01
  4.0022752e-01
 -4.9219939e-01
  1.5119683e+00
 -2.6209877e+00
 -1.3427789e+00
 -8.6131766e-03
 -8.0197668e-01
  8.9681351e-01
 -7.4790732e-04
  4.6516296e-01
  2.2122234e-01
  3.7546927e-01
 -7.9776371e-01
 -8.4448659e-01
 -7.1546274e-01
  2.1381772e-01
  1.9674604e-01
 -1.0803746e+00
  2.9382124e+00
  7.7592492e-01
 -6.1316645e-01
  6.1460375e-03
  1.3216311e+00
  4.3063909e-01
 -1.8966008e+00
  4.2312908e-01
  1.1493304e-01
 -9.6823019e-01
 -1.9095914e-01
 -1.3186078e-01
 -5.1921052e-03
  2.6069779e-03
  5.8008698e-03
 -1.1667878e-02
 -2.9708808e-03
  1.0709359e-02
 -2.0170823e-01
  6.4237081e-02
 -1.3263742e-02
 -1.3027721e-04
  1.4819624e-03
 -5.8555746e-01
 -1.6527623e-02
  1.3297831e-02
 -2.8347349e-01
 -2.2796514e-03
  1.1747712e-02
 -4.1498379e-03
  6.9652509e-04
  1.2534443e-01
  1.5938324e-01
  4.8373982e-05
 -5.0614611e-03
 -1.0560575e+00
 -1.2343733e+00
  1.6479407e-03
 -4.0486664e-01
  6.0025674e-01
 -5.8932386e-02
 -1.2099596e-01
  1.5673615e-02
 -1.6834293e-01
 -7.5739962e-01
 -2.5420859e-03
 -2.8452463e-02
 -5.6110388e-03
  1.5155813e+00
 -9.3025577e-01
  3.2840807e-03
  6.6968501e-03
 -1.3616074e+00
  4.5454293e-03
 -2.8371260e-01
 -1.7383698e-01
  1.0864751e+00
 -8.5159129e-01
  4.4498548e-01
  2.9034233e-01
 -2.1022036e+00
 -8.1791356e-04
  4.2062057e-03
  6.2450790e-03
  2.2891448e+00
 -5.6870079e-01
  2.8964360e+00
 -4.0876636e-01
  3.2003886e-01
 -1.4402202e-01
  1.7365099e+00
  3.5482383e-01
  7.1312541e-01
 -5.6304789e-01
 -1.1673338e+00
 -3.2104364e-01
  3.6146966e-01
 -2.8465204e-02
 -1.0340462e+00
 -2.2114103e-03
  6.9606096e-01
 -7.4183089e-01
  1.0152801e+00
 -1.6852502e+00
 -7.9971860e-04
  3.3344785e-03
  8.7662833e-03
 -7.4152909e-02
  2.3015373e-04
 -9.6798651e-03
 -4.8134056e-01
 -1.2142276e+00
  1.4069508e-03
  2.3760188e-03
  2.2848174e-01
  2.7613318e-01
 -7.4964867e-04
  1.4717921e-03
  8.6799867e-02
 -2.0425747e-01
  2.0332581e-03
  2.6228973e-03
 -6.6606814e-01
  1.3242760e-01
  5.3864025e-04
  1.6802303e-03
  9.3224650e-04
 -4.3722153e-01
 -6.2343949e-03
 -5.3783515e-03
  6.4630282e-01
 -4.5952412e-01
 -4.8034967e-04
 -1.3371734e-03
  2.7171180e-01
 -5.4848415e-01
 -4.1466872e-03
  7.3266483e-04
 -6.8328828e-01
 -2.0966539e+00
  1.0193390e+00
 -9.6313047e-01
 -1.4043185e-02
 -4.4873178e-02
  3.2581449e-01
  1.0519701e-03
 -4.8299870e-01
 -2.1695535e-01
  2.5762993e-01
 -8.6168754e-01
 -2.1786492e-01
  5.1077265e-01
  7.7666885e-01
 -6.7038392e-03
 -2.5217885e-01
 -4.7065020e-02
  3.9310274e-01
 -7.1334106e-01
 -6.7080271e-01
 -2.5949770e-01
 -7.8155160e-01
 -5.1489688e-02
 -6.6780263e-01
 -1.1468660e+00
 -1.1876403e-01
 -3.2699543e-01
 -1.5640189e-01
 -2.0766704e-01
  8.0290705e-01
 -5.5841833e-01
 -5.2002992e-02
 -1.5568370e-01
  5.5503482e-01
 -1.3965249e-02
 -1.0276692e+00
  8.1512642e-01
  1.0516621e+00
  2.5425220e-01
 -7.6455344e-04
 -3.6177563e-03
  1.9500057e-03
 -4.1422280e-03
 -7.4764736e-02
  1.7548157e+00
  5.2392840e-01
  7.6171458e-02
  2.8463194e-01
 -9.5574427e-01
  7.9187262e-01
  1.3305767e-02
  1.9269594e-03
  4.0914834e-01
 -1.0110134e-03
  2.2329839e-02
  4.9399111e-01
  7.1425015e-01
  6.6151184e-01
  2.0142825e-02
  6.7380643e-01
  2.9095858e-01
  2.8989199e-01
  1.7114797e-03
 -9.1790371e-02
  9.3827313e-01
  3.7507057e-01
  5.9910186e-02
  5.6962710e-02
  9.3718189e-01
  2.7064124e-01
  3.9378828e-03
 -6.6188248e-03
 -1.1375070e-03
 -2.9622832e-02
 -4.4495830e-01
  1.5722084e-04
 -1.0000831e-02
  3.2791877e-01
 -2.5119481e-03
 -2.6035687e-04
  1.5176736e-03
 -3.1665927e-01
 -1.2793025e-01
  1.3052084e-03
 -1.5538980e-03
  1.6126460e+00
 -3.1646818e-01
  1.7159034e-03
 -1.5783882e-04
 -2.5382921e-02
  9.0684714e-03
 -3.7782715e-04
 -3.8339567e-04
  5.9477299e-01
 -8.9100266e-01
  5.1898784e-03
  1.3034015e-04
  4.4176582e-01
  1.2578275e-02
  3.9660724e-04
  1.3639267e-03
  5.4234117e-01
 -7.0727175e-01
  5.1357872e-03
  8.4054291e-02
 -2.2199537e-01
  9.7101703e-03
  6.8838266e-03
 -9.0392157e-02
 -1.1495320e+00
  1.8634109e-03
  3.5131202e-04
 -3.6594918e-01
  2.8942442e-01
 -6.9558289e-04
 -4.9683254e-02
 -2.4506064e-01
 -5.3966719e-01
  2.9583222e-03
 -3.8430266e-02
 -1.0368514e+00
  4.0054294e-01
  6.1198948e-03
  2.8650707e-01
  2.6517628e-02
  1.1397113e+00
 -2.8129215e-03
 -4.3379053e-02
  6.8138784e-01
 -1.0535916e+00
  4.2896247e-03
  7.8907451e-03
 -7.0523608e-01
  1.7337662e-01
  4.6429625e-03
  2.4998207e-02
  1.0197074e+00
  1.4503980e+00
 -1.3571701e-03
 -3.3511198e-01
 -1.8580476e+00
  1.6017185e+00
  4.0886158e-04
  2.7734071e-02
  2.7734071e-02
  2.7734071e-02
  2.7734071e-02
  2.7734071e-02
  2.7734071e-02
  2.7734071e-02
  4.5671934e-01
  4.5671934e-01
  4.5671934e-01
  4.5671934e-01
  4.5671934e-01
  4.5671934e-01
  4.5671934e-01
  3.2051027e-01
  3.2051027e-01
  3.2051027e-01
  3.2051027e-01
  3.2051027e-01
  3.2051027e-01
  3.2051027e-01
  7.1556397e-02
  7.1556397e-02
  7.1556397e-02
  7.1556397e-02
  7.1556397e-02
  7.1556397e-02
  7.1556397e-02
  3.7431113e-02
  3.7431113e-02
  3.7431113e-02
  3.7431113e-02
  3.7431113e-02
  3.7431113e-02
  3.7431113e-02
  5.2305448e-01
  5.2305448e-01
  5.2305448e-01
  5.2305448e-01
  5.2305448e-01
  5.2305448e-01
  5.2305448e-01
