nep4_zbl 2 Mg Bi 
zbl 0.75 1.5
cutoff 6 5 46 27
n_max 4 4
basis_size 10 10
l_max 4 2 0
ANN 80 0
 -2.5471029e-01
  1.6333295e+00
 -1.3192652e+00
  1.6222193e+00
 -9.0534014e-01
 -7.8186713e-02
 -1.5339266e-01
 -5.6958288e-01
  1.8688872e-01
 -3.6909166e-01
  1.0354167e-01
  5.3290772e-01
 -4.6180847e-01
 -8.6938190e-01
 -2.7601641e-01
  3.1480667e-01
 -2.7184400e-01
 -3.1025934e-01
 -1.9399747e-02
  3.5598729e-02
 -5.1778781e-01
  4.4394878e-01
 -1.4674550e-01
  4.1425240e-01
 -1.9727072e-01
  1.3589397e-01
 -2.0441504e-01
  8.1854999e-02
  7.5852938e-02
  1.0454082e-02
 -9.9812359e-02
 -1.8957038e-01
 -2.3512015e-02
 -2.6115054e-02
  2.8829020e-01
 -2.5613118e-02
 -1.3662151e-01
  4.3604526e-01
  2.0702945e-01
 -4.2051893e-02
  1.4472952e-01
  1.4098044e-01
  2.9872930e-01
 -1.1836941e-01
  9.2460088e-02
  1.7605199e-01
 -8.6219907e-02
  7.8073569e-02
 -3.9390776e-02
 -3.4783965e-01
  1.1253762e-01
 -1.6934501e-01
 -1.2300426e-02
  1.1702271e-01
 -3.5260689e-02
 -1.1472178e-01
 -2.3366590e-01
  1.4710125e-01
  4.3351173e-02
 -1.7261444e-01
 -3.0718220e-02
  1.7561518e-01
  1.2432376e-01
  2.2154907e-02
 -4.7174651e-02
 -2.3084223e-02
 -1.8474330e-01
  1.4826684e-01
  6.0301772e-03
  7.5328643e-03
 -2.5610169e-02
  2.5872380e-02
 -6.8672568e-02
 -8.2865626e-02
 -5.9837189e-02
 -8.3768569e-02
 -2.5920551e-03
  8.0625042e-02
  2.5092095e-01
  3.1447443e-03
  2.7423829e-01
 -1.6768070e-01
 -1.0714951e-01
  1.8795928e-01
 -8.6283468e-02
  1.4258121e-01
 -2.2737557e-01
 -2.1601994e+00
 -1.3167006e-02
 -4.0848766e-02
 -1.8676374e+00
 -2.3216462e-02
 -1.7817782e+00
 -1.1283060e+00
 -9.3911991e-02
  6.9417816e-01
 -3.7314719e-01
 -4.8808017e-01
  3.8513294e-01
  2.2108616e-01
  1.6428258e-01
  1.7897266e-01
  6.5217555e-01
 -4.6204457e-01
  4.2234767e-02
  3.3852154e-01
  3.0402783e-01
  8.8875582e-03
 -4.5920435e-01
  4.9357134e-01
 -3.8311899e-01
  6.7862958e-02
 -4.0656340e-01
  7.5368130e-01
 -6.6526584e-02
 -3.8658094e-01
  1.3488370e-01
  7.2932172e-01
 -1.6533810e-01
  3.1924495e-01
 -8.3820917e-02
  8.3992577e-01
 -1.0074470e+00
 -1.2668486e+00
  5.3719693e-01
 -1.6508685e-01
  2.6139051e-02
  3.1833801e-01
 -2.5305960e-01
 -7.5930059e-02
 -1.8085895e-02
 -5.8698270e-02
  4.2427748e-01
 -5.0464239e-02
  1.7114483e-01
 -2.4737608e-02
 -5.4614987e-02
 -2.6789874e-01
 -1.4519347e-01
 -6.1239060e-03
  2.3476981e-01
 -1.9605251e-01
  3.6782693e-02
 -2.6771486e-01
 -1.9918248e-02
  2.4694355e-01
  2.3878777e-02
  1.3251807e-01
 -1.0838252e-01
 -8.5316174e-02
 -1.1972468e-01
 -1.0147208e+00
  1.5614980e-01
 -7.3781550e-02
  1.4206283e-01
 -5.0733905e-02
  3.2194054e-01
 -2.2971275e-01
 -5.5863801e-03
  4.4325709e-02
 -6.3247316e-02
 -6.9977674e-03
 -3.5861153e-02
  8.8027501e-03
  7.1620263e-02
 -1.1656896e-01
  1.5338175e-03
 -4.7959077e-01
  4.1229606e-02
 -3.0153167e-01
  2.0620780e-01
  1.7950755e-01
 -1.0070984e-01
  3.7722025e-02
 -7.8348108e-02
 -1.6741103e+00
 -5.2897157e-03
  1.1816039e-02
  2.7076831e-01
 -1.1395770e-01
 -1.3905287e-01
 -2.0180516e+00
  4.6925682e-01
 -2.2777734e+00
 -6.9405150e-01
  1.2169425e-01
  1.6199881e-01
  1.4021009e+00
  4.5786362e-02
 -2.8257298e-01
  4.4809917e-01
  3.8217583e-01
 -2.8051246e-02
  2.3269120e-01
 -5.2822862e-02
  8.8861465e-02
  1.4278276e-02
 -1.9462886e-01
 -1.8177371e-01
  1.0208436e-01
 -2.5862569e-01
  2.1186056e+00
  1.5665653e-01
 -7.2958335e-02
 -3.3844449e-03
 -1.3898286e-01
  6.9160692e-02
 -2.3094608e-01
  1.3379698e-01
 -1.6193631e-01
 -2.6990002e-01
  1.1135172e-01
 -1.2241948e+00
 -4.9012807e-01
 -2.8486028e-01
  2.4300611e-01
 -5.2048024e-02
  1.1116098e+00
  2.3676655e-01
  4.9343559e-01
  1.0893476e-01
 -5.9269214e-01
 -9.3889832e-02
 -1.1722088e-01
  1.4215696e-01
  1.7378964e-01
  1.1619596e-02
  3.6394498e-01
  5.3649116e-01
  5.7382023e-01
  9.9020571e-02
  3.0452535e-01
  1.8568364e-01
  3.3841944e-01
  2.2007442e-01
 -1.7347034e-03
 -1.4477365e-02
  1.9945194e-01
  3.7546385e-02
  1.4591493e-01
  1.5110189e-01
  2.9318270e-01
  3.9081886e-01
 -5.4589266e-01
 -9.8734060e-03
 -4.9073901e-02
 -1.0344110e-01
 -2.8626221e-01
 -2.5901788e-01
  6.3473880e-02
  3.0233378e-02
 -3.2582304e-01
 -2.4149825e-01
 -2.7857113e-01
  1.6226649e-01
  1.4127336e-01
  1.4040586e-01
 -8.2334362e-02
  2.1652743e-01
  3.0181250e-01
  9.5188275e-02
 -4.5495715e-02
 -2.7522773e-01
 -5.6177374e-02
  3.8930243e-01
 -1.8972581e-02
 -6.7565843e-02
  1.0971910e-01
  5.1269840e-02
  1.5776545e-01
 -5.5962361e-02
  6.5087062e-01
  1.9096054e+00
 -3.1479201e-01
  5.4489881e-01
 -1.0112330e-01
  3.2882761e-02
 -2.0200306e-01
  3.4675419e-02
  8.6889967e-02
 -1.1954062e-01
  4.1067261e-02
  2.0232382e-01
  4.8174523e-02
  5.2038439e-02
  2.8524571e-03
  2.7544174e-01
 -8.7325722e-02
  2.8971228e-01
  1.8140629e-01
  2.6119141e-02
 -6.7997485e-02
 -2.2489449e-01
  1.6340385e-01
 -4.6002530e-02
  2.9283684e-01
 -1.7652661e-01
  3.3725280e-01
  5.6351166e-02
  5.0100520e-02
  1.7614885e-01
 -1.3739471e-01
 -7.1857683e-02
  1.4823538e-01
  2.0706689e+00
  4.4104952e-02
 -6.4073212e-02
  4.7647345e-01
  1.2311896e-01
  2.6240638e-02
  1.0739787e+00
  4.1051798e-02
 -1.5098318e-01
 -7.4820057e-02
  4.0948119e-02
  1.1589654e-01
 -7.7018514e-02
 -5.9003323e-02
 -1.0909277e-01
  4.9972355e-02
 -2.3888278e-01
  1.2312223e-02
 -2.8088585e-01
  1.0105992e-01
  7.8296117e-02
 -1.3527284e-02
  4.3305016e-01
 -4.4350222e-02
  2.1382394e-01
  7.2910741e-02
  2.7280924e-01
 -6.5213406e-01
 -3.2796580e-01
  8.3140001e-02
  3.2539487e-01
 -2.1713904e-01
  3.9734699e-02
 -1.0102966e-01
  4.7485627e-02
 -1.4332753e-01
 -2.2158246e-01
 -1.6707177e-01
  3.2837722e-02
  3.9611638e-01
  6.3653970e-03
  2.2138570e-01
  1.7647903e-01
  4.2215731e-02
  1.2847621e-02
  1.5010783e-02
  1.0344217e-01
  3.4420341e-02
  5.0676946e-02
  2.8346288e-01
 -6.5999575e-02
  1.2595391e-01
 -8.2013190e-02
  1.5054770e-01
  2.3185018e-02
  3.6956962e-02
 -2.4812899e-03
 -7.0858829e-02
  5.4533500e-02
 -8.5835642e-01
  1.0345355e+00
  8.8103868e-02
  1.6022192e-01
 -9.0121523e-02
  2.2161020e-01
 -1.7177869e-01
  1.0668568e-01
  8.5323744e-02
  2.1740977e-02
  7.3471516e-02
  1.2824726e-01
 -2.1983230e-02
 -2.3932879e-01
  1.7930080e-01
  2.6528018e-02
 -1.3627641e-01
  8.5475460e-02
 -2.2297136e-01
 -1.1576721e-01
  6.0098851e-01
  1.2177111e-02
 -2.8856136e-03
 -1.1162324e-01
 -1.1493510e-01
 -1.4520158e-01
  7.2573766e-02
  1.0758447e-01
  2.9614705e-01
  5.4671955e-01
  5.3721154e-01
  1.8855605e-01
 -1.2212609e-01
 -1.4844701e-01
  5.9241068e-02
  1.5443382e-01
 -1.4966686e-01
  2.2634452e-02
  1.1693908e-01
 -7.0748650e-02
 -2.5077352e-01
 -1.3462567e-01
  5.8071289e-02
 -3.4209285e-03
  3.0881494e-01
 -9.1571085e-02
  4.0136546e-02
 -1.6335939e-01
 -2.7376350e-02
  2.5197110e-01
 -1.4705324e-01
  2.3084986e-01
  1.4240205e+00
  6.5192275e-02
 -1.1685095e-02
  7.5249404e-02
  7.3280267e-02
 -4.3356416e-01
 -1.4081043e+00
  3.6779442e-01
  8.1440234e-01
 -5.2948928e-01
 -1.8709265e-01
 -4.7596669e-01
 -3.1295794e-01
 -1.0241065e+00
 -8.2279187e-01
  8.2404077e-02
 -1.9708179e+00
  1.0466564e+00
 -3.2045681e-02
 -2.2896312e-01
 -1.4112905e-01
 -5.4943085e-01
  8.4151745e-02
  1.3305314e-01
 -6.3937104e-01
  1.4311413e-01
  1.1578885e-01
  2.9773334e-01
  1.5278867e-01
 -4.0400404e-02
  2.0793622e-02
  2.3852338e-01
  1.4187607e-01
  1.8465453e-01
 -1.6974267e-01
  2.0385098e+00
 -3.3229056e-01
  1.9365472e-01
 -4.2583069e-01
 -3.5602775e-01
  1.8510298e-01
 -1.8857393e-01
 -7.6876663e-02
 -3.3034742e-02
  2.6944377e-02
  4.7522414e-02
  7.7713162e-02
  2.5163138e-01
 -1.0005865e-01
 -8.8216566e-02
  4.8315231e-02
 -1.3343227e-02
 -2.8803006e-01
  2.6558244e-01
 -7.4743204e-02
 -1.0953555e-02
  1.3490124e-01
  8.3227381e-02
  3.5731259e-01
  1.7227226e-01
  8.2724914e-03
  7.1631774e-02
 -1.5165285e-02
  2.2222422e-01
  2.5984466e-02
 -3.8265713e-02
 -3.7444961e-01
 -9.6255906e-02
 -1.2818874e-01
 -2.8253499e-02
 -1.4176868e-01
 -7.5670652e-02
  9.9919021e-02
  1.1661749e-01
  2.1059264e-01
 -3.0875149e-01
 -1.4519272e-02
  1.0810273e-02
  4.3727886e-03
  1.0473429e-01
  1.1444153e-01
 -4.8649196e-02
  2.3608647e-01
  5.5304680e-02
  1.2745453e-01
  2.2916713e-01
  1.3221817e-01
 -3.0058330e-02
 -5.0393697e-02
 -2.7208328e-02
 -9.1310866e-02
  1.3112269e-01
  1.1529339e-02
  6.2985972e-02
  8.4934533e-03
  9.6530050e-02
 -1.8229212e-01
 -3.2343857e-02
 -1.1410839e-01
 -7.1092956e-03
  9.5848612e-02
 -1.3047162e-01
 -6.4640060e-02
 -1.8104532e-01
  9.8408945e-02
 -1.1183251e-02
  1.8735761e-02
  8.5038334e-02
  5.3309444e-02
  5.2404884e-02
  2.7827406e-01
 -6.0032677e-02
  5.2715357e-02
 -1.3809733e-01
  5.4488566e-02
  1.7171213e-01
  2.8251880e-01
 -4.2941861e-02
  2.6751917e-03
 -5.5891450e-02
  1.5041305e-02
 -7.9393730e-02
  2.3355071e-01
  8.2452461e-02
 -1.3659315e-01
  5.2433378e-01
  6.4592957e-01
 -1.4300981e-01
 -6.5871501e-01
 -4.9821159e-01
 -1.4262787e-01
  2.1587829e-01
 -3.8167130e-02
 -1.4331037e-01
 -2.0648050e-01
  1.4934617e-01
  1.0400872e-01
 -1.5772986e-01
  4.0801421e-01
  2.4042271e-02
 -1.3263462e-01
 -8.8827685e-03
 -3.7420655e-03
 -2.6056188e-01
 -1.1098123e-01
  2.3908855e-01
  2.7682948e-01
 -2.6072606e-01
 -8.2381800e-02
 -4.6345603e-02
  9.4033688e-02
 -4.0949926e-01
 -3.7571430e-01
 -3.6896950e-01
 -3.0178202e-02
  2.9497835e-01
  1.4317727e-01
  8.5648961e-02
  1.6239389e+00
 -4.1164956e-03
  3.5171133e-01
 -2.3890448e-01
  1.5068713e-01
  1.3800496e-01
 -9.6165872e-01
  8.8896863e-02
  2.2303296e-02
  1.3048530e-01
 -1.0750525e-01
  1.7632464e-01
  2.1102671e-01
 -7.5544000e-02
 -1.0344922e-02
  8.3752029e-02
 -1.3029962e-02
  7.3575854e-02
 -2.2974603e-01
  1.6318771e-01
  1.0604913e-01
 -1.6472840e-01
  1.7780739e-01
 -6.4434372e-02
 -3.2156149e-01
 -1.4139736e-01
 -1.5610845e-01
  1.5838176e-01
  2.7422389e-01
 -2.6738486e-01
 -7.9471856e-01
  1.6208187e-01
 -1.9124998e-01
 -8.2281299e-02
  1.9507069e-02
  3.1480383e-02
  6.6568255e-02
 -1.2091435e-01
 -1.8300489e-01
 -3.6855364e-01
 -1.1103041e-01
  1.8829389e-01
 -1.5936528e-01
  1.8769656e-01
 -5.8605902e-02
 -1.8270910e-02
  1.7225917e-01
 -5.2827410e-02
 -7.0083342e-02
 -1.6686499e-02
  4.8771128e-01
  1.9727929e-02
  1.9186441e-03
  7.1748234e-02
 -4.8932418e-02
  7.8559861e-02
  1.0498214e-01
 -1.1507303e+00
  2.5745058e-01
  6.1018878e-01
 -2.0320849e+00
 -1.7717494e+00
 -1.9637354e-01
 -4.1426989e-01
 -4.4782326e-01
 -9.8736122e-02
 -2.9426115e-03
 -2.0501643e-02
  1.4912136e-01
 -4.0875111e-02
 -1.1755645e-01
  1.5604118e-01
  2.4729832e-01
 -8.6074494e-02
 -1.2454554e-01
 -6.9615096e-02
  4.4283818e-02
 -3.8316700e-01
  6.8775229e-02
 -2.1169733e-01
 -2.8278005e-01
 -1.0200741e-02
 -5.1969524e-02
  5.8644819e-03
  2.1999905e-01
  9.4940796e-02
  1.4354409e-01
 -1.5973301e-01
  7.9188186e-01
  5.4200995e-01
 -4.7854033e-01
 -1.1563596e+00
  4.8898902e-02
 -1.0108167e+00
 -6.1495769e-01
  8.0186105e-01
 -6.8581060e-02
 -1.1688431e-01
  2.6742128e-01
 -3.5572308e-01
  4.5382302e-02
  4.9962515e-01
  3.7497063e-03
 -1.5416747e-01
  3.9623201e-01
  3.1550735e-01
  7.9005730e-01
 -2.4587858e-01
 -4.3445525e-01
  2.7283493e-01
  4.0260032e-01
  7.5919896e-02
  7.1935348e-02
  2.6152986e-01
 -3.5825434e-01
 -1.5859544e-01
  7.8382008e-02
 -6.4869002e-02
 -9.0287529e-02
 -2.1257818e-01
 -7.2634034e-02
 -2.2713488e-01
 -2.0806182e-02
 -1.7991073e-01
 -4.1355038e-01
  3.8077310e-02
  1.9933385e-01
  5.2105349e-02
  2.7387306e-02
 -1.7032348e-01
 -4.9265556e-02
  5.4112182e-04
  1.3534093e-02
 -7.4821129e-02
 -3.9689355e-02
 -3.1511880e-02
  4.5795184e-02
  5.8331821e-02
 -1.6797167e-01
  8.4969431e-02
 -1.1369125e-01
  1.7275010e-01
 -3.4182560e-01
  2.1820113e-01
 -2.6410764e-01
 -2.1694718e-01
 -1.2857543e-01
 -2.8725132e-01
 -7.5911981e-01
 -3.5126135e-02
  3.9047375e-01
 -2.0735204e+00
 -2.3275889e-01
  1.7706026e-01
  5.5470977e-02
 -2.0976885e-01
 -6.6321093e-01
 -6.4559206e-02
 -4.5971572e-01
  2.3641689e-01
 -6.0627300e-01
  1.9466719e-02
  2.8758591e-02
  3.1346303e-01
  3.4862921e-01
  5.5228847e-01
  1.1972271e+00
  6.2251890e-01
 -1.2084763e-01
  2.5236350e-01
 -3.4090856e-01
 -3.1763606e-02
  6.0336567e-02
  1.3265356e-01
  3.5036281e-01
  2.3958564e-01
 -1.4091156e-01
 -5.9658259e-02
  2.5476852e-01
  1.9527623e-01
 -1.0706884e-01
 -3.5431570e-01
  5.5358827e-02
  4.7689736e-02
 -1.8366285e-01
 -7.9665118e-01
  7.1820068e-01
 -8.7226227e-02
  4.5213777e-01
  1.5377706e-01
  4.1121146e-01
  1.9899411e-01
  4.0639898e-01
  4.8895150e-02
 -2.2983462e-01
 -1.4563671e-01
  3.6750668e-01
 -9.9757269e-02
  5.1880144e-02
 -1.9779371e-01
  7.8778768e-01
  2.6314394e+00
  1.5298575e-01
  1.6187390e-03
 -2.9035956e-01
  1.2142748e-01
  1.2348200e-01
 -1.5352181e-01
  1.3021529e-01
 -1.7134087e-03
 -2.3129922e-01
  9.2667985e-01
  2.0635863e-01
  1.4960477e-01
 -5.1028347e-01
  1.2734450e-01
  1.2942000e-01
  9.8581932e-02
 -1.9315933e-01
 -1.1239185e-01
 -2.7345574e-01
  5.4557279e-02
  3.1935357e-02
 -6.5846153e-02
 -8.9505665e-02
  1.5856515e-01
 -5.7021715e-02
 -7.3529534e-02
 -3.5157990e-01
 -2.2323309e-02
 -1.7204669e-01
  9.1968309e-03
  7.6945741e-03
 -9.8887789e-01
 -1.0449760e-01
  1.1317432e-01
 -2.8278654e-02
  1.3715366e+00
 -1.1422636e-01
 -6.7445017e-02
 -1.4501460e-01
 -5.5157840e-02
 -6.5811269e-02
  8.1931151e-02
  5.2985329e-02
  1.0199343e+00
  1.1730545e-02
 -2.3089590e-02
  6.5733992e-02
  1.2529843e-01
 -6.0413789e-02
 -2.2473711e-01
 -8.8469364e-02
 -1.8583171e-01
 -2.1618852e-01
 -6.9638185e-02
  1.5764041e-01
 -6.4046867e-02
 -1.6082317e-01
 -1.6958879e-02
  1.4707372e-01
 -4.1001823e-02
  1.9976161e-01
 -1.4388372e-01
 -2.2460771e-01
 -1.3791044e-01
 -2.9027614e-01
  2.2043164e-01
  7.7968664e-02
 -1.8996061e-01
  2.9996476e-01
 -1.4006339e-01
 -6.0233891e-02
  8.1414931e-02
 -1.1501063e-01
  2.9930341e-01
 -1.3044970e-01
 -1.3552493e-01
  1.1605169e-02
  3.3138016e-01
 -7.3067859e-02
  8.8703752e-02
  1.4062694e-01
 -3.9548557e-02
  7.0526607e-02
 -1.8790941e-01
  1.7883492e-01
 -3.8767036e-02
  9.5715888e-02
  6.0643304e-02
 -1.1499921e-01
 -1.4520638e-02
 -6.6962078e-02
 -1.2685980e-01
  5.7672665e-02
  4.9506295e-02
 -9.4818115e-02
  2.3670100e-04
  1.0383954e-01
  7.6682597e-02
  1.0039324e-01
  8.7333024e-02
 -1.6249995e-01
  1.9061659e-01
 -2.3820494e-01
 -1.0746358e-01
  1.3150227e-01
 -3.8685910e-02
  2.0550679e-01
 -6.2311083e-02
 -8.9307934e-02
 -7.2766602e-02
  1.0046951e-01
  7.8290917e-02
  4.4086207e-02
 -3.4619120e-03
 -1.8559924e-01
  5.9301581e-02
 -8.7958008e-02
  8.6560853e-02
 -7.3946752e-02
 -7.6760352e-02
 -1.3265765e-01
 -4.4354519e-01
 -9.9086888e-02
  1.2315764e-01
 -1.3632609e-01
  2.2605778e-01
  2.0145580e-01
  3.9289367e-01
  4.9372151e-01
  1.1956764e+00
 -1.3002169e-01
  9.3361869e-02
 -1.5400097e-02
  5.3936679e-02
  1.7539692e-01
  3.5730798e-02
 -5.0295860e-02
  3.1646597e-01
 -1.5981293e-01
 -2.0912294e-01
 -1.2436298e-01
  1.4936145e-01
  3.3961749e-01
 -3.4827661e-02
 -3.1122526e-02
  1.5562302e-01
  3.6134997e-01
 -3.3951589e-01
  1.5096064e-01
 -1.5259591e-02
  1.6896230e-01
 -2.1476377e-02
  1.5819152e-01
 -6.2950969e-02
 -9.5142335e-02
  3.9605144e-01
 -1.0076833e+00
  9.8008758e-01
 -1.8828607e+00
  1.2942586e+00
  3.6858922e-01
 -6.7876619e-01
  3.8334826e-01
 -2.0795816e-01
 -6.1212891e-01
 -3.7502164e-01
  5.2644227e-02
 -1.2299629e+00
  4.2752337e-01
 -1.8245283e-01
 -1.5883724e-01
  4.4213131e-01
 -9.0132636e-01
 -3.5556856e-01
  3.9051631e-01
  1.3987398e-01
 -1.2376030e-01
 -4.2943743e-01
 -1.1298457e+00
 -5.6873959e-01
  3.9217710e-01
 -1.3606948e-01
  5.0953910e-02
 -4.7705075e-01
 -3.4937736e-01
  8.7235659e-02
  4.1593316e-01
 -3.6173782e-01
 -1.6966526e-01
  1.0204618e+00
 -6.0865995e-02
 -3.5141539e-02
 -1.5508111e-01
  2.7196342e-01
 -8.3285660e-02
 -2.0641598e-01
 -6.3277572e-02
 -7.6623455e-02
 -7.4522965e-02
  2.6041350e-01
  9.2123576e-02
 -8.7126568e-02
 -3.1749923e-02
  1.9602588e-01
  3.6031064e-03
 -1.7253254e-01
 -1.3817292e-01
  5.1377084e-02
  2.8390845e-02
  5.0217800e-02
 -5.5050585e-02
  4.5917120e-02
  4.1844380e-01
 -1.1821125e-01
  2.1832629e-01
  2.4687788e-01
  6.7769712e-01
  2.5691649e-01
  1.1167606e+00
 -1.3368819e+00
  2.3653400e-01
  3.1255350e-02
  3.4987095e-01
  1.4053555e-01
 -1.2414307e-01
  4.1214563e-02
  2.4543910e-01
  1.3579026e-01
  1.5276755e-01
  2.3503557e-01
  3.3190101e-02
  1.7187458e-01
 -7.9838008e-02
 -1.1850841e-01
  1.3259085e-01
 -2.1249819e-01
 -8.4907912e-02
  3.5793506e-02
  1.1884683e-01
 -7.0016176e-02
 -3.7464730e-02
  1.5715511e-01
  3.9177123e-01
  1.0045704e-01
 -1.0402407e-01
 -1.3141499e+00
  2.3920062e+00
 -6.0382879e-01
 -2.7369139e+00
 -1.3208054e+00
 -3.4257048e-01
  9.4515480e-02
  3.3184344e-01
 -4.1038644e-01
 -3.2361973e-02
 -2.7637491e-03
  1.0819129e-01
  1.4048398e-01
 -3.7219378e-01
 -1.9304641e-01
  4.1574869e-02
  2.1258247e-01
 -4.9234804e-02
 -4.2149660e-01
 -1.6927767e+00
 -5.7507411e-02
  4.6446700e-02
  1.3035145e-01
 -2.7406555e-02
 -1.1109890e-01
 -1.3175973e-01
 -5.2618526e-02
  1.5605246e-01
 -1.6514868e-01
 -5.4343354e-02
  5.8132541e-01
  1.5203568e-01
 -8.0599594e-01
  6.7966205e-01
  8.1860608e-01
 -7.8035183e-02
  7.9584873e-01
 -7.1007341e-01
  1.5454292e-01
  2.3396491e-01
 -3.4963673e-01
 -2.0108977e-01
  2.7224138e-01
 -3.0806508e-02
 -1.7432502e-01
 -2.6147491e-01
  1.8352628e-01
 -1.1598067e-01
 -2.4839091e-01
  4.1179499e-01
  8.3047919e-02
  5.4069287e-01
  3.4484947e-01
 -1.4239153e-01
 -1.6502364e-01
  1.8014713e-01
  1.7017302e-01
  4.0861502e-02
 -1.6275632e-01
  1.8103738e-01
  4.5476839e-01
  4.3378556e-01
 -2.5960499e-01
  1.0679575e-01
  1.5534299e-02
 -4.5053195e-02
  6.7478074e-03
  5.0005537e-01
 -1.2743959e-01
  1.0543200e-01
  1.9759437e-01
  2.3007512e-01
 -2.3535264e-01
 -2.6439928e-02
 -1.9426136e-01
 -2.2813727e-01
  3.2555547e-02
 -5.1185127e-02
 -5.0127447e-02
 -3.8455576e-01
  1.0413160e-01
 -9.5902465e-02
  3.3929944e-01
  2.5426993e-01
 -2.0621221e-01
  8.8467814e-02
  4.4686407e-02
 -2.0143844e-01
  1.0716227e-01
 -7.7785164e-02
  4.2617238e-01
 -7.4772376e-01
  4.2231944e-03
  5.9308350e-01
  3.0701991e-02
  2.8549092e-02
 -2.4990924e-01
 -2.3289336e-01
 -6.8637773e-02
  1.2956133e-01
  4.6446752e-02
 -2.4281102e-01
 -1.0903035e-01
  1.2614100e-01
  1.4328842e-02
  4.7883507e-02
  2.1388555e-01
 -1.7818056e-01
 -2.2412388e-02
  1.2016589e-01
  1.3540184e-01
  6.2326513e-02
 -2.8589424e-01
  3.7021565e-01
  1.9632193e-01
  5.7778958e-02
  4.7342908e-02
 -8.0431178e-02
 -2.3979729e-01
 -3.9344303e-02
  1.0214651e-01
  9.9287176e-01
  1.6856122e+00
  1.2533507e+00
 -2.2729492e-01
 -3.8941592e-01
 -1.4923321e-01
 -2.4502699e-01
 -3.7170428e-01
 -7.5156659e-02
 -2.0433508e-01
  8.5753635e-02
 -1.7279972e-01
  2.7558112e-01
  1.7604624e-01
 -1.6459885e-01
 -1.6096896e-02
  2.7500436e-01
  3.8066682e-01
  1.9376616e-01
  8.4269211e-02
 -2.2189234e-01
  1.6392189e-01
  1.5317800e-02
 -1.1505954e-01
  1.2642327e-01
  1.2784013e-01
 -3.2027480e-01
  7.2555289e-02
 -1.5783175e+00
 -5.3412609e-02
 -8.2752131e-02
  1.1506050e-01
 -1.6044928e-01
  7.9757050e-02
 -7.9134241e-02
  9.9875666e-02
 -1.8640611e-02
  2.6423866e-01
  4.0258151e-02
  9.0896326e-01
  1.0769028e-01
  7.3845856e-02
  5.2010752e-03
 -2.3532881e-01
  2.7806722e-02
 -2.1960804e-01
  2.7638031e-02
 -2.2897711e-01
 -1.8872724e-01
 -9.1594253e-03
  1.9478844e-02
 -1.0576920e-01
  1.7611115e-01
 -7.0154153e-02
 -6.0865410e-02
 -2.6655048e-02
  7.5937897e-02
 -4.9063455e-02
  2.8418699e-01
 -2.0623058e-01
 -2.6648343e-01
  4.0083500e-03
 -1.5048629e-01
 -1.3713908e-01
  2.7918436e-03
 -1.6481696e-01
  2.3205608e-01
 -1.3814965e-01
 -1.2799431e-01
  7.7455647e-02
 -1.1313666e-02
 -1.3684139e-01
  6.7911617e-02
  1.9566365e-02
 -1.4323607e-02
 -3.4539744e-03
  2.3913346e-01
 -1.1328412e-01
 -1.2238666e-01
  7.7600144e-02
  1.6934986e-01
  8.9106664e-02
  4.6625059e-02
  1.5252776e-01
 -1.2160243e+00
 -8.6682037e-02
 -1.3103911e-01
 -3.5137227e+00
 -4.3581311e-02
 -5.1040542e-01
  1.0589281e+00
  1.0267723e+00
  6.3004279e-01
 -1.2876638e+00
  2.7100298e-01
  1.2259381e-01
 -5.2281094e-01
  3.8826290e-01
 -7.5199641e-02
 -1.7999072e-01
 -3.0733618e-01
  1.0813349e+00
  3.3392042e-02
 -2.8566793e-02
 -1.3899618e-01
 -1.3557564e-02
 -4.5302641e-01
 -3.4486103e-01
  2.1167630e-02
  4.9094632e-01
  6.2988281e-01
 -1.2964527e-01
 -2.0645559e-01
  1.2391102e-01
  2.6116347e-01
  9.8080158e-02
  3.4635156e-01
  1.9214238e-01
 -1.4687258e-02
  3.4360338e-02
  1.9567379e+00
  4.2322868e-01
  4.6370128e-01
  3.8657656e-01
 -2.0063370e-01
 -1.3255019e-01
  8.3165342e-01
  1.5705256e-01
 -5.0547197e-02
  1.0580724e-01
  2.1900262e-01
 -1.0437913e-02
  5.9314375e-03
  2.1986461e-01
  1.8412607e-02
 -2.3101646e-01
 -1.6342232e-01
 -1.6733404e-01
 -8.0728516e-02
 -3.2884154e-02
  7.8585401e-02
 -7.1361221e-02
  1.3946091e-01
  2.0551240e-01
  4.3225536e-01
  1.7554705e-01
  2.0165627e-03
 -1.8124917e-01
  2.4695863e-01
 -6.6388577e-01
 -1.1012054e-01
 -6.5719426e-01
 -7.7842015e-01
  3.7235591e-01
  1.2565933e-01
 -3.6179027e-01
 -3.5038650e-01
  1.1844733e-01
 -8.0375925e-02
  1.4436357e-01
  1.3369008e-02
 -9.3954243e-02
 -2.6872805e-01
  9.9839047e-02
 -5.3272735e-02
 -8.9044653e-02
  1.1565929e-01
  1.8985201e-01
 -1.7485212e-01
  1.5566613e-01
  2.4613453e-01
  2.3765227e-01
 -7.7049398e-01
 -1.2834704e-02
  1.4791223e-02
 -9.6446358e-02
 -1.7451045e-01
  7.9246454e-02
 -8.9074887e-02
  5.7367194e-02
 -1.3452199e-01
  4.6362568e-02
 -1.0828772e-01
  3.1990144e-02
  1.6360813e-01
  2.5211065e+00
 -1.5569633e-01
 -1.8074371e-01
 -1.9280945e-03
 -2.0773691e-01
  1.4783201e-01
 -2.4097189e-01
 -4.7386026e-01
 -4.9989756e-02
  1.1428016e-01
  6.0207061e-02
  2.2422092e-01
  1.8372336e-01
 -1.3100058e-01
  9.5290512e-02
 -1.1633496e-01
 -2.2802679e-02
  1.0697684e-02
 -2.3624055e-02
  1.0979390e-01
 -9.2805818e-02
 -2.5639883e-01
 -1.9344105e-01
 -9.4591662e-02
  1.0878909e-01
  6.3654490e-02
 -3.6757786e-02
  1.7186973e-02
 -1.9078639e-01
  1.0612947e-02
 -1.1912607e-01
 -1.1732502e-01
  5.7798602e-02
 -2.6557142e-01
 -1.1151996e-01
 -8.6064644e-02
  3.1967056e-01
 -1.2510511e-01
  9.0043150e-02
 -1.2809767e-01
 -2.4003823e-01
 -1.7495994e-01
  2.6209292e-01
  3.9490063e-02
  6.4058885e-02
 -1.1422922e-01
  1.7173896e-02
 -1.5483835e-01
  1.1153740e-01
  2.4691142e-02
  2.7147001e-02
  7.1427502e-02
 -6.4822279e-02
  2.9262707e-01
 -4.4306487e-01
  2.3828200e-01
  1.8051954e-01
  1.5207538e-01
 -1.8046758e-01
 -1.3883416e-01
  3.8364139e-01
 -3.2332373e-01
 -1.6434121e-01
 -1.9275554e-01
 -1.7293975e-02
 -2.4987383e-02
 -1.8744095e-01
 -2.8280644e-02
 -1.3074689e-01
  1.1726680e-01
  6.0558196e-02
 -2.0573139e+00
  3.4193597e-03
  2.0320843e-01
 -1.5440808e-01
  1.1165587e-01
 -4.9584779e-01
  1.1629534e-01
  1.7161138e-01
 -5.9839822e-02
  1.2939388e-01
  1.3218985e-01
 -7.4583024e-02
  7.7571653e-02
  2.3342815e-01
  2.1179241e-01
 -3.8511714e-01
  1.0786880e+00
 -4.5181119e-01
 -4.2722244e-02
  1.3439007e-01
 -4.6130531e-02
  3.9365038e-01
  2.1661712e-02
 -8.7793596e-02
 -2.4479225e-03
 -1.3491833e-01
 -1.1819860e-01
 -5.9455421e-02
  2.6180151e-01
  2.7481306e-01
  4.7718000e-02
  4.6112621e-01
  1.6000257e-01
  4.3184882e-01
  1.5420775e-01
 -2.0542674e-01
  1.4108180e-01
 -5.7580985e-02
  3.8900562e-02
  1.2548231e-01
 -2.9259073e-03
  3.6008716e-01
 -7.8468382e-02
 -1.3598508e-01
  2.8392890e-01
 -1.4465328e-01
 -8.4350996e-02
 -1.2127410e-01
 -6.9990553e-02
 -1.0397232e-01
 -8.7256944e-01
  4.5959182e-02
 -1.6168703e-01
  1.6979422e-01
  3.1538451e-01
 -1.5040395e-01
  2.1195272e-01
 -1.8387595e-02
 -2.9616347e-02
 -1.5805760e-01
  1.4020558e-01
 -1.6015306e-01
  3.8018931e-02
 -9.2592388e-02
  1.1130793e-01
 -1.0175562e-01
  2.8765360e-02
 -1.6585599e-03
 -1.6223302e-02
  9.6413307e-02
 -2.1718617e-01
  1.1954260e-03
 -2.9738531e-02
  1.9919078e-03
 -5.4735059e-01
 -2.0746108e-02
  9.1665447e-02
 -9.6314792e-03
  1.1720913e-01
  1.1273005e-01
  4.0316054e-01
 -6.5748230e-02
  5.5793047e-02
  6.0878720e-02
 -1.0235580e-01
 -1.0525517e-01
  2.4312536e-01
  2.9684070e-01
 -2.4951143e-02
 -3.9162713e-01
 -2.2729542e-02
 -7.7773899e-02
  7.1912177e-02
  7.2926484e-02
  2.6077524e-01
  4.4080351e-02
 -1.1536945e-01
  1.5858696e-01
 -8.3838098e-02
  7.7121630e-03
 -5.0071750e-02
  1.8017513e-01
  1.0308758e-01
 -5.8808410e-01
  2.5277770e-01
 -3.9096330e-03
 -3.3331135e-01
  1.5145947e-01
 -1.4291501e-01
  2.8788066e-02
 -4.5796809e-01
  1.7835282e-01
  1.1385057e-02
  2.3114340e-01
  1.8577653e-01
  1.3602598e-03
 -7.8313105e-02
 -2.4971777e-01
  6.9261089e-02
 -1.4616924e-02
 -7.1490757e-02
  1.2623668e-01
  9.5180765e-02
 -2.3848119e-01
  9.3175150e-02
 -6.8124515e-01
  1.0370832e-01
 -2.4301252e-01
  1.0688638e-01
 -1.6312405e-01
  1.2759875e-01
  3.4282100e-01
 -1.9520731e-01
  8.3155304e-01
  3.2613087e-01
  5.4110789e-01
 -1.7378116e+00
  4.0122938e-01
  9.7074121e-02
  2.7168781e-01
  2.6166621e-01
  1.0918383e-01
  2.0624222e-01
 -2.8088939e-01
 -8.3918810e-02
  2.8280786e-01
  4.2988813e-01
  1.9536042e-01
 -1.5524809e+00
  5.8566913e-02
  6.2501021e-02
  7.4519254e-02
  2.7742982e-01
  2.9319727e-01
  5.3134877e-02
 -1.4685996e-01
  1.7491655e-01
  5.4129139e-02
  1.3636404e-01
  2.9940054e-01
 -5.9169066e-01
 -7.5823832e-01
  1.2043545e-01
 -9.3358137e-02
  1.4515938e+00
  6.9146717e-01
  1.1160173e+00
  9.5831501e-01
  2.2770879e-01
 -3.6883604e-02
 -4.4334926e-02
 -8.3035424e-02
  3.5211772e-02
 -9.0755753e-02
 -1.2142812e-01
  8.0256402e-02
 -5.8995053e-02
 -1.8706375e-01
 -9.0326346e-02
  1.0347568e-01
 -4.8954684e-02
 -9.3799479e-02
  8.0284491e-02
 -9.9979416e-02
 -1.5226579e-01
 -6.0890030e-02
 -1.1760996e-01
 -3.2680595e-01
 -8.0281012e-02
 -3.1428251e-02
  1.4657068e-01
 -9.0622030e-02
  9.9765658e-02
 -8.3495343e-01
  1.1756909e-01
  1.4010692e-01
 -9.2302389e-02
 -8.4478438e-01
  1.8744472e-01
 -5.2881503e-01
 -7.8928955e-02
 -3.3881566e-01
 -8.3475500e-02
  3.1334430e-02
  1.8341078e-01
 -2.4742112e-01
 -2.4799120e-01
 -5.4833680e-01
 -7.0421673e-02
 -4.3025085e-01
 -1.0221729e-01
 -4.2723888e-01
 -5.8412904e-01
 -4.1194085e-02
 -2.6614398e-01
  2.2763692e-01
  3.6487307e-02
 -1.3834785e-01
 -1.2922998e-01
  8.5075736e-02
 -5.8861103e-02
  1.5660338e-01
  2.2060047e-01
  2.5836694e-01
 -1.3480721e-01
 -3.5831070e-01
  3.0157921e-01
  7.3039889e-02
 -9.3720825e-03
  3.8194232e-02
 -5.7994273e-02
  2.4427386e-01
 -2.0217738e-01
  1.6261796e-02
 -8.0120707e-01
 -1.6118711e-01
  2.5506341e-01
 -1.7942660e-01
  1.7631513e-01
 -2.2943018e-01
 -9.9915843e-03
 -2.0659434e-02
  9.6894555e-02
 -6.6359557e-02
  1.4354150e-01
 -1.2960370e-01
  2.1555863e-01
 -2.3870443e-01
  5.5600316e-03
 -1.9162074e-02
 -4.3478075e-02
  2.0541415e-02
 -2.4149375e-02
 -4.8961574e-01
 -5.2669644e-01
  1.3888496e-01
  6.7438704e-01
  1.0675899e-01
  1.6568407e-01
  2.9461172e-01
  3.4338582e-01
  1.0262488e+00
 -4.5536283e-02
  6.6394113e-02
  1.3094741e-01
 -1.2713176e-01
  8.7263733e-02
 -8.9639165e-03
  1.7014794e-01
 -1.1214078e-01
 -4.1988233e-01
 -4.4048753e-01
  1.5095320e-01
  4.6750596e-01
  1.7502220e-02
 -2.3482607e-01
  1.1570503e-01
 -8.4610179e-02
  3.7219562e-02
 -7.7751093e-03
 -2.2782563e-01
 -1.5791337e-01
 -1.4417851e-03
  3.1989872e-01
  7.8478523e-02
 -6.8381891e-02
  2.7542174e-01
 -5.9791911e-02
 -8.4693812e-02
 -1.0370351e-01
  1.2626073e-02
 -2.4489044e-01
  3.4736384e-02
 -2.8486459e-02
 -3.3854094e-01
  2.7612150e-02
 -3.3665288e-02
  1.9725046e-01
  2.4814762e-02
 -2.0001777e-01
  3.8897073e-01
  2.4908956e-02
 -1.6111335e-01
  5.9027527e-03
  8.2276814e-02
 -1.1251897e-01
 -1.5099120e-02
 -2.4460046e-01
  1.5257081e-01
  1.2105951e-01
  8.5365428e-03
  2.3029376e-02
  3.3609837e-02
 -1.0418798e-01
 -1.0259536e-01
  8.2128972e-02
  1.3184959e-01
 -5.5793103e-02
  3.9236835e-01
  4.7477949e-02
  2.0817131e-01
 -4.1747487e-01
 -1.0382529e-01
  2.3326489e-01
 -1.0134707e-01
 -4.0611720e-01
  4.2326350e-02
  1.7537011e-02
  1.8054968e-01
 -1.9674139e-02
  1.0507683e+00
 -2.4381099e-02
  2.5194889e-01
 -2.2477416e-02
  5.0520241e-01
 -1.2893496e-01
 -9.5855638e-02
 -6.3749738e-03
  5.4439485e-02
 -9.3153939e-02
 -3.8957375e-01
  4.0372867e-02
  3.9419640e-02
  2.7332741e-01
 -2.4953757e-01
  3.6312770e-02
 -2.9526439e-01
  2.7301712e-02
 -7.5470716e-02
 -1.5234223e-01
  3.9629914e-02
 -2.2687772e-02
  1.1189339e-01
 -4.0604822e-02
 -4.2605126e-01
 -5.8030087e-01
  1.4951307e-01
 -9.3124077e-02
 -1.1508346e-01
 -1.2118805e-01
 -5.1390309e-02
 -5.1848012e-01
 -2.6238742e-01
 -1.9456604e-02
  2.5121748e-01
  5.4991748e-02
  9.9329628e-02
 -2.1178737e-01
  3.5196855e-03
 -2.7746654e-01
  1.2730044e-01
 -3.3452952e-01
  1.7121244e-02
  1.0474247e+00
  4.5036468e-01
  4.6592233e-01
 -1.4181683e+00
  1.2379564e+00
  9.1253266e-02
 -4.8250008e-02
  4.6917576e-01
  1.9752462e-01
  8.3652966e-02
 -9.7496554e-02
  2.8989270e-01
 -6.4447276e-02
 -1.2754065e-01
  8.0645233e-02
  2.3746462e-01
 -1.8813200e-01
  1.3342059e-01
 -3.1248996e-01
 -4.3896815e-01
  2.4782309e-02
  8.0070019e-02
  2.8870413e-02
 -5.1857370e-01
 -2.3361747e-01
  2.4919996e-01
 -2.4092932e-01
 -5.5917535e-02
 -1.4893855e-01
 -9.6194863e-02
  7.8840452e-01
  7.7791512e-01
  6.7821652e-01
 -7.9450542e-01
 -1.4910381e+00
 -2.2912580e-01
  2.4834232e-01
 -1.7549786e-01
 -3.5529953e-01
  1.5815216e-01
 -8.2027391e-03
 -1.2440573e-01
  2.6286051e-01
  1.3647853e-01
 -8.4923720e-01
  1.8814838e-02
 -1.0854615e-01
  2.0035456e-01
 -2.8688014e-01
 -4.5415595e-01
 -5.7598186e-01
 -2.9476253e-02
  5.3537283e-02
 -2.0033105e-01
  1.3551913e-01
  1.6044939e-01
  3.1637147e-02
 -4.0718886e-01
  2.3277687e-02
 -2.8804326e-01
  2.5290355e-01
 -3.9675093e-01
 -6.3875073e-01
  1.5223092e-01
 -1.6320668e-01
 -1.8862039e-01
  2.4501172e-01
 -3.3792502e-01
  2.2935459e-01
 -8.8184074e-02
 -8.2591716e-03
  1.2635101e-01
 -1.8278991e+00
  1.3738804e-02
  9.6551090e-02
 -4.4288255e-02
 -6.6107176e-02
 -4.7440488e-02
 -3.1367637e-02
  2.6516264e-02
  1.3836236e-01
  6.8967879e-02
  1.2145296e-01
  7.4402033e-03
  6.3597605e-02
  8.2374699e-02
 -3.9692694e-01
  1.0602672e-01
 -6.3604392e-02
 -2.7928084e-01
 -4.1213751e-02
 -2.5873844e-02
  1.2958466e-01
 -2.6037332e-01
 -5.5073563e-02
  2.4569120e-01
  1.4383504e-01
 -7.6882526e-02
 -3.5995573e-02
  2.6668519e-01
 -4.9744170e-02
 -3.6760185e-02
  6.2006708e-02
  1.7841685e-01
 -2.8875016e-02
 -7.7103034e-02
  1.5032804e-01
 -8.6493246e-02
 -4.4876091e-02
 -8.8256143e-02
  6.7662582e-02
  3.8875844e-02
  1.3454718e-03
  1.4441699e-01
 -1.4014761e-01
  1.4393036e-01
 -3.6745567e-02
  8.9819409e-02
  1.3666214e-01
  1.9742148e-01
  4.6193443e-02
  1.0032693e-02
 -1.6802223e-01
 -4.6221483e-02
  2.9344141e-01
 -2.5932446e-02
  1.0820831e-02
  1.5964346e-01
 -3.2991599e-02
  1.0644561e-01
 -3.0830941e-01
  1.4409591e-01
 -2.0691983e-01
 -1.6109131e-01
 -2.8652886e-01
 -3.2885872e-02
 -3.6504891e-02
  1.3073255e-01
  1.3397259e-01
 -7.5117126e-02
  1.1675358e-02
  1.1486582e-01
  6.0157772e-02
  4.9873844e-02
  4.4441883e-02
  3.2871634e-02
  1.9663607e-01
 -1.1491654e-02
  1.0327925e-01
 -5.5606976e-02
 -1.2844622e-01
 -2.0781541e+00
 -2.5635488e+00
  1.1264528e-01
 -2.0630807e-01
  5.6124669e-02
  2.0167924e-01
 -3.7701853e-02
  6.6253543e-02
  1.4995641e-01
 -2.6330182e-02
  8.8574337e-03
 -1.0157940e-01
 -4.8506054e-01
  2.2166597e-02
  3.8023505e-02
  5.9858374e-02
  2.1236512e-01
  9.8849230e-02
 -4.9268235e-03
 -2.6016824e-02
  1.1787152e-01
 -2.3583715e-01
 -2.8783422e-02
  1.0816976e-01
  7.3171365e-01
  4.7890991e-02
  4.8075255e-02
  6.2488325e-02
 -5.9544839e-02
 -4.9471587e-02
  9.2294291e-03
 -3.1635714e-01
 -1.0104377e-01
  2.3188627e-01
 -9.1638193e-03
  1.8086168e-01
  3.8414523e-01
  4.4741590e-02
 -2.4464380e-02
  3.1086426e-02
  1.1636972e-01
  1.5541099e-01
  1.4460092e-02
  1.7979020e-01
 -6.2243242e-02
 -2.0215595e-01
 -4.3872815e-02
 -3.8060814e-01
  6.6120908e-02
  7.0691437e-02
  1.4136124e-01
  5.0398964e-01
  3.2005167e-01
  8.2560092e-02
 -3.6068799e-03
  6.0465582e-02
  1.2773219e-01
  3.7843881e-03
 -9.3002640e-02
  1.4722985e+00
  1.9230530e-01
  3.3051839e-01
 -4.4991514e-01
 -2.0648396e+00
 -2.0806864e-01
  6.2302762e-01
 -1.0360245e+00
 -2.0152526e-01
 -1.4485749e-02
 -1.1839942e-01
 -4.2146531e-01
 -1.7026846e-01
 -6.4411938e-01
 -5.9696753e-02
  7.9025850e-03
  2.1915406e-01
  1.2134399e-01
 -1.5351431e-01
  1.9148102e-01
  2.2101852e-01
 -3.5582088e-02
  5.0607737e-02
  1.6824956e-01
  1.3186842e-01
  1.5970908e-01
  2.0045561e-01
 -1.7022510e-01
  1.1757240e-01
  2.5988547e-03
  3.6324203e-01
  1.3331566e-02
 -1.6743334e-01
 -1.0471813e-01
 -6.8912214e-01
  9.9134199e-02
  1.3718800e-01
  1.8809795e+00
  2.0935543e-02
 -1.2471272e-01
 -5.4082371e-02
  1.6928209e-01
 -2.0925474e-01
  1.1475363e-02
 -2.1803509e-02
  1.9451359e-01
 -2.3629612e-01
 -1.3308911e-02
 -1.6413605e-01
  4.0430090e-01
 -1.5896166e-02
 -2.5734007e-01
  2.0147096e-01
  1.9365264e-01
 -2.3535173e-01
 -4.3466885e-02
 -9.2480704e-02
  5.3537674e-02
 -8.8631608e-02
  1.7681908e-02
 -6.4117979e-04
  1.9572219e-01
 -1.8310694e-01
  1.0654403e-01
 -1.5542576e-01
  9.8713338e-02
 -1.0066505e-01
 -1.7489349e-02
  8.0927312e-01
  1.7717627e-03
  1.0674792e-02
  1.4338675e-01
  2.7254023e-02
  1.0204712e-01
 -1.5115489e-01
  1.8496411e-01
 -5.7875230e-03
 -1.2539385e-01
 -3.0084863e-01
  1.0281346e-02
 -8.2789309e-02
 -1.5890889e-01
 -1.2020180e-02
 -1.9886632e-01
 -1.1469135e-01
 -1.0602596e-01
  9.3716592e-02
 -2.2317771e-02
  1.3762036e-01
  3.0640998e-01
 -3.9016515e-02
 -3.8581899e-01
  1.2458037e-01
 -7.2078191e-02
  1.3350503e-01
  2.8858591e-02
 -1.4623912e-01
 -5.5225432e-01
 -9.4486111e-01
  5.4200608e-03
  7.9514243e-02
  6.9334380e-02
 -1.1473886e-01
  3.6014044e-01
 -2.7108827e-01
  7.6903522e-02
 -2.4740657e-01
  8.4639020e-02
  2.6646450e-01
 -4.4516078e-01
 -2.0547921e-02
  1.0885060e-02
 -2.4435040e-02
  3.2309070e-02
  2.5634548e-01
 -1.0521378e-01
 -1.1759213e-01
 -2.3190348e-01
 -2.1956106e-01
  8.9419737e-02
 -8.9202262e-02
 -5.4229867e-02
 -1.9055761e-01
  8.5543714e-02
  1.0442302e+00
  8.2253236e-01
  8.8479809e-02
 -4.2037186e-01
  4.3391839e-02
  1.5205977e-03
  6.4663321e-02
 -2.3648748e-01
  4.4368658e-02
 -1.3369469e-01
  2.6107293e-01
 -2.3603594e-01
  2.3807701e-01
  1.8597032e-01
 -1.1264166e-01
 -4.4691071e-02
 -6.5317273e-02
  2.4582392e-02
  6.4612687e-02
  1.6139992e-02
  8.2862072e-02
  2.3391624e-01
 -1.1665065e-02
 -1.5596390e-01
 -8.6622983e-02
 -7.4251652e-02
 -6.8510510e-02
  1.3341517e+00
  1.6175499e+00
 -1.1685101e-01
 -6.1447370e-01
  2.3016007e-01
  1.4917549e-01
  3.3388129e-01
  1.4671744e-01
 -5.3491388e-02
  6.1704542e-02
 -5.7812834e-01
  2.4321853e-01
  5.7899153e-01
  1.1830074e-01
  9.6455708e-02
  3.4430463e-02
 -1.1102555e-01
 -4.0478909e-01
  1.4310221e-01
 -1.5123326e-01
  1.9104342e-01
  3.6602210e-02
 -5.5557954e-01
 -7.0367403e-02
 -1.1430307e-01
  2.8883338e-02
 -1.6554167e+00
  2.4044412e-01
  2.2099391e-01
 -3.6606394e-02
 -2.3335781e-02
 -2.7152380e-01
 -2.9910672e-01
 -1.2915117e-01
 -4.2965952e-01
  9.4854273e-02
  3.8211714e-03
  3.7948538e-02
 -9.7745195e-02
  1.8661043e-01
 -3.0255677e-02
  1.9913194e-01
 -8.3991088e-02
  7.9841889e-02
  7.3027715e-02
 -3.2779254e-02
  3.0279709e-02
  1.1230541e-01
  2.1095369e+00
 -1.9076832e-01
 -1.5541849e-01
 -3.0445669e-02
  9.7859614e-03
  1.5103245e-01
  8.1528880e-02
 -2.3822291e-02
 -2.1523154e-01
  1.9801576e-01
  2.6354553e-02
  5.1479667e-01
  4.4153128e-02
 -3.1185098e+00
  3.7584314e-01
  3.7711847e-01
  3.8421288e-02
  1.6044989e-01
 -2.7426544e-01
  5.0518537e-01
 -3.6560819e-01
 -4.2553622e-02
  2.8130087e-01
 -3.9203867e-01
  2.2747685e-01
 -8.1736743e-02
  1.7214052e-01
 -8.9821689e-02
 -1.8230209e-01
  1.2281524e-01
  1.7230992e-01
 -1.8593067e-01
  1.2270261e-01
 -2.0261595e-01
 -1.6472833e-01
  6.0018156e-02
 -2.1761405e-01
  3.4423023e-02
 -1.0415375e-01
 -3.2012823e-01
  3.7379831e-02
  4.9467257e-01
  6.7303789e-01
 -3.4781870e-01
  2.4010606e+00
 -4.7795680e-01
 -3.1666067e-01
  4.0017679e-02
 -3.7291464e-01
  1.4430253e-01
 -1.6376453e-02
 -1.0491916e-01
  7.1588330e-02
 -1.5866750e-01
  2.2379331e-01
  1.4297897e-01
 -1.8445978e-01
  9.1664135e-02
 -7.4700773e-02
  9.3467705e-02
 -2.4394687e-02
  2.4577390e-02
  4.9218219e-02
  2.6949279e-02
 -4.6420011e-01
  1.9384722e-01
 -2.9434884e-01
  1.1820654e-01
 -6.8747061e-03
  2.3001330e-02
  4.6049666e-02
  5.9895605e-01
 -3.9071187e-01
  1.3926269e+00
  1.8060485e-01
 -1.6394920e+00
 -1.6384784e-02
 -8.2687140e-02
  6.3683993e-01
 -2.3673972e-01
  1.2355412e-01
 -8.0547947e-03
  2.2330414e-01
 -1.1275877e-01
  1.2817021e-01
  2.5975049e-02
 -7.6645702e-02
 -1.1478962e-02
 -1.1863591e-01
 -5.0792508e-02
  1.9388536e-02
 -3.8060401e-02
 -4.9198702e-01
  1.4172062e-01
  8.3333589e-03
 -8.3153501e-02
 -2.8753269e-01
 -2.2576135e-01
  8.7776162e-02
  1.4485300e-01
 -1.1639591e-01
  7.8276442e-03
  2.2081308e-01
  2.5333908e-01
 -8.5085237e-01
 -1.6188190e+00
 -6.8321086e-02
  1.2997729e-01
 -1.6271569e-01
 -3.6488678e-02
 -6.0770297e-01
 -1.4122796e-01
  5.1405823e-01
 -5.4209262e-01
  9.2890459e-01
  6.4497545e-02
  7.0760153e-02
 -6.0181588e-01
 -1.1393058e-01
 -5.8313653e-02
  8.0251060e-02
 -2.1190846e-01
 -2.4622345e-01
 -1.3944118e-01
  5.0941253e-01
  3.8887829e-02
 -8.9463629e-02
  1.8983988e-01
  1.2738977e-01
  3.8298178e-01
 -1.8112686e-01
  1.1249503e-01
 -9.3104690e-01
  3.0931368e-01
  5.3375405e-01
 -4.3241572e-02
 -3.5305366e-02
 -2.9741288e-03
  8.1217252e-02
  1.1480706e-01
 -1.1551519e-01
 -2.5242168e-02
 -1.8146268e-01
 -1.0693169e-01
  8.1291504e-02
  8.1795946e-02
 -1.7680486e-01
 -9.2730299e-02
 -1.1012920e-01
  8.5043244e-02
 -4.6156209e-02
  9.4783075e-02
 -1.2316384e-01
  1.4647183e-02
 -1.8314208e-01
 -6.0060885e-02
 -1.4546478e-01
  1.5297841e-01
 -2.3910284e-01
  3.8527104e-01
  2.9560602e-01
 -2.0936127e-01
 -3.9138054e-03
  6.0038720e-03
  2.6768941e-01
  1.8317014e-01
 -8.0806531e-02
  1.6180612e-01
 -4.5256007e-02
 -6.8791762e-02
  2.4315777e-01
  5.7751480e-02
  1.8521634e-01
 -1.7483523e-01
 -2.8683946e-02
 -6.9392659e-02
 -3.9888889e-02
 -3.0850893e-02
 -2.0776780e-01
 -6.9717474e-02
 -4.8647549e-02
  5.4217219e-02
  4.9272526e-02
 -2.1815826e-01
 -7.2056264e-02
  1.8025832e-01
  1.2320281e-01
 -9.2537953e-03
  7.6645635e-02
 -9.8254524e-02
 -7.0497334e-02
 -8.0547428e-01
  1.2922215e+00
 -1.0381933e+00
 -7.2350144e-01
 -1.6675763e+00
 -2.1282277e-01
  2.7554530e-01
 -5.3326553e-01
  1.1065064e-01
 -1.6639188e-01
  1.4373997e-02
  7.5365424e-01
 -4.1505903e-01
 -2.7704063e-01
  6.0912635e-02
  3.0119339e-01
  8.6525485e-02
  2.5960803e-01
  3.7792493e-02
  1.4609031e-01
  7.5220025e-01
  8.0546923e-02
 -1.2476268e-01
  1.6231050e-01
  1.8852198e-02
  2.5661367e-01
  1.6045828e-01
  3.8252037e-02
 -1.5453278e-01
  6.8563059e-02
 -3.4894004e+00
  2.0127599e-01
  2.6606664e-01
  1.4100114e+00
  6.5562928e-01
  5.4273218e-01
  4.6071086e+00
  1.2463222e+00
 -1.0861003e+00
 -1.7645772e-01
  1.7326592e-01
 -5.0394303e-01
  1.8591198e+00
  2.6862088e-01
  1.1292798e-01
 -1.0717769e+00
  9.4550364e-02
  8.5471354e-02
 -7.4346757e-01
 -1.3144197e-01
 -1.2371266e+00
  3.0328782e+00
  1.7577449e+00
  1.1042104e+00
 -3.0217558e-01
 -6.5640670e-01
 -1.6705045e+00
  3.1396937e-02
 -1.6545092e-01
 -2.8479052e-01
  1.2781166e-01
  2.5896270e+00
  5.6342360e-02
 -8.4602761e-01
  5.3219885e-01
 -2.4317656e+00
  8.6954421e-01
  7.0804548e-01
  9.7639477e-01
 -7.2397493e-02
 -4.8472892e-02
 -1.5111910e+00
 -4.9351566e-02
  1.7344162e-01
  2.6171008e-01
  1.6429034e-01
  1.8653309e-01
  8.5228539e-01
 -1.3773082e+00
 -1.1598730e+00
 -7.2797799e-01
  2.1364982e+00
  1.8808089e-01
 -9.3610036e-01
 -1.3269661e-03
 -1.9270451e+00
 -8.9486539e-02
 -1.4322461e+00
 -1.4181821e+00
 -1.3231917e-01
 -1.9173607e-01
 -8.1340259e-01
 -2.3523395e-01
  1.5028577e-01
 -1.3647487e+00
  7.7594244e-01
  2.4257424e+00
 -8.9059509e-02
 -1.0313915e-01
  1.4192286e+00
  1.4589244e-01
 -7.9418588e-01
  1.4577167e-01
 -1.7173551e-01
 -1.2644108e-01
  1.6035074e+00
 -1.9717346e-01
 -6.7204642e-01
  1.7939432e-01
  7.0072383e-01
 -5.7469070e-01
 -1.8778770e-01
 -1.5768159e-02
  1.9184339e+00
 -4.7609860e-01
 -1.1607195e-01
 -3.4357738e-01
  5.1580602e-01
  9.1924655e-01
  1.0208749e-01
  6.4451233e-02
 -1.1336388e-01
 -1.2741134e-01
 -1.9016355e-01
 -3.4725279e-01
  3.3644968e-01
  2.2875343e-02
 -2.3888594e-03
 -5.4648000e-01
 -1.5157817e-01
  1.0563055e+00
 -2.1699755e-01
  8.9712650e-01
 -2.9850084e-01
 -1.0608360e+00
  4.6158600e-01
  1.3618459e-01
  1.3966633e-02
 -3.1734332e-02
 -9.1303684e-02
 -2.8501377e-01
  1.3337076e+00
  3.0113202e-01
  2.1176851e-01
 -1.9626591e-01
  9.1500771e-01
 -8.6405021e-01
  3.5948566e-01
  1.1093527e+00
  5.1084380e-03
  2.3253225e-03
  1.2833374e+00
  2.2122441e-01
 -1.9532630e-01
  6.1139081e-02
  1.0382468e-02
  2.5632405e-01
  1.1315213e+00
 -3.3769205e-01
  5.0403774e-01
 -8.1298843e-02
  6.0611069e-01
 -8.9697105e-01
 -9.7775817e-01
  5.6991712e-03
  1.9041733e+00
 -7.7166453e-02
  1.0277773e+00
 -1.9605701e+00
 -1.9386885e-01
 -8.6943686e-01
 -1.5027021e-01
  5.0726112e-02
 -1.3633548e-02
 -2.3611045e-01
 -1.0581972e-01
  2.8324565e-01
  8.7536067e-02
 -3.8690515e-02
 -4.8406574e-01
 -2.3057128e-01
  3.7713706e-01
  2.5773954e-01
  5.4161292e-01
  5.5798298e-01
  1.0822394e-01
  1.3107066e+00
  1.7655557e-01
  4.4048052e-02
  2.8539506e-01
  2.0021436e+00
  7.2300702e-01
  1.0894011e+00
  7.4857122e-01
  6.6525781e-01
  5.0549531e-01
  1.0721612e+00
 -4.4218549e-01
 -1.1827502e-01
 -8.8836324e-01
  2.3119353e-01
  3.9928064e-01
 -6.1967601e-03
  4.9775070e-01
 -2.7201387e-01
  1.7250029e-02
  6.7843091e-01
  4.2783245e-02
  4.2791581e-01
  9.0396225e-01
  1.9616392e-01
  4.6650508e-01
  8.2422234e-02
  5.3375125e-01
 -4.2835988e-02
  3.2398510e-01
 -7.4249059e-02
 -1.4164236e-01
  1.2558006e-01
  2.2598971e-02
  9.4297349e-02
 -1.5236367e-01
  1.3392842e-01
  1.2113223e-02
  3.7914261e-01
 -4.0542641e-01
 -9.7054757e-02
 -8.4216975e-02
 -1.7893398e-01
  3.5706460e-02
 -1.3127965e-02
  5.6650680e-02
 -4.2189346e-03
  9.5680617e-02
  5.0258588e-02
 -9.6497521e-02
  3.6352769e-01
 -6.4907014e-02
  4.8253849e-02
  1.6501814e-01
  1.7764480e-01
 -1.6292916e-01
 -8.6107202e-02
 -7.5189926e-02
 -1.0397314e-01
  1.5025032e-01
  1.3870229e-01
 -1.4446940e-02
 -7.4632496e-02
 -8.9079760e-02
  1.4347598e-01
  9.7282290e-02
  3.2136884e-01
 -6.0582477e-01
  1.5564305e-01
  9.1317341e-02
 -5.5173472e-02
 -3.3475167e-01
 -4.9075879e-02
  1.9444225e-02
 -1.1750798e-01
 -2.9805464e-01
 -1.2607278e-01
  1.9722520e-01
  3.0527595e-01
 -8.3285915e-03
 -6.5059558e-02
 -2.2987144e-02
 -7.9279846e-01
  1.6737725e-01
 -5.8608986e-03
 -2.3536950e-01
  3.2364402e-02
 -1.9021507e-01
 -5.6416120e-02
  9.6822165e-02
 -1.7827357e-01
 -1.1664039e-01
 -7.2469056e-02
 -3.7312441e-02
 -7.5766045e-01
  1.8367206e+00
 -1.5014057e+00
 -7.4252087e-01
  3.0820792e+00
  1.8259434e+00
  4.0795198e-01
 -6.1345719e-02
 -1.5150895e+00
  2.0853269e-01
 -5.4977361e-02
 -2.1011879e-01
 -3.6428007e-01
  9.5634967e-01
 -9.5319070e-02
 -1.6843861e-01
  9.1237551e-01
  3.9263535e-03
 -1.0230153e-01
 -5.9499896e-01
  2.7346581e-01
  3.4555104e-01
  3.9883316e-01
 -4.9190417e-01
 -4.9641719e-01
  3.0729297e-01
 -1.6318598e-01
 -1.9453205e-01
  1.8649839e-01
 -4.2473683e-01
  3.0212519e-01
  4.6384302e-01
  1.0449828e+00
  8.0266434e-01
 -3.0659273e-01
 -2.3346746e-01
  8.8828623e-01
  1.2291953e-01
 -8.4039956e-02
  2.6188469e-01
  3.2342741e-01
  1.1997107e-01
 -1.6542514e-01
 -1.4774013e-01
  1.8125276e-01
  8.8121638e-02
 -1.3882719e-01
 -5.5298692e-04
 -4.6537267e-03
  6.7352921e-02
 -4.5103848e-02
  1.1019393e-01
 -3.9107442e-01
  2.4468164e-01
  9.9722110e-02
 -5.8416069e-02
 -3.2189012e-01
 -1.6564235e-01
  1.5710062e-01
 -2.1395124e-01
  1.4269153e+00
 -6.8335742e-02
 -7.2529115e-02
 -8.5608286e-01
 -1.9352273e+00
 -3.9945602e-02
 -3.4110588e-01
 -6.3520081e-02
  8.4714949e-02
 -4.7262687e-02
 -1.1958092e-01
 -5.7790060e-02
 -1.3254816e-02
 -3.6741853e-01
 -4.3541718e-01
  4.5332424e-02
 -1.1196189e-01
 -2.4462827e-01
 -5.3039543e-02
 -1.1115639e-02
 -1.2432112e-01
 -6.7852594e-02
 -2.9662307e-02
 -1.1688014e-02
 -1.2348188e-01
 -1.0038868e-01
  4.0286323e-03
  2.0401098e-01
 -5.4219384e-02
 -2.0486555e-01
  2.4932492e-01
 -2.1700931e+00
 -1.0099870e+00
 -4.3440104e-01
  2.2078840e-01
 -1.7934746e+00
 -4.1887999e-02
 -4.8260731e-01
  1.1293471e+00
  1.7537106e+00
  4.8618868e-01
 -2.2095575e+00
 -1.0032015e-01
  6.9928765e-01
  1.6527529e+00
  3.8350031e-02
  2.8324351e-01
  4.5129165e-02
 -7.8285143e-02
 -3.5857064e-01
  1.3854277e-01
  5.4754466e-02
 -1.6964553e-03
  1.1294164e-01
 -5.4005754e-01
  1.4789136e-01
 -6.5511100e-02
  1.6550742e-01
  1.1038636e-01
 -5.7775271e-01
  4.9671460e-02
 -2.3196012e-01
 -1.8615369e-01
 -4.6261750e-02
 -1.2830070e+00
  1.5556662e-01
  7.4904203e-02
  7.3103257e-02
 -2.5252670e-01
  1.3853623e+00
 -1.8752968e-03
 -1.4485142e-02
 -2.1185754e-01
 -1.3892680e-01
  9.0442799e-02
  1.9766875e-01
 -7.4873120e-02
  1.2660109e-01
  4.1000791e-02
  1.0937754e-01
  2.9980635e-02
  7.1522102e-02
 -2.0831035e-01
 -5.3536575e-02
  1.7250492e-01
 -6.9026980e-03
  9.7762942e-02
 -7.4111134e-02
  1.0969829e-01
  5.0229640e-03
 -1.0455814e-01
 -8.2973659e-01
 -2.4465968e-01
  1.1098855e+00
 -2.1174157e+00
  6.7142271e-02
  3.3940788e-02
  3.5106382e-01
 -1.2405216e-01
 -2.2520232e-01
 -4.6087527e-01
 -3.8008947e-02
 -2.3806597e-01
  1.0423192e+00
 -8.3123341e-02
 -2.8750241e-02
  1.5827003e-01
 -1.4257832e-01
  4.9775541e-03
  2.5747964e-01
  5.2960418e-02
  3.4663510e-02
 -5.5008990e-01
 -6.1302628e-02
 -5.9082752e-01
  6.6303208e-02
 -1.4747420e-01
 -5.2321933e-02
  6.3128382e-02
  1.1737262e-01
  6.8874702e-02
 -4.0080868e-02
 -2.1515548e-01
 -6.4483553e-01
  1.5963137e-01
  9.0890639e-02
 -3.8270891e-01
 -2.6919693e-01
  6.0973141e-02
 -3.1494504e-01
  8.0530196e-01
  5.5729806e-02
 -6.0791448e-02
  1.8206435e-01
 -3.3329785e-02
  3.1512022e-02
  6.3093489e-01
 -1.2183082e-01
  4.2365544e-02
 -3.3229034e-02
  1.0436701e-01
 -1.6342044e-02
 -2.1680281e-01
  1.9978676e-02
 -1.5906033e-01
  1.2001003e-01
 -1.7750515e-01
 -2.3485510e-02
 -1.2571798e-01
  6.1911784e-02
  4.0674108e-01
 -4.0732446e-01
  1.0190606e+00
  1.1520583e-01
  1.0206832e+00
  3.0349863e-01
  2.9226574e-01
 -1.5404807e+00
 -7.7170724e-01
 -6.1654365e-01
  2.4663301e-01
  2.4599315e-01
 -1.2827675e+00
  7.3122732e-02
 -7.3174477e-02
  3.9477214e-02
  1.7755225e+00
 -3.5954276e-01
 -1.1255372e-01
 -2.2604443e-01
  5.0350255e-01
  3.9097390e-01
 -6.5449536e-01
  5.9551764e-01
  1.8612092e+00
  8.2537904e-02
  2.2392222e-01
  1.2205335e-01
  2.3226628e-02
  3.2851949e-01
 -1.3777149e-01
 -2.6930435e+00
  1.7247221e-01
  1.3193501e+00
 -1.7669187e+00
  2.3328406e-03
 -2.6909521e-01
 -2.1986842e-02
 -8.2382679e-02
 -1.3561094e-01
  1.9599751e-01
  6.1029926e-02
 -5.0457023e-02
 -2.8627470e-01
 -2.0124177e-02
 -1.9705614e-02
 -1.6116019e-01
 -1.4386376e-02
  3.8620908e-02
 -2.7393594e-01
 -1.1115552e-01
 -8.1699081e-02
 -1.1000232e-01
 -7.8347363e-03
 -1.6528608e-01
  7.2686478e-02
  1.6967064e-01
 -2.9073287e-02
 -3.0189669e-01
 -7.1927145e-02
 -1.0024223e+00
 -5.2921921e-01
  3.0617406e+00
  1.0889992e+00
 -2.5305706e-01
 -5.1938385e-01
 -4.0919539e-02
 -6.6346562e-01
  1.2733437e+00
  3.3390346e-01
  1.1254228e-01
 -1.1490314e+00
 -1.3493019e+00
 -3.7952700e-01
  2.3761900e-01
  1.9229862e-01
  4.7389042e-01
  4.5723494e-02
 -8.7554999e-02
 -1.6162668e-01
  4.3813846e-01
  5.3617948e-01
 -1.7974040e-01
  1.3980430e-01
  9.5157158e-01
  1.2602295e-01
 -1.2690251e-01
  2.2322699e-01
  1.1562567e-01
 -2.4478550e-01
  2.3269367e-01
  3.2322007e-01
  3.9523862e-02
 -2.6774032e-02
  2.0238328e-01
 -2.0347300e-01
 -1.9988250e-02
 -2.3765950e-01
 -1.5451223e-01
 -1.4808492e-01
  5.8123186e-02
  6.9220010e-03
 -1.7313015e-02
 -9.2011422e-02
 -2.5981324e-02
 -3.2374444e-03
 -8.5191699e-03
 -1.7119096e-01
  6.5283747e-03
  1.0908169e+00
 -1.2731166e-02
 -7.9193145e-02
  1.0427750e-01
 -1.6284293e-02
 -1.7642507e-02
 -3.3427987e-01
 -2.4665724e-01
  1.1813129e-01
  3.8599253e-02
 -7.0737995e-02
 -1.8667725e-01
 -3.8097337e-01
 -1.3509132e+00
  1.6510395e+00
  1.1127105e+00
  1.4851291e-03
 -1.1146957e-03
 -7.5354166e-02
  1.4401320e-01
  7.1634553e-02
  1.6883352e-01
  1.6670372e-01
 -9.5764346e-02
  3.9659258e-02
  2.4794315e-01
  3.0918688e-01
 -2.3726621e-01
  5.7327908e-02
 -1.1977737e-01
  6.2138331e-01
 -6.7363806e-02
 -4.9872767e-02
 -1.6642223e-01
 -3.6847856e-02
 -6.3005939e-02
  1.1154308e-01
  7.3448539e-02
  1.1176034e-01
  7.6189481e-02
 -1.0024344e-01
  5.8932461e-02
  2.9638779e-01
  9.9192746e-02
  5.8792496e-01
 -1.6523705e-01
 -1.6483188e-01
 -8.4987454e-02
  3.5056800e-01
  8.9521155e-02
  1.2705158e-02
  3.6318702e-01
  1.0621157e-01
  6.2985069e-01
 -9.0254784e-02
  2.8402704e-01
 -6.3405916e-02
 -3.8265143e-02
  2.1788720e-02
 -5.9396453e-02
 -1.0610000e-01
  8.5332751e-02
 -1.2591147e-01
  1.0278102e-01
 -1.0629688e-02
 -2.2887619e-01
 -3.3817854e-02
 -1.4337470e-01
  4.3890433e-04
  1.2217785e-01
 -1.6740696e-01
 -4.0164295e-01
 -1.1106613e+00
  8.5255004e-02
 -4.9790135e-01
 -1.3155383e+00
  3.1738259e-02
  2.9752234e-01
  3.8433680e-01
  3.9432666e-01
 -7.1570170e-01
 -9.4382830e-02
 -2.0611981e-01
 -6.5227318e-01
  1.0793798e+00
  6.8001372e-01
  5.7640102e-02
 -8.0789879e-02
  1.9516316e-01
 -1.7274785e-01
 -1.0510090e-01
  1.4724006e-01
  3.4425601e-01
  1.5461316e+00
  2.5901960e-02
 -6.6182929e-01
 -1.3998441e+00
  1.8379307e-01
  4.7318988e-02
 -1.0962319e-01
 -5.9071604e-02
  2.0770643e+00
 -9.1922954e-02
  4.7190773e-01
  5.3089939e-02
  4.6985471e-01
  1.1585468e+00
  3.4302264e-01
 -4.4035396e-01
 -3.3766124e-01
  5.7751709e-01
  5.2321249e-01
 -4.4839320e-01
  4.4504997e-01
  1.8523304e-01
 -5.8924907e-01
  1.5590551e-01
  4.7235930e-01
  2.7099776e-01
  2.8876248e-01
 -1.9002688e-01
  3.3916700e-01
  9.8617530e-01
 -4.4650942e-01
 -4.2311192e-02
 -1.9064614e-01
 -1.1221100e-01
  3.4667924e-01
  1.8459077e-01
  2.8681535e-01
 -2.8977150e-01
 -4.9459445e-01
 -1.0163271e+00
  3.5288945e-02
 -1.4693357e+00
 -1.0901259e+00
 -7.7841245e-02
 -3.4110034e-01
 -1.8339756e-01
 -6.4146288e-02
  1.8737054e-01
  4.5820165e-02
 -3.0805704e-01
 -2.4337915e-01
  7.0115082e-02
  4.6287127e-02
 -2.1839172e-03
 -3.4455034e-01
 -1.8956311e-01
 -2.3167524e-01
  1.2918273e-01
 -1.0714003e-01
 -1.3394623e-01
 -3.8842745e-03
  1.8868847e-01
 -1.4236400e-01
 -4.2852974e-03
 -2.1591109e-01
 -2.0677838e-01
  2.7719902e-02
  6.4238627e-03
  1.3466525e+00
 -8.9312470e-01
  1.4102234e-01
  9.4343716e-01
  2.8384122e-01
  1.1768279e-01
  4.8385528e-01
 -2.8416877e+00
  1.0290271e-01
  6.4062834e-01
  1.3967475e+00
 -1.5539752e+00
 -6.4735460e-01
 -1.0925899e+00
 -1.5635589e+00
 -1.6795851e-01
 -7.5473976e-01
 -1.0673230e+00
 -8.2294255e-02
  8.6454719e-01
  2.3465596e-02
 -7.6342618e-01
  2.3487796e-01
  6.6079980e-01
 -5.5269963e-01
  6.3284451e-01
 -1.7761207e-01
 -9.9526457e-02
 -1.3957870e-01
 -1.7661875e-01
  1.8207517e-01
  5.0558323e-01
  7.9014070e-02
  1.0879832e-01
 -5.6166947e-01
 -6.4632028e-02
  5.1795010e-02
 -1.7484775e-01
  9.5428042e-02
  2.8772429e-01
 -1.5362783e-01
  1.9777903e-01
  1.8985865e-01
  3.0842800e+00
  9.1061667e-02
  3.7445664e-02
 -1.6702518e-01
 -5.8417946e-02
 -1.8564704e-01
  1.9363478e-01
 -7.9477057e-02
 -1.0823234e-01
  2.8106809e-01
  1.6105404e-01
  1.5425345e-02
 -8.5680485e-02
 -4.7251668e-02
 -7.3136427e-02
  7.9118714e-02
  5.8635082e-02
  1.3365483e-01
  1.6603949e-02
  2.1294971e-01
  7.3977955e-02
 -3.9067572e-01
 -1.5608284e-01
  1.7475919e-01
 -7.7710390e-02
 -3.3074602e-02
 -6.4847338e-01
  4.2253408e-01
  4.3169561e-01
  5.4895632e-02
  3.7768367e-01
 -1.3171485e-01
 -2.6128012e-01
  2.6834348e-01
  4.2933743e-02
  2.5621939e-01
 -4.8468348e-02
  2.6196483e-01
  2.1572176e-01
 -5.3297963e-02
  1.2963396e-01
  2.9027563e-01
  8.9393154e-02
 -3.2153588e-02
  2.9386822e-02
 -1.2793817e-01
 -1.4263698e-01
  3.6856866e-01
  1.2063979e+00
 -3.0942589e-01
 -5.8229876e-01
 -7.2157198e-01
  2.0320512e-01
 -3.8664302e-01
 -1.0338748e-01
 -1.6762000e-01
 -4.0059641e-01
  1.9901143e-02
 -3.4106135e-01
  2.0357384e-01
 -6.4447679e-02
  1.4627096e-01
 -2.0507237e-01
 -5.3988147e-01
 -1.2994791e-02
 -2.0262529e-01
  5.4973936e-01
 -5.1331615e-01
 -1.5312238e-01
 -1.1853627e-01
  1.9405495e-01
  2.5018749e-01
 -8.1518985e-02
  2.6250107e-02
 -2.8932884e-02
 -1.9060934e-01
  1.0126879e-01
  1.7574933e-01
 -2.7752510e-01
  2.2676358e+00
  1.6930173e-01
  4.8202768e-01
 -3.7842471e-02
 -2.4531612e-01
 -3.4845524e-02
 -3.7227374e-02
 -4.1106829e-01
 -2.1890724e-01
  3.5563961e-02
 -8.0154926e-02
 -1.1286516e-01
 -1.2877433e-01
 -1.8232185e-01
  2.4039462e-01
  2.4163544e-02
  9.5704712e-02
 -2.9209123e-03
  2.8177378e-01
 -1.6276680e-02
  2.3188261e-02
 -7.4330278e-02
 -1.2219215e-01
 -8.8716879e-02
  1.9478257e-01
  2.0198566e-01
  5.7120156e-03
  7.3548302e-02
  3.1008974e-01
 -1.0374084e+00
 -3.4926629e-01
 -1.3414499e+00
 -1.8859209e+00
  3.1868988e-01
  3.1689429e-01
 -5.6573582e-01
  7.4858117e-01
 -1.0769827e+00
  6.2100989e-01
 -1.3069665e+00
  9.6703321e-01
  4.7369829e-01
 -3.6701152e+00
  3.0726293e-01
  3.5914847e-01
 -2.3120929e-02
 -6.9004402e-02
 -1.0758211e-01
  1.0195415e+00
  5.6065494e-01
  6.2082391e-02
 -4.8403326e-02
 -3.8176841e-01
 -3.8423026e-01
  1.2834008e-01
  1.1383594e+00
 -1.5959665e-01
 -7.5280231e-01
 -1.7149964e-01
 -4.1179588e-01
  3.3701047e-01
 -1.5154636e-02
  2.2423763e+00
 -8.7553523e-03
  8.0109522e-02
  2.9803947e-01
  1.9584984e-01
  3.1333512e-01
 -7.5072810e-02
  1.6746922e-01
 -1.3703708e-01
  6.9559574e-02
 -6.2925346e-02
 -1.3221296e-02
 -5.5528522e-01
 -1.8646607e-01
  3.4887787e-02
 -3.1671324e-01
  4.9358442e-01
  2.4742411e-01
 -1.3045359e-01
 -2.5256348e-01
 -4.6122468e-01
 -1.3210452e-01
  9.5549878e-03
  2.0024917e-01
 -1.3082299e-01
 -1.4659666e-01
  6.5379304e-01
  3.9207518e-02
 -1.6616459e+00
  4.9687004e-01
 -1.7259175e-02
 -6.9775350e-02
 -1.4865439e-01
 -1.0179079e-01
 -1.9482926e-01
 -9.5221205e-03
 -5.5024147e-02
  4.9169507e-02
 -2.8957635e-02
  6.6299081e-02
  1.0521091e+00
 -1.5795527e-01
  1.9850295e-02
 -3.1612882e-01
  1.3614342e-01
  3.1908743e-02
 -3.8115911e-02
 -2.3089835e-01
 -1.7213735e-01
  1.0525209e-01
  6.2257653e-01
  1.8334329e-01
  1.1907009e-02
  5.7753360e-01
 -1.6658773e-01
  1.0580821e-01
  1.1733350e-01
  1.1325435e-01
  2.0265408e-01
  9.9745023e-01
  1.3672294e-01
 -4.5264092e-01
 -1.8019763e-01
 -3.7843463e-01
  3.3327776e-01
  9.8060244e-01
 -1.0933166e-02
  9.1418010e-01
 -6.6095740e-03
 -1.6380264e-01
 -1.5030353e-01
  2.0889767e-01
  1.8056002e-01
  3.6426082e-02
  2.9312587e-01
 -5.2217416e-02
  2.2208816e-01
  1.4648440e-01
 -2.9629597e-01
 -7.1195610e-02
  6.9668308e-02
 -8.4037416e-02
 -1.9013172e-01
 -8.5803792e-02
 -2.8262751e-03
 -2.1708471e-01
 -8.0575168e-01
 -1.6452001e+00
 -5.5153489e-01
  5.1470190e-01
 -1.5275368e-01
 -3.3526775e-01
  3.2193667e-01
 -7.1085984e-01
 -1.3515601e-01
 -1.0695215e-01
  6.9942141e-01
  5.0740385e-01
 -7.2951007e-01
 -1.6903073e+00
 -5.9851867e-01
  2.4342598e-01
  4.3344027e-01
  2.5905234e-01
 -4.2162690e-01
 -1.1728593e+00
  7.6220965e-01
  4.4437662e-01
  5.4469757e-02
 -2.0445824e-01
 -8.1209856e-01
  3.3469555e-01
 -2.0002559e-01
  1.1284065e-01
 -8.1077321e-03
 -1.4191450e-01
 -4.9188620e-01
  3.3574444e-01
 -1.7612910e-01
  1.0297028e+00
  1.3980031e-01
  5.8857143e-01
  4.1347873e-01
 -3.1904721e-01
  1.5572278e-01
  1.2774746e+00
 -2.0946969e-01
  1.1922710e+00
  1.5729755e-01
 -8.1871623e-01
  3.1978313e-02
 -1.0721464e-01
 -1.7660733e-01
 -1.2669972e-01
  7.3475507e-04
 -1.8604824e-02
 -4.1715577e-01
 -3.1827357e-01
  1.4299557e-01
 -1.4134076e-03
 -4.5553425e-01
 -2.0246790e-01
  7.2497599e-02
  2.4659893e-01
 -1.1453507e-01
  1.3170655e-01
  5.6763679e-02
  8.8434376e-02
 -1.2627955e-01
  2.9912794e-02
  9.8829798e-02
 -1.2329298e-01
 -2.5039431e-01
 -1.5902838e-01
  8.7350622e-02
 -1.7001261e-01
  3.9363261e-02
 -1.9052315e-03
  4.8683219e-02
  3.9096583e-02
 -1.9296046e-01
 -8.9529350e-02
 -8.8939577e-02
 -1.3044587e-01
  2.3641114e-01
 -1.6712719e-01
  2.2444326e-01
 -4.6586487e-03
 -6.1130885e-02
  1.2637779e-01
 -1.2975122e-01
  1.0384367e-01
  1.6826611e-02
  3.7711561e-02
 -2.0679896e-01
 -1.1920671e-01
  1.5543413e-01
 -5.5586766e-02
 -2.3734950e-01
  9.1073084e-01
 -1.1630327e+00
  1.0727380e-02
  1.4366144e-01
  1.6732624e-04
 -7.1520880e-02
  5.7036530e-02
 -1.7661959e-01
  2.7625245e-01
 -3.1184962e-02
 -4.4630002e-02
  2.0085398e-02
 -8.2387507e-02
  1.3054830e-01
  1.3726163e-01
 -4.7195625e-02
  1.5204298e-01
 -5.8945978e-01
 -9.5290326e-02
  1.3434029e-01
  1.3014409e-01
 -8.4290677e-01
 -1.7261480e-01
 -1.7749773e-01
  2.4117498e-01
  2.3501613e+00
  1.4164084e-01
  1.2994820e-01
 -6.7699170e-01
 -7.0627682e-02
 -1.4586645e+00
  5.4233068e-01
 -8.6801238e-02
  3.0919471e-01
 -9.7656973e-02
 -2.1066804e-01
 -6.8467891e-01
  2.4027127e-01
  9.6891028e-01
  7.1835719e-02
  9.7276473e-01
 -2.2670323e-01
  3.7389938e-02
  5.8582711e-01
 -6.9792427e-02
  9.4603136e-02
 -3.3118553e-02
  1.7585020e-01
  2.7971712e-01
 -6.2154651e-02
  3.0419400e-01
  4.4406101e-01
 -5.1497653e-02
 -5.0014251e-01
 -3.4233457e-01
 -1.5149143e-02
 -4.7169622e-02
 -3.5083514e-01
  5.3080863e-01
 -2.5274974e-01
  9.5411696e-02
  1.2401474e+00
  1.0141502e-01
 -1.2580605e-01
 -3.4465814e-01
  1.2900982e-02
  9.0039730e-02
 -1.6721456e-01
  1.8729612e-01
 -5.1866785e-02
  1.5066798e-02
  6.0872406e-02
  1.2042231e-01
 -1.6751952e-01
 -1.8356112e-01
  9.8163791e-02
 -2.1868393e-01
 -9.4209751e-03
  2.1570433e-02
 -2.8783113e-01
  7.0635222e-02
 -6.2346882e-03
  1.4435104e-01
  1.7448606e-01
  4.0106613e-02
 -1.0487023e-01
  2.3491949e-01
 -2.7245340e-01
  7.7092767e-01
  3.9210764e-01
 -7.7607536e-01
  3.0125725e-01
 -3.4321415e-01
 -1.9450098e-02
  9.1040447e-02
 -1.1599924e-01
 -6.1419517e-01
 -9.0627544e-02
 -1.6808911e-01
 -1.8374926e-01
 -8.7425467e-03
  3.5601816e-01
 -1.3037743e-01
 -6.4160325e-02
  1.0659273e-02
 -2.4854845e-01
 -2.0259174e-02
 -1.8381226e-01
 -2.0863128e+00
 -4.2123774e-01
 -1.4356967e-02
 -1.1572733e-02
  1.4481056e-01
 -1.1830712e-02
  5.7709855e-03
 -6.3099195e-03
  9.0740643e-02
 -4.0765074e-01
 -8.6194825e-01
 -1.3393000e+00
 -9.7940975e-01
 -6.0804486e-01
 -5.3025942e-02
  3.7124833e-01
  5.9875929e-01
  4.6549466e-01
  4.4886070e-01
  3.6898428e-01
  7.6336199e-01
 -8.9053702e-01
  3.0604887e-01
 -8.4883577e-01
 -8.0221184e-02
  3.9029205e-01
 -4.2681795e-02
 -9.0182565e-02
 -4.7089404e-01
  3.6362815e-01
  2.6340809e-01
 -5.1115558e-02
 -2.4138659e-01
 -5.3478050e-01
 -1.6200933e-01
 -1.1121459e-01
 -1.2437073e-01
  3.4929796e-03
 -8.6533435e-02
  2.2928491e-02
 -2.8808293e-01
  5.0489720e-02
 -3.4705085e-01
  3.4331104e-01
 -1.4151677e-01
 -8.8961326e-02
  2.6870340e-01
 -2.6890801e-02
  2.0738208e-01
 -3.4257740e-02
 -2.5360201e-02
 -2.8151405e-01
  1.2847358e-01
 -3.0042863e-01
  6.1339926e-02
  1.3390897e-02
 -5.1394116e-02
  5.1663242e-02
 -9.1350310e-02
  4.5765361e-01
 -1.0535002e-01
  2.2355597e-01
 -1.6799916e-02
  7.8094147e-02
  2.8835157e-01
  1.6119574e-01
  2.3537403e-01
  6.6237976e-03
 -1.9653998e-01
 -4.4849508e-02
 -5.3532057e-02
 -1.2929912e-01
  2.4273975e-01
 -1.5869536e-01
  1.5010317e-01
 -8.1260666e-02
 -1.8024936e-01
 -2.3304327e-01
  8.6153910e-02
  1.2525284e-01
  1.7871107e-01
 -1.9214153e-01
 -1.8507227e-01
 -6.4095312e-01
 -2.3686709e-01
 -2.2733672e-01
  1.9776522e-01
 -3.7810307e-02
 -1.3893368e+00
  6.5130025e-02
 -2.2117853e-01
  7.3833758e-01
  1.9115922e-01
 -1.7783269e-01
 -3.8885172e-02
 -3.9120842e-02
 -1.9891929e-02
  1.4433454e-01
  2.0792332e-01
  3.5912499e-01
 -6.9141352e-01
 -5.5794394e-01
  1.2227570e+00
  9.4688094e-01
 -6.7564726e-01
 -3.1305999e-01
 -7.1224906e-02
 -6.4589280e-01
 -1.3012856e-01
 -5.3445065e-01
 -9.8497200e-01
 -2.4105634e-01
  3.2064360e-02
  1.7633131e-01
 -5.3875737e-02
 -8.0722696e-01
 -7.3145074e-01
 -3.0752531e-01
 -4.8655498e-01
 -1.1335285e-01
 -5.9150898e-01
 -1.4743111e-01
 -1.7684904e-01
 -7.5687498e-01
 -8.3132786e-01
  3.9818919e-01
  7.6804245e-01
 -1.1080234e-01
  4.6211533e-02
  6.2764529e-03
 -6.5216593e-02
 -1.8709710e-04
 -1.1982858e-01
  1.4695436e+00
  1.6156165e-01
 -2.2742736e-01
 -2.5383249e-01
  6.7071147e-02
  9.0684347e-02
  1.0287957e-01
 -1.1523234e-01
 -6.6477440e-02
 -1.7309752e-01
 -5.9721898e-03
  1.9262268e-01
 -8.8760570e-02
 -6.7484081e-02
 -1.4379886e-01
 -4.5488477e-02
 -2.9765915e-02
 -8.3675301e-03
  3.3003652e-01
 -2.6536638e-01
 -7.1511316e-01
  5.3367712e-02
  7.4252471e-02
  2.8966016e-01
  1.9847985e-01
  1.2703049e-01
  7.2686248e-02
  2.4870841e-01
 -2.0188500e-01
  4.5089893e-02
 -6.2609351e-01
  1.2087007e-01
  2.6176068e-01
 -8.5355282e-02
  2.0676439e-01
  6.8436451e-02
  2.8674522e-01
 -1.1990464e-01
 -1.9869296e-02
 -1.7620760e-01
 -1.7897522e-02
 -4.6390865e-02
  2.3383632e-02
  9.5357738e-02
  2.8893618e-02
 -7.5354360e-02
 -1.1723684e-01
 -1.9255510e-01
  8.4307723e-02
 -1.0883344e-01
  6.3612796e-02
 -7.8985788e-02
  1.1227012e-01
 -1.7263820e-02
  9.0843432e-02
 -5.9048098e-02
  1.0239284e-01
 -1.9964772e-01
 -5.5738837e-01
 -5.4157782e-02
 -2.5269577e-01
  3.2409769e-02
  1.0564478e-01
  1.1275888e-02
  1.3226780e-01
 -2.5696948e-01
 -8.2690448e-02
 -1.3253643e-01
 -3.8838811e-02
 -4.3540694e-02
 -2.2620960e-01
  3.5254970e-01
 -4.7046742e-03
 -4.3328062e-02
  4.9613990e-02
 -2.2395333e-02
  2.0086470e-01
 -3.7494302e-01
  6.3646853e-02
 -8.3396053e-01
  6.3070416e-02
 -5.5037633e-02
 -6.1163258e-02
 -2.1797818e-01
 -9.1968747e-03
 -7.5609207e-02
  5.3605016e-02
  6.3448894e-01
 -3.4864448e-02
  7.3904924e-02
 -7.0354086e-01
  8.1238464e-02
 -3.3167520e-01
 -4.2572614e-02
  2.6449022e-01
  2.6915607e-01
  7.6221940e-03
  1.4727148e-01
 -1.4706394e-01
 -1.3749041e-01
  5.0670397e-03
 -1.5184902e-02
 -5.5324186e-02
  3.4437243e-02
  7.6860183e-01
  4.4729792e-02
 -5.9017256e-02
 -1.5279301e-01
  1.2427367e-02
 -1.2686093e-01
  1.9051163e-01
  2.3473451e-01
 -1.9877870e-01
 -2.0890595e-01
  3.5923836e-01
  1.9315667e-01
 -2.7927452e-01
 -3.1316069e-01
 -1.2900460e-01
 -4.3427864e-01
 -1.9194854e+00
  3.1637112e-03
 -4.6788916e-02
  2.2463986e-01
  3.1217116e-01
 -7.5443290e-02
 -1.8099509e-01
 -1.9740538e-01
 -2.4156982e-01
  1.5648136e-01
  1.0053355e-01
  1.8350659e-01
 -2.0899659e-01
  3.7453491e-02
 -1.1706574e-01
 -2.2125369e-01
  7.3226886e-03
  1.2548779e-01
  1.0193564e-02
 -3.2967653e-02
 -9.4009049e-02
 -1.8354757e-02
  2.1399120e-02
  3.9024007e-01
 -1.7329174e-01
  5.7744943e-02
 -9.0335625e-01
 -2.2195449e-01
 -3.0373174e-01
  1.3867749e-01
 -5.8981675e-01
  1.9638173e-01
  1.7298308e-01
  1.5129980e-01
  5.5227101e-02
 -2.2386007e-02
  1.1966327e-01
 -1.4834605e-01
  2.0220609e-01
  1.3675882e-01
  1.2345901e-01
 -1.5480304e-01
 -1.9109428e-01
  1.5957333e-01
  4.9364068e-02
 -1.0749969e-01
  2.1886295e-01
  8.7842487e-02
  4.7359496e-02
  7.5220741e-02
 -1.5373814e-01
 -2.4809504e-01
  2.2671733e-02
  1.0959169e-01
  2.0637263e-02
  1.5528917e-01
 -2.9477403e-01
 -7.7592512e-04
  1.5753092e-02
  4.6648145e-02
 -3.8555765e-01
  1.6737802e-01
 -2.2724937e-03
  4.5048840e-02
 -6.4675979e-02
  6.6427909e-02
 -1.6154993e-01
  9.5811665e-02
 -2.2921078e-01
  4.4812869e-02
 -1.2564942e-01
  1.8050058e-02
  2.0382068e-01
 -5.3712320e-02
 -6.2534451e-02
  1.0136858e-01
 -1.6092530e-01
 -1.8341550e-01
  1.1367062e-01
 -5.2156348e-02
  1.3881858e-01
 -1.1107465e-04
  6.3741162e-02
  7.4208036e-02
 -1.0001145e-01
  1.0804247e-01
 -9.9213123e-02
 -2.2340029e-02
  3.1061253e-01
 -3.6445845e-02
  1.5128946e-01
  6.2454488e-02
 -2.1577038e-02
  5.6702878e-02
  1.2316692e-01
 -1.6573185e-01
  4.7396254e-02
  6.8473510e-02
 -1.8422343e-01
  1.3410228e-01
 -2.0508401e-01
  2.1180670e-01
 -4.6046253e-02
  6.5445222e-02
 -1.2672353e-01
 -2.8791893e-01
  1.2592032e-02
  1.3002773e-01
 -7.1960285e-02
  2.9174061e-02
 -1.2370018e-01
 -2.0136828e-02
 -9.2725642e-02
  1.2231962e-02
 -1.4462262e-01
 -2.2726445e-01
 -1.3242243e-01
 -6.7298859e-02
  1.9340597e-01
  5.5839646e-01
  5.7334691e-01
  3.5836223e-01
  2.5127652e-01
 -2.8322157e-01
  1.8917437e-01
  9.7727776e-01
 -7.4912034e-02
  3.2303649e-01
  1.0826117e-01
  9.2373103e-02
  2.8184238e-01
  3.4854779e-01
  2.7429560e-01
 -3.0180067e-01
  1.0824358e-01
 -2.6936658e-02
  2.3207791e-01
  1.7912273e-01
 -1.7870221e-01
  1.5981539e-01
 -5.5608934e-01
  1.6758375e-01
 -1.6484377e-01
  2.4748202e-01
  1.9370678e-01
 -1.9707930e-01
  3.0512965e-01
  6.2284797e-01
 -3.9837313e-01
 -4.4083324e-01
  3.4308383e-01
  4.0695530e-01
  1.0173342e-01
 -3.3432874e-01
 -7.5239994e-02
  3.3666116e-01
 -4.6496785e-01
 -1.0853725e-01
 -2.0398562e-01
  1.9712443e-02
 -3.3813661e-01
  7.6131798e-02
 -5.3509146e-01
 -2.0971937e-01
 -2.0285849e-01
  6.6491388e-02
 -2.4349713e-01
 -4.2707786e-01
  1.4123374e-01
  2.4905516e-01
  5.8449306e-02
  1.7213430e-01
 -3.5847835e-02
 -5.4825995e-02
 -1.0203524e-02
  1.7669196e-01
 -4.4107988e-01
  1.4865306e-01
 -3.2992312e-01
  2.1417367e+00
  1.5136166e+00
  1.0442451e-01
 -2.3513594e-01
 -3.5628882e-01
  1.4614618e-01
 -9.1801310e-01
  7.6935507e-02
 -3.4213424e-01
 -6.2278934e-02
  1.6737892e-01
  4.7410387e-01
  2.0886691e-02
 -5.3583514e-02
  3.5480969e-02
 -4.3479115e-01
 -3.1241435e-01
  4.3323148e-02
 -3.4645703e-01
  2.8039427e-02
 -2.8310275e-01
  1.8820144e-01
 -2.1196688e-02
  1.9821328e-01
 -2.1076633e-01
 -1.5359201e-01
 -2.7553275e-01
  2.3498876e-01
 -8.2350343e-02
  1.2644339e-01
  7.2800301e-02
 -5.1064187e-01
  4.2879622e-02
 -2.8247697e-02
 -1.0756630e-01
 -2.8629759e-01
 -9.4630662e-03
 -4.6644386e-02
  1.6122544e-01
  1.4820293e-01
 -2.9693699e-02
 -5.4004885e-02
 -7.6504029e-02
 -1.8117298e-01
  1.0411066e-01
  9.9373907e-02
  5.6094430e-02
 -1.4195871e-01
 -4.2525798e-01
  1.2904102e-01
  6.7700610e-02
  7.6053277e-02
  2.1546049e-01
  4.6686314e-02
 -5.0142286e-03
  7.0861027e-02
 -1.5851730e-01
 -7.6741564e-01
  1.1981791e+00
 -1.0811703e+00
 -7.2876230e-02
  2.5787383e-01
  3.6211652e-01
  4.2929223e-01
 -5.6521177e-01
  7.5242829e-01
  9.1100037e-01
  5.1521093e-01
  2.5773358e-01
 -4.7036633e-01
  8.4457025e-02
  4.4069761e-01
 -1.5412959e-01
  1.0694785e-01
 -6.5332860e-02
 -2.9158103e-01
 -4.2671344e-01
  1.1127780e-01
  1.0056195e-01
 -3.9990593e-02
  4.1192755e-01
 -9.4223088e-01
 -1.7834316e-01
 -4.5226235e-02
  1.6213782e-01
 -1.0733438e-01
 -2.6483697e-01
 -2.1967469e-01
 -2.5928937e-02
 -7.4089468e-01
 -3.5791388e-01
  2.9917946e-01
  1.3425015e-01
  5.2355415e-01
  3.4211848e-02
 -2.0612226e+00
  5.9592390e-01
  5.9004944e-02
  1.3960081e-01
 -2.6567939e-01
  3.7639521e-02
 -4.2273569e-01
  2.6142630e-01
  2.4180558e-01
 -8.3039768e-02
  3.7493911e-02
  1.2797071e-02
  2.2253630e-01
  1.4024995e-01
 -4.4143181e-02
  1.0079048e-01
 -4.6709526e-01
 -8.4622309e-02
  7.5046748e-02
 -2.0999510e-02
 -6.7233015e-04
 -9.8605305e-02
 -1.6291200e+00
  7.1980435e-01
 -1.1550500e+00
 -1.2327898e-01
 -6.2249315e-01
 -1.4762909e+00
 -2.5569054e-01
  2.3111973e+00
 -2.8022486e-01
 -3.0435454e-02
 -6.3278145e-01
  5.1373106e-01
  1.6739760e-01
 -6.5998119e-01
 -8.0031317e-01
 -2.0285729e-01
 -1.4606380e-01
  1.2867479e-01
 -3.6414540e-01
  6.8866891e-01
 -3.9964712e-01
  1.8936915e-02
  1.1376711e-01
 -2.0464173e-02
 -2.6608175e-01
  3.8644955e-02
 -2.1371500e-01
 -2.2404611e-01
  7.8998148e-02
  1.0019171e-01
 -1.4250728e+00
 -1.3694150e+00
  7.2838239e-02
 -1.1188308e+00
  5.2495372e-01
  1.4936042e+00
 -3.2859623e-01
 -8.3158219e-01
  5.4241467e-01
 -9.4155657e-01
  1.0118005e-01
 -6.7433476e-02
 -3.8913293e-03
 -3.7101647e-01
  1.4023612e-01
  1.3069589e-01
  4.7149530e-01
  5.1214013e-02
 -1.5122838e-01
 -4.5743233e-01
  2.8502339e-01
  2.7034578e-01
 -5.5478808e-02
  3.2476035e-01
 -2.6573727e-01
  1.2968238e-01
 -1.6095668e-01
  1.9891952e-01
  3.9829248e-01
 -2.6599738e-01
 -1.4773253e-01
 -3.1721568e-01
  9.4621116e-01
  1.8273632e-01
  1.2734087e+00
  4.9237245e-01
 -9.7360060e-02
 -1.3268021e-01
 -3.5741255e-01
  6.8996555e-01
 -8.8035382e-02
 -2.3423752e-01
  3.7553111e-01
 -3.8865277e-01
 -3.5736299e-01
  1.2108239e-01
 -4.9986091e-01
  2.5861509e-02
 -1.1510090e-01
  6.7337286e-01
 -1.5293981e-01
 -1.3423043e-01
 -1.1887535e-01
  8.8926718e-02
  1.0512110e+00
  2.2487073e-01
 -4.3151465e-01
  1.4142691e-01
 -1.9706032e-01
  5.7155535e-02
  1.9994093e-01
 -1.6847928e+00
 -3.8931485e-02
  1.3804038e+00
 -9.5432925e-01
  9.0019399e-01
 -3.7342817e-01
  8.2313083e-02
 -6.7614704e-01
  5.9777504e-01
 -6.1027806e-02
 -8.1500673e-01
 -4.4447371e-01
  1.5739007e-01
  1.8836750e-01
 -1.6910271e-03
 -9.4663881e-02
  5.7055703e-03
  2.1396670e-01
  2.7455044e-01
 -1.4749859e-01
  3.5637477e-01
 -2.0173010e-01
  4.3931499e-01
  5.6361869e-02
  1.0897468e-01
 -1.7979190e-01
 -7.6959796e-02
  9.7634740e-02
 -2.0198336e-01
  3.3506086e+00
  3.0900908e+00
  3.0151389e+00
  1.1869197e+00
  2.1212707e+00
 -3.6592862e-01
 -3.4304345e-01
 -1.2360474e+00
  3.7522385e-01
  1.3250510e+00
 -3.0044505e-01
 -2.5175738e-01
  2.7091831e-01
 -6.2047955e-02
  2.3678131e+00
 -8.4313974e-02
  8.2416505e-02
 -1.1464432e-02
  4.2621842e-01
  6.4737827e-01
  1.9100615e-01
  1.1725524e-01
 -1.4543881e-01
  7.7203482e-01
 -9.2155645e-03
  2.8427592e-01
  1.5815316e-01
 -3.1976111e-02
 -1.3952842e-01
  2.2316806e-02
  3.4298439e-02
 -2.4487276e-02
  6.4701036e-02
  1.8347742e-01
  1.9512562e-01
  1.7280163e-02
  3.6034486e-01
 -5.6847166e-02
 -9.3348965e-02
  1.2262312e-01
 -1.2633470e-01
 -2.3999233e-02
 -1.0990781e-01
 -5.7330612e-02
  5.1239882e-02
  7.6369680e-02
 -5.3600319e-02
 -9.0399990e-03
 -1.1997306e-01
  3.7444238e-02
 -1.8421465e-01
 -1.8598449e-01
 -8.6942770e-02
  2.8453877e-02
 -2.7216232e-01
 -1.2915693e-01
  1.9474287e-01
 -2.7045360e-01
 -1.3969550e-01
  1.5439957e-01
 -1.7319663e-01
  2.8907768e-02
  3.8265958e-01
  2.3317955e-02
  6.3070011e-01
 -3.1599054e-01
 -3.4553182e-01
  2.9821670e-02
  1.9712247e-01
 -4.1500890e-01
  1.9672017e-01
  7.3265088e-01
 -2.7965145e-02
 -4.1461155e-02
  1.0518599e-01
  2.9925489e-01
  5.0578408e-02
  1.7587002e-01
  1.9657469e-01
 -1.2344749e-01
  1.2370887e-01
 -1.0440046e-02
  6.7600913e-02
  4.1740131e-01
 -4.8967516e-01
  1.6466655e-01
 -5.3927833e-03
  2.3283289e-01
 -1.5644109e-01
  1.3664741e-02
  3.1177685e-02
  1.2097152e-01
  3.7546265e-01
  5.0709349e-01
  3.0884068e+00
 -2.4879576e-01
 -8.3614603e-02
 -3.7296960e-01
 -1.1246616e-01
  4.0443975e-01
  3.0677167e-01
  4.9392167e-02
  7.9689726e-02
 -2.9194489e-01
 -9.2631653e-02
 -1.3255854e-01
 -1.0776684e-01
 -6.0151760e-02
 -4.9072094e-02
  3.2059211e-01
 -6.7170881e-02
  1.2697536e-01
  6.3454419e-02
  2.0364107e-01
  3.3566913e-01
 -8.9147255e-02
  2.4494122e-01
  3.7689942e-01
  1.3121952e-01
  2.3857741e-02
 -3.7349906e-02
 -1.1062726e-01
  3.7977736e-02
 -1.1341628e-01
 -1.1729694e-01
  1.2268227e-01
 -2.5782347e-01
 -1.0309404e-01
  2.0182522e-01
  9.6597314e-02
 -2.3770040e-01
 -2.1411699e-01
 -7.3396429e-02
 -6.2179904e-02
 -6.2337361e-02
  5.9996884e-02
 -6.5298848e-02
  2.6134800e-02
  1.3101351e-02
 -8.2501024e-03
 -9.3506314e-02
  2.0000142e-01
  3.3087630e-02
  2.3436551e-01
 -2.6768791e-03
 -1.4045438e-01
  4.2483434e-02
  5.4438684e-02
  9.7964806e-03
  8.1229836e-02
  6.5867013e-01
  1.2155025e+00
  7.5400010e-02
 -2.0931416e+00
 -1.5190241e+00
  1.9309835e-01
 -1.1801314e-02
  2.5575709e-01
 -1.1154891e-01
 -1.3153387e+00
 -9.3131334e-02
  2.6548639e-01
 -3.8431531e-01
  2.2744691e-02
 -1.3249063e-01
  2.4131505e-01
  2.2399400e-01
  6.3177958e-02
 -1.2573752e-01
 -9.0410125e-01
  4.9372330e-01
 -5.6201730e-02
 -5.2530594e-02
 -3.8262740e-01
 -7.3479527e-01
  6.4725436e-02
 -1.0908172e-01
  1.7978306e-01
 -1.2867612e-01
  5.5914931e-03
  1.9595315e-01
  1.4943896e-01
  3.3191986e-02
  1.4124506e-02
  1.4537276e-01
  4.0243555e-02
  2.8781459e+00
  3.2889925e-02
  1.3258068e-01
  1.1757242e-02
  8.6088158e-02
 -1.3240469e-02
 -4.0786240e-01
 -1.5965009e-02
 -9.4599374e-02
  1.5153106e-01
  1.0046898e-01
  3.1320596e-01
  4.0050764e-02
  3.7440516e-02
 -7.1149379e-02
 -6.9876957e-01
  1.3186197e-01
 -1.0954798e-01
  4.0481046e-02
  8.9386359e-02
 -2.6550105e-01
  1.1930835e-01
  3.5621250e-01
 -4.7481698e-03
 -1.1971124e-01
 -2.0682801e-01
 -6.7873582e-02
 -7.6048069e-02
  7.0297421e-05
  1.8144764e-01
 -2.5781238e-01
 -1.2472335e-02
 -2.2288607e-01
 -4.0937141e-02
  1.7921206e-01
  1.0260832e-01
  6.9691651e-02
  2.2788763e-01
 -1.2588865e-01
  9.0516336e-02
  1.3814543e-01
  7.0021510e-02
 -4.0405311e-02
  8.4305115e-02
  6.6635273e-03
  2.0448977e-01
  7.3322594e-02
  1.9588809e-01
 -6.8462610e-02
  2.8154036e-01
 -6.9952190e-02
  1.9426613e-01
 -1.8169244e-01
 -2.6390016e-01
 -1.6877857e-01
 -1.6414800e-01
  1.8203084e+00
  1.5004401e-01
  3.0762359e-01
 -8.4288120e-02
  6.3438706e-02
 -1.5683790e-01
 -1.7039077e-01
  3.2835180e-01
 -2.6264500e-02
  1.6886392e-01
  1.1655384e-01
  1.7762762e-01
  3.1768620e-02
 -8.9647777e-02
  6.5501794e-02
  2.3979947e-01
  2.5297999e-01
 -2.9215026e-01
  8.5678406e-02
 -1.6288706e-03
 -6.4076737e-02
 -9.2960022e-02
 -3.1752747e-01
  7.2780922e-02
  1.6615458e-01
 -1.5349297e-01
  1.0045741e-01
  4.3309245e-02
 -1.2911808e-01
  1.4431527e-01
  4.6012189e-02
 -2.0963486e-01
 -5.0927383e-01
 -5.3846911e-02
 -2.5382005e-02
 -9.6166357e-02
  4.5295050e-03
 -2.5849980e-01
 -1.6597357e-01
 -9.2237599e-02
 -8.2278156e-01
  1.3016726e-01
  2.8481061e-02
  8.4215701e-03
 -1.3421618e-02
 -6.8696253e-02
 -3.1702954e-02
 -1.5895221e-02
 -6.2736005e-02
  9.4212577e-02
 -4.4859406e-02
  2.9037315e-01
 -5.4511648e-01
 -1.9813864e-02
 -8.7779850e-02
 -1.0318019e-01
 -3.8731221e-02
  2.6345626e-01
 -9.8879926e-02
  3.4516037e-01
 -6.6843796e-01
 -1.2428807e+00
 -1.7931179e+00
 -4.8992649e-01
  1.8365794e-01
  3.4939742e-01
  1.1980543e-02
  3.1444192e-01
 -2.4396741e-01
 -1.8452355e-01
 -2.9058653e-01
 -1.0515431e-02
 -6.3364103e-02
 -4.1098926e-02
 -2.4650609e-01
 -1.4642397e-01
  1.1990607e-01
 -2.5917938e-01
  6.1035149e-02
 -3.5681797e-03
  1.3168429e-03
 -8.7209456e-02
 -1.3664776e-01
 -1.4631495e-01
  6.7939460e-02
  1.0072207e-01
  9.1446772e-02
  7.7725269e-02
 -2.1172028e-02
 -2.4976316e-01
 -8.1951402e-02
  2.6530793e-01
 -3.4051038e-02
  1.1848437e-01
 -2.5594929e-01
  7.4665233e-02
 -3.1364933e-02
 -3.3285332e-01
 -1.3896601e-02
 -1.8074486e-01
  3.2240766e-01
 -1.6156666e-01
 -8.7715402e-02
 -2.9536146e-01
  9.4921552e-02
  2.8231828e-02
  1.7584349e-01
 -5.8319103e-02
 -8.7496303e-02
  4.3726817e-01
 -1.2388640e-02
 -1.2529965e-02
 -1.5109774e-01
 -9.9007195e-01
 -6.2947825e-02
  1.1060326e-01
 -3.6717793e-01
  1.7322727e-01
  4.3465781e-01
 -5.3656715e-01
 -4.7803545e-01
 -5.5577263e-02
 -5.5515349e-01
 -1.6657396e-01
 -1.2304774e-01
  5.8718771e-02
 -2.1615791e-01
  1.3069879e-01
 -7.9796486e-02
 -9.4179876e-02
 -3.0516168e-01
 -3.7181616e-02
  2.0071131e-01
 -9.5094807e-02
  2.3864792e-01
 -1.1787148e-01
  9.1512360e-02
 -3.9702067e-03
  1.9657886e-01
 -9.6810654e-02
 -1.2462439e-01
 -5.5434417e-02
 -9.6689928e-01
  9.4155721e-02
  9.2999831e-02
  1.8965474e-01
  2.1573724e-01
 -8.7952606e-02
 -2.3040034e-01
  3.4962069e-02
 -1.5557836e-01
 -2.0913412e-01
  3.5564238e-01
 -7.8470975e-02
 -7.0268787e-02
 -2.6070043e-01
  2.7516407e-01
  2.5432790e-02
  5.0428841e-02
  6.9550979e-01
 -1.9067258e-02
  1.9006802e-01
  2.4522161e-01
  1.9536561e-01
  1.3173470e-01
  4.3018907e-01
  9.1646895e-02
  9.4905324e-02
 -1.3835216e-01
  3.0992991e-01
 -3.8252160e-01
 -6.6011570e-02
 -5.3286273e-02
  1.1409814e-01
  3.1079708e-03
  1.2814753e-01
 -2.7611816e-02
  2.5276167e-02
  5.8201913e-02
  9.7043201e-02
 -1.0997491e-01
  1.3405120e-01
 -9.8324895e-01
  1.0311205e-01
 -9.0207100e-02
  1.2511387e-02
  1.1473008e-01
  3.0439898e-02
  2.0866168e-01
 -1.4395003e-01
  4.4687560e-01
 -3.4370425e-01
  4.4948045e-02
 -7.6759227e-02
  2.9224357e-02
 -8.8035934e-02
 -2.7761756e-02
 -2.4970316e-03
 -1.1997100e-03
  6.8451174e-02
  3.5057187e-02
 -8.4908389e-02
 -1.1703786e-01
 -5.3591534e-02
 -2.3853036e-03
 -2.4520510e-01
  7.6899670e-02
  1.0905741e-01
  4.2617244e-01
  1.6457839e-01
 -3.2567061e-02
  7.7179581e-01
 -1.0529370e+00
 -2.1866073e-01
  8.2129389e-02
  5.0709426e-04
  1.5744361e-01
 -3.0253276e-01
 -2.4960916e-01
  4.3830074e-02
 -3.1760660e-01
  2.1745032e-02
  1.1272505e-01
 -2.8861159e-01
  2.8554571e-01
 -3.3413883e-02
  6.7562088e-02
 -3.4126744e-01
  1.8909790e-01
  6.3572749e-02
 -1.5617625e-03
  1.5657374e-01
 -4.9829088e-02
  2.0406703e-02
  2.8204826e-01
  3.7171111e-02
 -6.2250132e-03
  3.3841932e-01
  2.5195295e-02
  8.2536474e-02
 -7.4767731e-02
 -1.3755420e-01
 -2.1421075e-01
  1.1792525e-01
 -1.9024940e-01
  1.2265337e-01
  1.9159693e-01
  1.1736257e-01
  5.1157348e-02
  1.0375950e-01
  6.0807634e-02
  1.5075208e-01
 -1.0242943e-01
  9.1747098e-02
 -1.0295426e-01
 -2.4264006e-01
  3.1530086e-02
  9.3667589e-02
 -2.2254062e-01
 -8.4354386e-02
  1.1043783e-02
 -1.0847259e-01
  1.0916390e-01
  1.7117761e-02
  1.5876186e-01
 -1.2004186e-01
  1.0548012e-01
  5.9443992e-02
  5.9717941e-01
 -9.4535172e-02
 -1.5193192e+00
 -1.5376054e+00
 -5.9604925e-01
 -4.3942437e-01
 -3.6002349e-03
  3.4220505e-01
  3.5119101e-01
 -1.2010295e+00
  8.2456931e-02
  8.5964993e-02
 -6.8914413e-02
  1.1518802e-01
 -4.2715606e-01
 -1.1028363e+00
  1.5182298e-01
  1.9639261e-02
  2.7222633e-02
 -1.7212266e-01
  9.8735951e-02
  1.1358748e-01
 -2.2464816e-01
  8.9629004e-03
  2.1350329e-01
  3.5577464e-01
 -1.0642085e-01
 -4.5140952e-02
  1.5326168e-01
 -2.2061464e-01
 -2.4805550e-01
  2.2829302e-01
 -2.8037328e-01
 -2.8185805e-02
  3.2430574e-01
 -6.2874012e-02
  8.8470630e-02
 -2.2135182e-01
 -1.9710086e-01
  1.6399328e-01
  3.2086980e-01
  1.9252832e-01
  4.1155793e-02
 -6.9296835e-03
 -5.0388284e-02
 -1.0174501e-01
  9.7920641e-02
 -7.8279205e-02
  4.3130215e-02
 -1.9640081e-01
  2.1397693e-01
 -5.0265408e-01
  4.5897223e-02
 -1.4896910e-01
 -3.6376184e-01
 -1.6749547e-01
  3.0775305e-02
  1.8852596e-01
 -3.4748223e-01
  3.2467330e-01
 -4.8582703e-02
 -2.1571282e-01
  2.4613759e-01
 -1.7943820e-01
  3.3877051e-01
 -2.2038776e-01
  1.5721647e-01
  8.7101124e-02
 -1.4149718e-01
 -1.2394437e-01
  5.3140949e-02
  6.2914699e-01
  1.7567791e-01
  6.1337170e-03
 -1.2800190e-01
  1.5171333e-01
 -3.6491796e-02
  6.4431414e-02
  7.0773430e-02
 -5.7800051e-02
 -1.9290665e-01
  3.5724225e-03
  6.8828994e-01
 -2.5777683e-01
 -2.2158366e-01
 -3.9057828e-02
  1.2938912e-01
  8.9968830e-01
 -4.4850577e-02
 -6.4611271e-02
  2.2205743e-01
  5.6675427e-02
  1.6074929e-01
  4.5527771e-02
 -1.8627020e-02
  5.5684358e-02
  2.8796521e-01
  1.3314368e-01
 -3.1411760e-02
  3.3672842e-01
 -1.8592301e-01
  9.7246572e-02
  7.4862331e-02
 -1.8445013e-01
  2.1728124e-01
 -2.4976760e-01
 -8.5397184e-02
  2.2800215e-02
 -1.7627162e-01
  1.6289902e+00
 -1.6527423e-01
  3.3226665e-02
 -1.0861998e-02
 -4.9452029e-02
 -2.5747923e-02
  1.2701720e-01
  3.1680144e-02
 -1.7815952e-01
  9.3873873e-02
  2.8211627e-02
 -1.2011778e-01
  7.3866308e-02
  5.7453424e-02
 -3.2508826e-01
 -2.2485225e-01
 -1.2614924e-01
  2.6440907e-01
 -7.7423580e-02
  2.3170020e-01
  1.9071570e-01
 -1.8228285e-01
 -1.4666146e-01
  5.9703070e-01
 -2.6446339e-01
  2.1975943e-01
  1.1759811e-02
 -1.4330712e-01
  1.1118262e-01
  2.3076005e-01
  9.8686755e-02
  1.6450445e-01
 -8.1608050e-02
 -6.3471079e-02
  1.1633966e-01
  1.0800705e-01
  9.1227144e-02
  3.5756898e-01
  2.3260188e-01
 -2.0128708e-02
  8.9982621e-02
  5.5402941e-01
 -3.9721471e-01
 -5.8653742e-01
  1.3100760e+00
  9.8042268e-01
 -6.3916939e-01
 -1.7311954e-01
  2.3814900e-02
  1.0892908e-01
 -1.5429324e-01
 -1.3086671e-01
  2.4382092e-01
  2.9794632e-02
 -1.2602323e-01
 -1.0679770e-01
  1.9369082e-01
 -3.0788726e-01
 -1.6796087e-01
  1.0847149e-01
  9.7951926e-02
 -1.2346038e-02
  5.5010293e-02
 -2.6291859e-01
 -5.8643136e-02
  1.2788002e-02
 -4.1064080e-02
  2.0429370e-01
  4.5848500e-02
 -6.8868496e-02
 -1.6718335e-01
  1.4594555e+00
  8.5670330e-02
 -6.3550830e-02
 -1.6616977e+00
  1.9555438e+00
  2.4757838e+00
 -7.7154464e-01
  1.5202550e+00
  7.4496931e-01
  4.7006375e-01
 -5.7786995e-01
 -2.3667867e-01
  1.5293391e+00
  3.3384803e-01
 -1.2861736e+00
  1.6265574e+00
 -3.3936521e-01
 -2.4509208e-01
  1.2978014e+00
  6.4026779e-01
  4.3117487e-01
  1.4646925e+00
 -8.0218273e-01
  1.0771559e+00
 -4.9726549e-01
 -6.8934882e-01
 -3.6098552e-01
  1.9915731e-01
  1.4630264e+00
  4.0002149e-01
  1.8995433e-01
  3.5533658e-01
 -1.0305532e-01
 -1.3982804e+00
 -1.0826162e-02
  7.7254206e-01
  1.1482791e+00
  1.2025165e-01
 -1.9721804e+00
  1.0299840e-02
 -2.1133961e-01
 -1.1311352e-01
 -4.8164317e-01
 -2.1791212e-01
 -6.5730929e-01
  1.5083446e-01
 -3.8011980e-03
  1.5968140e+00
 -1.1995125e+00
 -1.0576180e+00
 -1.0578448e+00
  1.1292127e+00
  6.6127962e-01
  1.9854140e+00
 -1.0306463e+00
  3.8533625e-01
  1.1228102e-01
  4.1450500e-01
  5.2048594e-01
 -1.9911746e+00
 -1.2009807e+00
 -1.3059378e-02
 -1.6128126e+00
 -3.3792770e-01
 -3.0853078e-02
 -2.2811694e-01
 -1.9961712e-01
  2.7931459e+00
  6.9050558e-02
 -1.3535030e+00
  3.6364293e-01
 -6.5112835e-01
  8.2986161e-02
 -2.1091700e-01
 -1.5272490e+00
 -2.9229078e-01
 -1.9472482e-02
 -4.7162789e-01
 -1.2935249e+00
  1.3671050e+00
  2.2335422e+00
 -2.6837593e-02
 -1.5234387e-01
  1.3601580e+00
  2.4038468e-01
 -1.2575313e-01
  4.1362992e-01
 -1.1606359e-01
  1.3871919e+00
  9.3759984e-01
  6.1626565e-01
 -1.2843328e+00
  7.2711080e-01
 -7.5702578e-02
 -2.6690015e-01
  3.2112053e-01
  6.0910398e-01
  6.0861897e-01
 -8.2788390e-01
 -1.4521109e+00
 -1.9597402e-01
  7.0877004e-01
 -8.7529385e-01
  6.5685403e-01
  1.1135744e+00
  4.2865881e-01
  1.4033464e-01
  2.3361878e-01
  1.8883699e+00
 -2.9457700e-01
  2.1513896e-02
 -2.9399320e-01
  1.3206720e+00
 -1.0130827e-01
 -4.6164450e-01
  9.4271547e-01
  1.5981580e+00
 -2.4824128e-02
 -1.3110169e+00
 -2.9440266e-01
 -1.1554276e-01
  1.1137675e-01
 -3.8398576e-01
  3.4440050e-01
 -9.1008671e-02
 -7.1900174e-02
  1.0338568e-01
  1.0286188e+00
 -4.1555420e-01
 -3.8051775e-01
 -8.1345218e-01
  9.8237002e-01
  8.0779678e-01
 -1.5773169e+00
  5.5109960e-01
 -1.1812195e+00
  1.4984765e+00
  4.9022099e-01
 -3.2792158e-02
  7.4493104e-01
 -2.8682491e-01
 -3.7683554e-02
  1.3792509e+00
  8.8715263e-02
  1.9549349e-02
  5.5195503e-02
  1.1851092e-01
 -9.9552512e-01
 -1.4349768e-01
  1.1024482e+00
  1.9072373e-01
 -7.0917755e-01
  4.9676123e-01
 -6.4521842e-02
  4.0435094e-01
  1.1101136e-01
 -8.1586018e-02
 -2.5357598e-01
 -4.8670664e-01
 -1.0648785e+00
 -4.8341906e-01
 -1.9280423e-01
  1.6846486e+00
  4.0465879e-01
 -4.9413085e-01
  1.8855038e-01
 -3.8264352e-01
  6.7241395e-01
  1.3867266e-01
  3.4958398e+00
 -7.4477917e-01
 -2.3614106e+00
 -1.5026755e+00
 -3.9067428e+00
 -1.6487668e+00
 -4.9265477e-01
  1.2054743e-01
  1.0897672e+00
 -2.0297362e-01
  8.6864626e-01
 -1.1236447e+00
 -7.1622235e-01
  7.4999362e-01
 -5.1131350e-01
  6.0924566e-01
  7.5857425e-01
  7.4514914e-01
 -5.4232688e-03
  5.8078778e-01
  7.6131284e-02
 -1.0211679e+00
  1.0579172e+00
  2.0397399e-01
  1.2247372e+00
 -5.3423733e-01
  1.2927822e+00
 -2.7393634e+00
  3.3329383e-01
  7.2341526e-01
  7.6272070e-01
 -1.9843249e+00
 -1.0372597e+00
  1.7216616e+00
 -1.6515744e-01
  7.5679857e-01
 -2.4897540e+00
  1.0877709e+00
  6.6206485e-01
 -6.5198457e-01
 -3.2339829e-01
 -1.1178380e+00
 -6.6441675e-03
 -3.5292563e-01
 -8.7000318e-02
  2.7121082e-01
 -6.3189602e-01
 -7.3680347e-01
  7.1019572e-01
 -3.5827878e-01
  2.9939570e+00
 -1.6638172e+00
 -2.0913813e+00
 -1.4711614e+00
 -1.8191791e+00
  1.6826189e+00
 -2.3224351e+00
  1.8416360e-01
 -1.8788952e+00
 -1.1189120e+00
 -1.3487201e+00
 -2.0704189e-01
  6.5331206e-02
 -1.5252575e+00
  8.6559647e-01
  1.1889805e+00
  5.3087199e-01
  6.0409343e-01
  9.7107691e-01
 -9.6847451e-01
 -1.3331912e+00
  1.7019591e+00
  3.8082206e-01
 -7.1616805e-01
  9.5324211e-02
 -4.1611522e-01
  9.0353817e-01
  1.2882796e-01
  1.4133260e-01
 -9.7185105e-01
  6.3647944e-01
  6.3833863e-01
 -1.1963385e+00
 -1.6233468e+00
 -1.2270639e+00
  1.7338904e-02
  3.1598110e+00
  7.1847761e-01
 -4.4212627e-01
  2.0026631e+00
 -3.0577236e-01
 -2.2502351e+00
  2.2007737e+00
  1.7542079e-01
  1.2484956e+00
  3.7905633e-01
  6.1501622e-01
 -3.1418719e+00
  1.7525897e+00
 -1.0381943e+00
 -2.7736094e+00
  7.4131292e-01
 -5.9576315e-01
  1.1539427e+00
  4.8807174e-01
  5.1486427e-01
 -4.6815109e-01
  2.7900920e+00
  1.7264640e+00
  1.3397648e+00
  1.5695183e+00
  1.0362754e+00
  6.7912948e-01
  3.0169129e+00
  1.6898171e+00
  2.8953671e-01
 -3.5842207e-01
 -6.5767539e-01
 -1.7504203e-01
 -4.5207968e-01
 -9.2637809e-03
  3.1816232e-01
 -5.0168145e-01
 -8.6715239e-01
  3.1459698e-01
 -1.2997826e+00
 -1.7807372e+00
  1.4863371e+00
  6.3157952e-01
  1.0376506e+00
  3.2216203e-01
 -1.1547600e-02
  2.2893548e-01
 -3.9076144e-01
  2.4413867e+00
  1.4677725e+00
  2.6544518e+00
  7.3396307e-01
  3.0335346e-01
  8.8260645e-01
 -6.5274245e-01
 -1.0116073e-02
 -1.7756128e+00
 -3.4720695e-01
 -6.8423891e-01
 -1.6896433e+00
  1.8219075e+00
 -1.4939580e+00
  7.9823649e-01
 -3.3193061e+00
  4.1953950e+00
  9.0650821e-01
 -2.1685824e+00
  1.0918068e+00
 -3.4874457e-01
 -9.2354548e-01
 -2.5431559e+00
 -4.8236769e-01
  3.9389262e-01
 -3.0430779e+00
 -1.6817704e+00
  9.3387043e-01
  5.4892683e-01
 -2.3532693e+00
 -3.5711825e-01
 -9.3116707e-01
  1.4143096e+00
 -2.4995010e-01
 -1.3839570e-01
 -1.9589703e-01
 -1.1167415e+00
  1.3818799e+00
 -3.5389036e-01
 -7.5610906e-01
  3.6358128e+00
  1.1108091e-01
 -8.3872032e-01
  3.7655076e-01
  7.2953731e-01
 -2.0549507e+00
 -3.8533628e-01
 -7.5267506e-01
 -2.3683696e+00
 -1.6023796e+00
 -3.8553432e-01
 -9.4109178e-01
 -5.8714229e-01
 -2.5459328e-01
  9.6293098e-01
 -1.6281831e+00
 -1.1328798e-01
  8.2447352e-03
  1.2638298e+00
 -2.4696438e+00
 -3.0721338e+00
 -5.7357985e-01
  8.3713126e-01
  1.0573204e-01
 -6.0852438e-01
  8.6848222e-02
 -6.2473748e-02
 -1.4163059e+00
  7.7941465e-01
 -6.5459889e-01
 -4.3149823e-01
  2.7446336e-01
  1.0205543e+00
 -9.1260701e-01
  2.8012291e-01
 -1.1030151e+00
  3.2878676e-01
  3.5400295e-01
 -2.5897527e-01
 -3.9809000e-01
 -1.2609053e+00
  1.1360370e+00
  1.5882862e+00
 -4.4766125e-01
 -1.1404638e+00
 -1.1350562e-01
  1.0805689e+00
  1.3593816e+00
 -9.0580857e-01
 -4.6041784e-01
  4.4502449e-01
 -1.0890467e-01
 -9.7447288e-01
  4.1667312e-02
  4.8584065e-01
  2.2206549e-01
  1.9927496e-01
 -1.4208151e+00
  1.0278847e+00
 -7.2223324e-01
  2.7829570e-01
 -1.7974476e+00
  5.8302379e-01
  3.4002891e-01
  1.6898893e+00
 -1.2195743e+00
  3.3955663e-01
  2.0603929e-01
 -6.8447739e-01
 -7.9487306e-01
  1.6400081e-01
 -1.3645487e-01
  7.0208615e-01
 -2.2629361e+00
 -1.6093953e-02
 -6.3756156e-01
  5.2179521e-01
 -1.8207313e+00
 -1.7673703e-01
 -2.8087842e-01
  7.2429419e-01
 -1.1156783e+00
 -1.0036104e+00
 -6.1393745e-02
  8.6293805e-01
  1.0335759e-01
  2.9836771e-01
  5.5035692e-01
  7.4366564e-01
 -1.8231831e-01
  1.2300583e-02
 -2.1533561e+00
 -1.4801564e+00
 -1.0885769e+00
  1.0504863e+00
 -5.5550945e-01
 -1.2551229e+00
 -4.5992762e-01
 -7.9903722e-01
  3.2958892e-01
  1.8501624e+00
  2.3657420e-01
  4.4729318e-03
 -7.9640520e-01
 -7.0317858e-01
 -1.7143703e+00
  7.9831213e-01
  9.0323931e-01
  7.6754868e-01
 -1.7317890e+00
 -2.7692470e-01
 -5.9481961e-01
  2.0086031e+00
  1.1637216e+00
 -2.8892574e-01
 -6.3294470e-01
  9.2042333e-01
  5.0281453e-01
 -3.4006231e-02
  3.6607388e-01
 -6.0724461e-01
 -6.1719024e-01
  2.7449343e-01
  4.5522505e-01
 -5.7659590e-01
 -5.2642703e-02
 -6.1940813e-01
  1.0365114e+00
  1.1003228e+00
  6.9687903e-02
 -1.8143678e-01
 -7.9340231e-01
 -8.5353541e-01
 -1.1212823e-01
 -3.7294331e-01
  2.1800780e+00
  9.6679950e-01
 -1.5704718e-03
 -2.1855240e+00
  2.1703754e-01
  1.3681409e+00
  1.7013184e+00
 -5.5323315e-01
  1.7675361e-01
  1.1563613e+00
 -1.2435218e+00
  9.7946948e-01
  1.4387408e+00
 -1.4158651e-01
  1.5150605e+00
  5.2003568e-01
 -1.0589941e+00
 -3.1844847e+00
 -7.3181438e-01
  3.6855918e-01
  4.1610754e-01
 -1.3334326e+00
 -5.0976849e-01
  4.3554419e-01
 -2.9785955e+00
 -5.8995819e-01
 -3.7512094e-01
 -3.2147378e-01
 -1.9616712e+00
  1.7828429e-01
  2.3935869e-01
 -3.5067895e-01
 -1.0161010e+00
 -2.9610038e-01
  2.7980531e-02
 -8.6840355e-01
 -1.2983147e+00
 -2.0791438e+00
 -8.4874862e-01
  7.7069050e-01
 -4.0306768e-01
  1.6871431e+00
 -4.6729490e-02
 -1.5715089e-01
 -1.7531551e+00
  1.4431448e+00
  5.7084781e-01
  6.8333972e-01
 -1.2314394e+00
  2.5499868e-01
  6.6910332e-01
  1.2919742e+00
  1.3778989e-01
  1.2679021e+00
  1.6070011e+00
 -8.0157810e-01
  7.4153811e-01
 -1.4350094e+00
 -1.8861358e+00
  1.0105934e+00
 -1.0074712e+00
  1.8731586e+00
  1.2073236e+00
  1.0090768e+00
 -2.7576301e-01
  1.8110224e+00
  1.5029255e+00
 -1.3254279e-01
  1.9840795e-01
  3.7179504e-02
  6.5347850e-01
 -6.2441850e-01
  1.1629130e+00
 -1.6030487e+00
 -4.1665572e-01
  3.7209041e-02
  2.3310240e-01
 -7.4367398e-01
  3.0456313e-01
  6.9415532e-02
 -9.8559827e-02
  1.0810746e+00
 -7.4018228e-01
 -1.6126209e+00
  2.0924623e+00
  2.1769576e+00
  4.5403808e-02
  2.2638631e+00
  1.4426157e-01
  1.2871543e+00
 -2.2207465e-02
 -9.1995841e-01
 -4.7039384e-01
  9.1391385e-02
 -1.2990260e+00
 -1.5872333e+00
  7.3109098e-02
 -1.7786660e+00
 -2.0670078e+00
 -5.1803255e-01
  8.5843012e-02
 -1.0183733e+00
  7.0279412e-02
  1.1373805e-01
 -5.1040351e-01
 -2.2404888e-01
 -8.5362357e-01
  1.8649276e-01
  6.0070264e-01
  6.0782444e-01
 -1.4246980e+00
 -6.6290063e-01
  4.2093748e-01
  5.9843779e-01
 -8.2696861e-01
 -1.2753550e+00
  1.1632744e+00
  1.7719324e-01
 -2.2978716e-01
 -5.9452760e-01
  1.0196309e+00
  6.1330337e-02
 -7.3296779e-01
  4.9701910e-02
  4.9701910e-02
  4.9701910e-02
  4.9701910e-02
  4.9701910e-02
  2.7589235e-01
  2.7589235e-01
  2.7589235e-01
  2.7589235e-01
  2.7589235e-01
  1.4450526e-01
  1.4450526e-01
  1.4450526e-01
  1.4450526e-01
  1.4450526e-01
  2.5723562e-02
  2.5723562e-02
  2.5723562e-02
  2.5723562e-02
  2.5723562e-02
  1.4367766e-02
  1.4367766e-02
  1.4367766e-02
  1.4367766e-02
  1.4367766e-02
  1.7271632e-01
  1.7271632e-01
  1.7271632e-01
  1.7271632e-01
  1.7271632e-01
